max IN degrees,avg degrees,avg clustering coeff,betweenness centrality,degree sequence,IN degree,modularity
47,72.93333333333334,0.49275818137226074,"{0: 0.006281758716096016, 1: 0.005810581058694708, 2: 0.005869977036817727, 3: 0.006348592663372578, 4: 0.00679714182481706, 5: 0.005862580872807903, 6: 0.007417973272101254, 7: 0.0071958827966142405, 8: 0.008571255107849481, 9: 0.007823309716311259, 10: 0.00471096787688721, 11: 0.0071712912590354535, 12: 0.005270254713247694, 13: 0.007402357648743837, 14: 0.010654797988290207, 15: 0.008282007706670773, 16: 0.008251220894586155, 17: 0.004965416398685674, 18: 0.0067135489286832516, 19: 0.006028708636239229, 20: 0.0068238532484951086, 21: 0.007195302193257724, 22: 0.006360153308923586, 23: 0.0072029560380009365, 24: 0.006351874889973998, 25: 0.009504479971425504, 26: 0.006022230138483871, 27: 0.007352414118365814, 28: 0.005499750900548542, 29: 0.008656543663653203, 30: 0.007732405068394755, 31: 0.007565732675698342, 32: 0.006646671389982267, 33: 0.009518669151365606, 34: 0.004882455850405638, 35: 0.007383362440109694, 36: 0.006921290730737131, 37: 0.00559453272672325, 38: 0.005307193955317424, 39: 0.006705754179405509, 40: 0.005391207342324112, 41: 0.006414469298449057, 42: 0.005673884324229742, 43: 0.007691686758075747, 44: 0.0061331994236711405, 45: 0.00839080395018043, 46: 0.006827289570990522, 47: 0.00807680324378123, 48: 0.006732564536478195, 49: 0.0053447776975575284, 50: 0.007143571723047381, 51: 0.0074359766429015935, 52: 0.006021445178142277, 53: 0.007202755820719343, 54: 0.007461919824408, 55: 0.005744024383570153, 56: 0.004949321231527951, 57: 0.007053482345368906, 58: 0.008600988617883798, 59: 0.006986668937287763, 60: 0.006222586669044874, 61: 0.009281509718421005, 62: 0.00537991539733141, 63: 0.007499152200046775, 64: 0.006941929715584318, 65: 0.007063341823769076, 66: 0.009335637606469056, 67: 0.007967512582389662, 68: 0.006902136330494272, 69: 0.00816177526829576, 70: 0.007944878362174737, 71: 0.005277934226129044, 72: 0.008492264985865593, 73: 0.007154421669745504, 74: 0.005544205913722266}","[89, 84, 83, 83, 83, 82, 81, 81, 80, 80, 80, 80, 79, 79, 78, 78, 78, 77, 77, 77, 77, 76, 76, 76, 75, 75, 75, 75, 74, 74, 74, 74, 74, 74, 74, 74, 74, 74, 73, 73, 73, 72, 72, 72, 72, 71, 71, 71, 71, 71, 70, 70, 69, 69, 69, 69, 68, 68, 68, 67, 67, 66, 66, 66, 65, 65, 65, 65, 64, 64, 64, 64, 63, 62, 61]","dict_values([27, 22, 25, 20, 23, 22, 29, 18, 25, 22, 21, 20, 24, 26, 17, 25, 19, 19, 20, 9, 11, 19, 24, 24, 20, 23, 22, 13, 28, 23, 14, 25, 16, 23, 36, 19, 21, 18, 23, 13, 26, 19, 17, 23, 11, 22, 18, 29, 27, 22, 25, 25, 24, 21, 23, 19, 19, 21, 17, 25, 19, 17, 22, 19, 11, 23, 26, 27, 23, 24, 22, 18, 26, 25, 25])",0.04771674648824066
45,72.42666666666666,0.489566302993266,"{0: 0.006644565646321075, 1: 0.005610681297862412, 2: 0.005737946310842409, 3: 0.006573661805207656, 4: 0.006917838820386133, 5: 0.005950636033525824, 6: 0.007573890888589672, 7: 0.007390767565835841, 8: 0.008852198017236636, 9: 0.007696500839662579, 10: 0.0048064986008338325, 11: 0.007310662509100494, 12: 0.005378409650795543, 13: 0.007690578154808563, 14: 0.010513384340470252, 15: 0.008477344039909386, 16: 0.008359971915685258, 17: 0.005100392368954931, 18: 0.0067476176816309045, 19: 0.005944294001719443, 20: 0.006945151358114627, 21: 0.007029680706868128, 22: 0.006540105870435272, 23: 0.007331927623150365, 24: 0.006556266037623423, 25: 0.009725766885801977, 26: 0.005828698768052042, 27: 0.007374559353406595, 28: 0.005516854290622675, 29: 0.008900600131628295, 30: 0.00778357780088326, 31: 0.007781463328237634, 32: 0.006846993429589494, 33: 0.009550123331435817, 34: 0.004769651605077196, 35: 0.007565932345735946, 36: 0.0068753478497065625, 37: 0.005354765413983627, 38: 0.005461527097733412, 39: 0.00680273008357882, 40: 0.005499425852946106, 41: 0.006443516548037981, 42: 0.005517843672121982, 43: 0.007614323413385587, 44: 0.005664612356420375, 45: 0.008065531929224658, 46: 0.006833825628725648, 47: 0.008215945150118337, 48: 0.006756162464117946, 49: 0.005293495022733181, 50: 0.00731759570188017, 51: 0.0077113882090354205, 52: 0.005965395459118687, 53: 0.007006614295506216, 54: 0.007485645228118726, 55: 0.005596170102623511, 56: 0.0050489927638002466, 57: 0.006918597729216875, 58: 0.008819047876513423, 59: 0.0071370283725834096, 60: 0.006331467109531416, 61: 0.008922816832950651, 62: 0.005326503067985448, 63: 0.007618481793569968, 64: 0.006958288041411554, 65: 0.007415358718286708, 66: 0.009358596994974796, 67: 0.007945216576600609, 68: 0.006866508924046386, 69: 0.008110058781928279, 70: 0.007919252317959705, 71: 0.005241617228345089, 72: 0.008754246943781387, 73: 0.007486263584942956, 74: 0.005635112428293353}","[88, 83, 83, 82, 82, 81, 81, 80, 80, 80, 79, 79, 78, 78, 78, 77, 77, 77, 77, 77, 76, 76, 76, 76, 75, 75, 75, 75, 75, 75, 74, 74, 74, 73, 73, 73, 73, 73, 73, 72, 72, 72, 71, 71, 71, 71, 71, 71, 71, 71, 70, 70, 69, 69, 68, 68, 67, 67, 67, 66, 66, 65, 65, 65, 65, 64, 64, 64, 64, 63, 63, 63, 63, 62, 60]","dict_values([27, 22, 25, 20, 23, 22, 29, 18, 25, 22, 21, 20, 24, 26, 17, 25, 19, 19, 20, 9, 11, 19, 24, 24, 20, 23, 22, 13, 28, 23, 14, 25, 16, 23, 36, 19, 21, 18, 23, 13, 26, 19, 17, 23, 11, 22, 18, 29, 27, 22, 25, 25, 24, 21, 23, 19, 19, 21, 17, 25, 19, 17, 22, 19, 11, 23, 26, 27, 23, 24, 22, 18, 26, 25, 25])",0.05574558444910537
45,72.0,0.4865076250288107,"{0: 0.006760715997283356, 1: 0.005858993421150412, 2: 0.0056438149624100705, 3: 0.00647419154735678, 4: 0.007125644452438558, 5: 0.005626053412382797, 6: 0.00762975928344162, 7: 0.007344543198395821, 8: 0.008922320377666144, 9: 0.0077977399291157415, 10: 0.004715569999831787, 11: 0.0073784713714359785, 12: 0.005479702633168765, 13: 0.007606647648429183, 14: 0.010558625875115125, 15: 0.007916381658111586, 16: 0.008325856311785363, 17: 0.0049734081459991645, 18: 0.006899088529949724, 19: 0.006062468542498832, 20: 0.007053999974492048, 21: 0.006936638205626176, 22: 0.006688360808511015, 23: 0.007488562417769033, 24: 0.006661312523882372, 25: 0.009585601832101569, 26: 0.005727631183005991, 27: 0.00728992190292969, 28: 0.005440355202067449, 29: 0.009061708034412272, 30: 0.007796289562551428, 31: 0.008174463380532895, 32: 0.007036939279693598, 33: 0.009757490305534702, 34: 0.004824892407023878, 35: 0.007695480299665217, 36: 0.0070161432869107416, 37: 0.0050974743671198626, 38: 0.005590414262268165, 39: 0.007195072962444802, 40: 0.005574144461564168, 41: 0.006528942911017417, 42: 0.005617361397912796, 43: 0.007297611994387669, 44: 0.005644566329758294, 45: 0.008202178956179924, 46: 0.006765248043114745, 47: 0.008324106033568396, 48: 0.006629779371994798, 49: 0.005371946425055124, 50: 0.007423762296484339, 51: 0.007851662598277746, 52: 0.006095092124780479, 53: 0.0069154041431026885, 54: 0.007607653694045508, 55: 0.0056346857933845685, 56: 0.005136777514630321, 57: 0.0069675949515278605, 58: 0.008738334509954324, 59: 0.007249197227500968, 60: 0.006432280786622976, 61: 0.009407201772020387, 62: 0.00541919989921113, 63: 0.007007223387539317, 64: 0.006884228736998966, 65: 0.007493543446696846, 66: 0.009006862461212035, 67: 0.008058772742716899, 68: 0.007174380673019463, 69: 0.008272958047137713, 70: 0.008094149164943712, 71: 0.005367845340036579, 72: 0.009085527225694782, 73: 0.007351403951727275, 74: 0.005731998987115459}","[87, 83, 82, 82, 81, 80, 80, 80, 79, 79, 79, 78, 78, 78, 78, 77, 76, 76, 76, 76, 76, 76, 75, 75, 75, 75, 74, 74, 74, 74, 74, 74, 74, 74, 74, 73, 72, 72, 72, 72, 71, 71, 71, 71, 71, 71, 71, 71, 71, 70, 69, 69, 69, 68, 68, 67, 67, 66, 66, 66, 66, 65, 65, 65, 64, 64, 64, 64, 63, 63, 63, 63, 62, 61, 60]","dict_values([27, 22, 25, 20, 23, 22, 29, 18, 25, 22, 21, 20, 24, 26, 17, 25, 19, 19, 20, 9, 11, 19, 24, 24, 20, 23, 22, 13, 28, 23, 14, 25, 16, 23, 36, 19, 21, 18, 23, 13, 26, 19, 17, 23, 11, 22, 18, 29, 27, 22, 25, 25, 24, 21, 23, 19, 19, 21, 17, 25, 19, 17, 22, 19, 11, 23, 26, 27, 23, 24, 22, 18, 26, 25, 25])",0.05350082304526747
45,71.41333333333333,0.48249471917173387,"{0: 0.006794948363028011, 1: 0.00581298190125692, 2: 0.005561106191955019, 3: 0.006432254249043139, 4: 0.0073381873117498225, 5: 0.0055896520262150385, 6: 0.0077566258477608195, 7: 0.0071607824695456915, 8: 0.009027946308747942, 9: 0.007951688727717867, 10: 0.004661920892707117, 11: 0.007259832272034705, 12: 0.005540578365662759, 13: 0.007776223589255991, 14: 0.010714185859322375, 15: 0.007971201633992493, 16: 0.008312001866525948, 17: 0.004972158503188403, 18: 0.007075605796549911, 19: 0.005989737811601383, 20: 0.007000315455750654, 21: 0.007142558029626927, 22: 0.006657192759274278, 23: 0.007805588620672328, 24: 0.006646534452418742, 25: 0.009527910405858634, 26: 0.00593344349029216, 27: 0.007283669237766276, 28: 0.00564037814432195, 29: 0.009259854364744665, 30: 0.007640098822818224, 31: 0.008424724552881608, 32: 0.006598065387733228, 33: 0.009663936332983219, 34: 0.005034679670356393, 35: 0.007919035877589176, 36: 0.007078130311216391, 37: 0.005459564533517209, 38: 0.0057122385688658595, 39: 0.0069297990176715955, 40: 0.005638431853021372, 41: 0.006540613947250656, 42: 0.0057475692886233875, 43: 0.00748156829801199, 44: 0.005593332186687642, 45: 0.007877791083035973, 46: 0.007232430745562905, 47: 0.008527971598246913, 48: 0.006562091102851016, 49: 0.005552970068507188, 50: 0.008061052487282902, 51: 0.00802042914421622, 52: 0.006039459648015703, 53: 0.007026338622621493, 54: 0.007463897894831278, 55: 0.005197123914691395, 56: 0.005062374790668008, 57: 0.007150862167695114, 58: 0.008342953670995206, 59: 0.007165591247751681, 60: 0.006644606367024331, 61: 0.009688916819418988, 62: 0.005497727691301824, 63: 0.007173342045517899, 64: 0.007054112679945912, 65: 0.007735841289076836, 66: 0.009217431894798178, 67: 0.008335878931561519, 68: 0.007001146445099509, 69: 0.008301873888493511, 70: 0.008162776805489621, 71: 0.005356964036795364, 72: 0.009237928363250826, 73: 0.00731931940624927, 74: 0.005584884165034244}","[87, 82, 82, 81, 80, 79, 79, 79, 78, 78, 78, 78, 78, 77, 77, 76, 76, 76, 76, 76, 75, 75, 75, 75, 74, 74, 74, 74, 74, 73, 73, 73, 73, 73, 73, 73, 72, 72, 72, 71, 71, 71, 71, 71, 70, 70, 70, 70, 69, 69, 68, 68, 68, 68, 67, 67, 66, 65, 65, 65, 65, 65, 65, 64, 64, 64, 64, 64, 64, 63, 62, 61, 61, 60, 60]","dict_values([27, 22, 25, 20, 23, 22, 29, 18, 25, 22, 21, 20, 24, 26, 17, 25, 19, 19, 20, 9, 11, 19, 24, 24, 20, 23, 22, 13, 28, 23, 14, 25, 16, 23, 36, 19, 21, 18, 23, 13, 26, 19, 17, 23, 11, 22, 18, 29, 27, 22, 25, 25, 24, 21, 23, 19, 19, 21, 17, 25, 19, 17, 22, 19, 11, 23, 26, 27, 23, 24, 22, 18, 26, 25, 25])",0.05998103095451503
45,70.93333333333334,0.4794984517664341,"{0: 0.006697511553762603, 1: 0.005928883553630782, 2: 0.005628543689885198, 3: 0.006557131575633208, 4: 0.007162142083986689, 5: 0.005695031336664908, 6: 0.007894775050619864, 7: 0.00726518672984263, 8: 0.009139567453450292, 9: 0.007593350967235696, 10: 0.0045325079086929515, 11: 0.007378026315483719, 12: 0.005654016837750324, 13: 0.008258155878187227, 14: 0.010715958427730325, 15: 0.007860474313342284, 16: 0.008419428888301498, 17: 0.0049472745273610695, 18: 0.007209687593522141, 19: 0.005958214307337304, 20: 0.006823430911701702, 21: 0.007010928792165675, 22: 0.006785392297807162, 23: 0.008076278863989282, 24: 0.006539662105122436, 25: 0.00938960496621883, 26: 0.00603538056205961, 27: 0.007422887643084122, 28: 0.005725653296421488, 29: 0.009402879312579347, 30: 0.007785885997693091, 31: 0.008603554174935859, 32: 0.006453783884650045, 33: 0.009929905002756768, 34: 0.005125193811195344, 35: 0.007892199302352406, 36: 0.007240896893890519, 37: 0.005200973514019747, 38: 0.005789753925178028, 39: 0.007108346143878025, 40: 0.005617164534640463, 41: 0.006688250877523481, 42: 0.005598464097130626, 43: 0.0076992266808394525, 44: 0.005567860387085121, 45: 0.008051228646835171, 46: 0.0073463283009799025, 47: 0.008428633246214567, 48: 0.006554843629479025, 49: 0.005568814561799832, 50: 0.008271553915356344, 51: 0.008165414115900799, 52: 0.0061638499482441185, 53: 0.007108042091324629, 54: 0.00785172205628092, 55: 0.005167230663181449, 56: 0.005146242607858772, 57: 0.007342253775264899, 58: 0.008310636564595965, 59: 0.007172840855864346, 60: 0.00658831191996996, 61: 0.009964177555892906, 62: 0.005405915680224882, 63: 0.007330455952855385, 64: 0.007207521915748376, 65: 0.00790295500283163, 66: 0.008952275704223826, 67: 0.008253948320823495, 68: 0.007162948514782485, 69: 0.008250310024196504, 70: 0.008127527940437338, 71: 0.005642293774933609, 72: 0.008786906370095724, 73: 0.0072823210647260835, 74: 0.005470110144094639}","[86, 82, 82, 79, 79, 79, 78, 78, 78, 78, 77, 77, 77, 77, 76, 76, 76, 76, 76, 75, 75, 75, 75, 74, 74, 74, 74, 74, 73, 73, 73, 73, 73, 73, 72, 72, 72, 71, 71, 71, 71, 71, 70, 70, 70, 69, 69, 69, 69, 68, 68, 68, 67, 67, 67, 66, 66, 65, 65, 65, 65, 65, 64, 64, 63, 63, 63, 63, 63, 62, 62, 61, 60, 59, 59]","dict_values([27, 22, 25, 20, 23, 22, 29, 18, 25, 22, 21, 20, 24, 26, 17, 25, 19, 19, 20, 9, 11, 19, 24, 24, 20, 23, 22, 13, 28, 23, 14, 25, 16, 23, 36, 19, 21, 18, 23, 13, 26, 19, 17, 23, 11, 22, 18, 29, 27, 22, 25, 25, 24, 21, 23, 19, 19, 21, 17, 25, 19, 17, 22, 19, 11, 23, 26, 27, 23, 24, 22, 18, 26, 25, 25])",0.05229111312114877
45,70.45333333333333,0.47592302721819396,"{0: 0.00680211570196579, 1: 0.005900966066602585, 2: 0.005795005148925458, 3: 0.006647570432358667, 4: 0.007131965728861089, 5: 0.005683762781604081, 6: 0.007829382947360531, 7: 0.007370908212865038, 8: 0.009069625743130355, 9: 0.007552558765403374, 10: 0.004627282204485667, 11: 0.007668584032067014, 12: 0.005712538781276714, 13: 0.008379877449706533, 14: 0.010995293024141005, 15: 0.007954615168465648, 16: 0.008305241056830531, 17: 0.004799756182593619, 18: 0.007193212352994362, 19: 0.0059991586493798295, 20: 0.006476799947901721, 21: 0.007145905781374059, 22: 0.0067325404645205604, 23: 0.007946832144584566, 24: 0.006520527545901083, 25: 0.009133467866326139, 26: 0.006145156270037105, 27: 0.007394582890900085, 28: 0.005705505712390522, 29: 0.009270601889821829, 30: 0.007985542652748364, 31: 0.008528224108906165, 32: 0.006429439776490487, 33: 0.010114179949038989, 34: 0.00496379365890648, 35: 0.007892943848867691, 36: 0.007369241553625408, 37: 0.005447858166660085, 38: 0.005831244705618457, 39: 0.007102931866598688, 40: 0.005689037343339625, 41: 0.006623868859136702, 42: 0.005799550518176801, 43: 0.007843428453325432, 44: 0.005478508272061214, 45: 0.00811654077455721, 46: 0.007565123268996651, 47: 0.008394382944629849, 48: 0.0065984225597698915, 49: 0.005671490411335836, 50: 0.008568345719428484, 51: 0.008278628246456105, 52: 0.0062624563252447855, 53: 0.0072214719607757265, 54: 0.008002330391426619, 55: 0.005313587887486086, 56: 0.005240555416326691, 57: 0.007472998493969624, 58: 0.008615535483322218, 59: 0.007282651892582524, 60: 0.006490148340864804, 61: 0.009960142700862151, 62: 0.005614986425905132, 63: 0.007555329767656693, 64: 0.007076285430052691, 65: 0.0080164544278107, 66: 0.00891949271627578, 67: 0.008554270497635725, 68: 0.007017321827681817, 69: 0.008076463122008439, 70: 0.00800719725427968, 71: 0.0056918801367597, 72: 0.00854994709694083, 73: 0.007396452756813947, 74: 0.005797112102734553}","[86, 82, 81, 78, 78, 78, 77, 77, 77, 77, 76, 76, 76, 76, 76, 76, 76, 75, 75, 75, 75, 75, 74, 74, 74, 74, 73, 73, 73, 73, 73, 72, 72, 72, 72, 71, 71, 71, 71, 71, 70, 70, 69, 69, 69, 69, 68, 68, 68, 68, 67, 67, 67, 67, 66, 66, 66, 65, 65, 65, 64, 64, 64, 64, 63, 63, 63, 63, 63, 63, 62, 60, 60, 59, 58]","dict_values([27, 22, 25, 20, 23, 22, 29, 18, 25, 22, 21, 20, 24, 26, 17, 25, 19, 19, 20, 9, 11, 19, 24, 24, 20, 23, 22, 13, 28, 23, 14, 25, 16, 23, 36, 19, 21, 18, 23, 13, 26, 19, 17, 23, 11, 22, 18, 29, 27, 22, 25, 25, 24, 21, 23, 19, 19, 21, 17, 25, 19, 17, 22, 19, 11, 23, 26, 27, 23, 24, 22, 18, 26, 25, 25])",0.054563187913636395
45,70.13333333333334,0.47397237001211245,"{0: 0.0070471529262282635, 1: 0.005936792387104197, 2: 0.005547881963963335, 3: 0.006745075978043044, 4: 0.007331899747523362, 5: 0.0057330432951264495, 6: 0.007962230707156645, 7: 0.007517959938080459, 8: 0.009715967655993972, 9: 0.007706794881558441, 10: 0.004713454694625763, 11: 0.007790480395757843, 12: 0.005776937315156658, 13: 0.008571162943107762, 14: 0.010735540307216096, 15: 0.0077331919507552015, 16: 0.008449260718763611, 17: 0.005100053043730358, 18: 0.007108489866998725, 19: 0.006110683186726811, 20: 0.006153269031534881, 21: 0.006983591350753452, 22: 0.006837194963461521, 23: 0.008274497469928832, 24: 0.006634434395550129, 25: 0.008941239397653728, 26: 0.006270137604709911, 27: 0.00733185960269935, 28: 0.005768898801656855, 29: 0.009427088523793033, 30: 0.00813970153714482, 31: 0.008767111719335693, 32: 0.006489653181627156, 33: 0.010002965571237908, 34: 0.005057757328030065, 35: 0.00806196940913583, 36: 0.007427747611466267, 37: 0.00536147588583249, 38: 0.005773189995635078, 39: 0.007001848446457872, 40: 0.005751593212213569, 41: 0.006670868469784048, 42: 0.005815163817466898, 43: 0.007725350504230292, 44: 0.005194884808323535, 45: 0.008036710901034258, 46: 0.007685886512488388, 47: 0.00841045915220245, 48: 0.006473713008421952, 49: 0.005757436187389979, 50: 0.008746292930197361, 51: 0.008178980638236483, 52: 0.0062618989540213655, 53: 0.007135366384048428, 54: 0.008096512002145147, 55: 0.005392953945099185, 56: 0.005280391301309417, 57: 0.00775433405421263, 58: 0.008559270696145902, 59: 0.0073617767917504035, 60: 0.006386175402417288, 61: 0.010050070375993682, 62: 0.0054081740369234564, 63: 0.007607064916440705, 64: 0.006668170761795892, 65: 0.008132978088965546, 66: 0.009048551277983048, 67: 0.00863983483963588, 68: 0.006885952165219181, 69: 0.007695264797994843, 70: 0.008127492892277603, 71: 0.005802902599031525, 72: 0.008851299158409669, 73: 0.007433666923872837, 74: 0.005473412301595818}","[84, 81, 81, 80, 78, 77, 77, 77, 77, 77, 76, 76, 76, 76, 76, 76, 75, 75, 75, 75, 75, 74, 74, 74, 74, 73, 73, 73, 73, 73, 73, 72, 72, 72, 71, 71, 70, 70, 70, 70, 70, 70, 69, 69, 68, 68, 68, 68, 68, 67, 67, 67, 67, 66, 66, 66, 65, 65, 65, 64, 64, 63, 63, 63, 63, 63, 62, 62, 62, 61, 61, 60, 60, 59, 59]","dict_values([27, 22, 25, 20, 23, 22, 29, 18, 25, 22, 21, 20, 24, 26, 17, 25, 19, 19, 20, 9, 11, 19, 24, 24, 20, 23, 22, 13, 28, 23, 14, 25, 16, 23, 36, 19, 21, 18, 23, 13, 26, 19, 17, 23, 11, 22, 18, 29, 27, 22, 25, 25, 24, 21, 23, 19, 19, 21, 17, 25, 19, 17, 22, 19, 11, 23, 26, 27, 23, 24, 22, 18, 26, 25, 25])",0.05745145946883715
45,69.86666666666666,0.4721783553034093,"{0: 0.006830240245399185, 1: 0.005874106677243957, 2: 0.005382453763131023, 3: 0.006978697977624807, 4: 0.007561088643811018, 5: 0.0056724504882985066, 6: 0.007479234652617562, 7: 0.007691314457456309, 8: 0.009885211578206632, 9: 0.007590716547055734, 10: 0.004732483501441508, 11: 0.008028407793393035, 12: 0.0060671213729641725, 13: 0.008766787945964976, 14: 0.010866957297642673, 15: 0.007776780036639122, 16: 0.00852381678387271, 17: 0.004962498790778653, 18: 0.007139731521624399, 19: 0.00614995175169621, 20: 0.006261475003944816, 21: 0.007027261604796516, 22: 0.00685590495788452, 23: 0.008078861100484063, 24: 0.006375821446278395, 25: 0.008728923488607399, 26: 0.006392214703698117, 27: 0.007429388639031703, 28: 0.005697743909232763, 29: 0.009474229824709803, 30: 0.008207575251029543, 31: 0.008582492318900178, 32: 0.006390682621123029, 33: 0.009701079441360495, 34: 0.0053880797078756015, 35: 0.008356254872681152, 36: 0.007301192753405205, 37: 0.0049574521933538895, 38: 0.006034706664631136, 39: 0.006918663403161859, 40: 0.005786837821890661, 41: 0.006685737092346604, 42: 0.005858369489292455, 43: 0.007867497791863982, 44: 0.0057661898326836925, 45: 0.00812949463317237, 46: 0.007505854163235823, 47: 0.00848403239248907, 48: 0.006391206468621984, 49: 0.005838874946424128, 50: 0.008580927851379911, 51: 0.008291264325152252, 52: 0.006591857305971467, 53: 0.007228316138667465, 54: 0.008175310465546157, 55: 0.005508881496456566, 56: 0.005358050989768695, 57: 0.00790550740310982, 58: 0.008667570961577513, 59: 0.007549540189861719, 60: 0.0062561656738471215, 61: 0.010092565404493208, 62: 0.005252464932672727, 63: 0.007644533299687479, 64: 0.006579780739294457, 65: 0.008170247347716429, 66: 0.008856387869050204, 67: 0.008722960429201888, 68: 0.006669736528048179, 69: 0.007555146299591429, 70: 0.008264102272823188, 71: 0.005838503225442046, 72: 0.008982014295255906, 73: 0.007488319234751672, 74: 0.0057274017308277725}","[84, 81, 80, 79, 78, 77, 77, 77, 77, 76, 76, 76, 76, 75, 75, 75, 75, 75, 75, 75, 75, 75, 75, 74, 74, 73, 72, 72, 72, 72, 72, 72, 72, 71, 71, 70, 70, 70, 70, 69, 69, 69, 69, 69, 68, 68, 68, 67, 67, 67, 67, 66, 66, 66, 66, 66, 66, 65, 64, 64, 63, 63, 63, 63, 63, 63, 63, 62, 62, 61, 60, 60, 60, 59, 58]","dict_values([27, 22, 25, 20, 23, 22, 29, 18, 25, 22, 21, 20, 24, 26, 17, 25, 19, 19, 20, 9, 11, 19, 24, 24, 20, 23, 22, 13, 28, 23, 14, 25, 16, 23, 36, 19, 21, 18, 23, 13, 26, 19, 17, 23, 11, 22, 18, 29, 27, 22, 25, 25, 24, 21, 23, 19, 19, 21, 17, 25, 19, 17, 22, 19, 11, 23, 26, 27, 23, 24, 22, 18, 26, 25, 25])",0.05511042480041959
45,69.41333333333333,0.4691510419534548,"{0: 0.006965987446550476, 1: 0.005968551033319427, 2: 0.005255061647953168, 3: 0.007345454037487937, 4: 0.007445706003712668, 5: 0.005771570460818169, 6: 0.007556833708639294, 7: 0.0077190042709425295, 8: 0.009856445149507141, 9: 0.00774122812735838, 10: 0.0046860911391642494, 11: 0.008204403032285064, 12: 0.006179966774791848, 13: 0.008944278323220896, 14: 0.010846686397074822, 15: 0.007945583702262912, 16: 0.008657222617867406, 17: 0.004889078993493478, 18: 0.007115303027795168, 19: 0.006251742951293213, 20: 0.006359759248627751, 21: 0.0071080081074835055, 22: 0.006993274584819292, 23: 0.007901875334891909, 24: 0.006520094476612529, 25: 0.00890866724450219, 26: 0.006488974097448479, 27: 0.00755130718574378, 28: 0.005402007772865131, 29: 0.009489547955565064, 30: 0.00817107772852752, 31: 0.008522173043672924, 32: 0.006516365301692887, 33: 0.009823642119605553, 34: 0.00549575303017939, 35: 0.008517320773494283, 36: 0.007446079016329903, 37: 0.005047750125799496, 38: 0.006148883641671533, 39: 0.006799767812966737, 40: 0.005883515926848517, 41: 0.006561516889666755, 42: 0.005702886447066052, 43: 0.007802153884242404, 44: 0.0057536111887303175, 45: 0.008254241306466759, 46: 0.007685651902897073, 47: 0.00864872236252582, 48: 0.006419720085327564, 49: 0.005917832042748375, 50: 0.008762965567694169, 51: 0.008397421496400048, 52: 0.00677401370183221, 53: 0.006955370621819397, 54: 0.008115845966685513, 55: 0.0057859783945933725, 56: 0.005256572110098276, 57: 0.007776987162330514, 58: 0.008835602961778244, 59: 0.007709858243185616, 60: 0.00634478455404685, 61: 0.009676789907383824, 62: 0.0053863736677616765, 63: 0.007320858800763544, 64: 0.006322634157334617, 65: 0.00832246611961705, 66: 0.009061710444660823, 67: 0.008819126936445773, 68: 0.006641378939497477, 69: 0.00745296396916667, 70: 0.008452900304852207, 71: 0.0059476556673191665, 72: 0.009188997826436812, 73: 0.0071987339829533625, 74: 0.005842318385090879}","[83, 79, 79, 79, 77, 77, 77, 77, 76, 76, 76, 76, 76, 75, 75, 75, 75, 75, 75, 75, 74, 74, 74, 74, 72, 72, 72, 72, 72, 71, 71, 71, 71, 70, 70, 70, 69, 69, 69, 69, 69, 69, 68, 68, 68, 68, 67, 67, 67, 66, 66, 66, 66, 66, 66, 66, 65, 64, 64, 64, 63, 63, 63, 63, 62, 62, 62, 61, 61, 61, 60, 60, 60, 59, 57]","dict_values([27, 22, 25, 20, 23, 22, 29, 18, 25, 22, 21, 20, 24, 26, 17, 25, 19, 19, 20, 9, 11, 19, 24, 24, 20, 23, 22, 13, 28, 23, 14, 25, 16, 23, 36, 19, 21, 18, 23, 13, 26, 19, 17, 23, 11, 22, 18, 29, 27, 22, 25, 25, 24, 21, 23, 19, 19, 21, 17, 25, 19, 17, 22, 19, 11, 23, 26, 27, 23, 24, 22, 18, 26, 25, 25])",0.05756678108196623
45,68.64,0.46398845980264,"{0: 0.006969109271325964, 1: 0.006423361717488584, 2: 0.00532281046203254, 3: 0.007334333542019729, 4: 0.00774101995820336, 5: 0.005882114920977339, 6: 0.007203643266550201, 7: 0.008040673011478835, 8: 0.010237541730828867, 9: 0.008070330926119145, 10: 0.004689782989319976, 11: 0.008074720360373863, 12: 0.0063837282747855354, 13: 0.00918954733114625, 14: 0.010912007669413856, 15: 0.00822368630816688, 16: 0.008607213903767856, 17: 0.004919539381403938, 18: 0.007109132468866719, 19: 0.006420836007136547, 20: 0.006347999906283161, 21: 0.007363175672444052, 22: 0.00692048337747947, 23: 0.007870709124968627, 24: 0.006309105158972947, 25: 0.009181583544267178, 26: 0.006326359183682485, 27: 0.007641262186276909, 28: 0.005563084068289512, 29: 0.00952610099661547, 30: 0.00822819959817786, 31: 0.008807479897218464, 32: 0.006705319947867665, 33: 0.010298207868224572, 34: 0.00525722453618177, 35: 0.008788702486818626, 36: 0.007465768705140697, 37: 0.005232862702382374, 38: 0.006010768003875817, 39: 0.007017163225951169, 40: 0.005759452148579725, 41: 0.006518195718734795, 42: 0.005755650938961623, 43: 0.0079043687479275, 44: 0.005967723175292733, 45: 0.008124428686408579, 46: 0.00792430983101753, 47: 0.008982890917084848, 48: 0.006227742806369791, 49: 0.005848398026722697, 50: 0.00908524513666663, 51: 0.008885581475542697, 52: 0.006795617699136766, 53: 0.006738782396792381, 54: 0.008317814996507992, 55: 0.0056183387553831385, 56: 0.0053814731422615735, 57: 0.007734888627747415, 58: 0.00904032612504318, 59: 0.007831810626147243, 60: 0.006538166430676251, 61: 0.009795923223339751, 62: 0.005182472948783981, 63: 0.007399091684092432, 64: 0.006277798044592188, 65: 0.008157272281361606, 66: 0.009278222228049086, 67: 0.008806122922200328, 68: 0.006242290846468385, 69: 0.007226441998471091, 70: 0.008620952408900696, 71: 0.006131066703218231, 72: 0.008885682212474936, 73: 0.007235104050064214, 74: 0.006070729801469849}","[82, 79, 79, 78, 77, 76, 76, 76, 76, 76, 75, 75, 75, 75, 75, 75, 74, 74, 74, 73, 73, 73, 73, 73, 72, 72, 72, 72, 71, 70, 70, 70, 69, 69, 69, 69, 68, 68, 68, 68, 68, 68, 68, 66, 66, 66, 66, 66, 66, 66, 66, 66, 65, 65, 65, 64, 64, 64, 64, 63, 63, 63, 63, 62, 62, 61, 61, 61, 60, 60, 59, 59, 59, 58, 56]","dict_values([27, 22, 25, 20, 23, 22, 29, 18, 25, 22, 21, 20, 24, 26, 17, 25, 19, 19, 20, 9, 11, 19, 24, 24, 20, 23, 22, 13, 28, 23, 14, 25, 16, 23, 36, 19, 21, 18, 23, 13, 26, 19, 17, 23, 11, 22, 18, 29, 27, 22, 25, 25, 24, 21, 23, 19, 19, 21, 17, 25, 19, 17, 22, 19, 11, 23, 26, 27, 23, 24, 22, 18, 26, 25, 25])",0.059922487078664224
44,68.32,0.462067086090591,"{0: 0.0070917052237317885, 1: 0.0064998472202584395, 2: 0.005137739500999365, 3: 0.0071657865529669304, 4: 0.007874612665830257, 5: 0.005888199520330265, 6: 0.0073316550444641575, 7: 0.008238285212925966, 8: 0.010567201101406649, 9: 0.007836279399855223, 10: 0.00467907662972542, 11: 0.008064692592206022, 12: 0.006366588906215177, 13: 0.00934298594540206, 14: 0.010746444205050979, 15: 0.008125381617614941, 16: 0.008263462335255217, 17: 0.005015495171921212, 18: 0.007164140525843645, 19: 0.006287984195953612, 20: 0.0064438401215138824, 21: 0.007466767143983144, 22: 0.00674912172277643, 23: 0.007754943000495878, 24: 0.006393367300979913, 25: 0.009382129314857775, 26: 0.006456077792779851, 27: 0.007916485707390288, 28: 0.00547079349669901, 29: 0.009658022142049014, 30: 0.008330515959552576, 31: 0.009010881850782223, 32: 0.006694468119808375, 33: 0.010351881788055193, 34: 0.005536804691969013, 35: 0.009193654320312253, 36: 0.0073229553863481955, 37: 0.00524121927432399, 38: 0.006186485765498133, 39: 0.007263391085779558, 40: 0.00580801378995286, 41: 0.006591820293091875, 42: 0.0057957617792663545, 43: 0.00800515384040564, 44: 0.005828029304241095, 45: 0.008333682221159473, 46: 0.007876762933471003, 47: 0.008805030406510721, 48: 0.006411070167092936, 49: 0.005761311109440064, 50: 0.008400448289546827, 51: 0.009279513693666301, 52: 0.006522624997534506, 53: 0.006790544180702983, 54: 0.00813836848468346, 55: 0.0056942071702327235, 56: 0.005491616306485655, 57: 0.007618568329066065, 58: 0.008925364229616635, 59: 0.007976331384349665, 60: 0.006556442792620159, 61: 0.009919965840479121, 62: 0.005275990351011049, 63: 0.0072902118738940175, 64: 0.005940083319685563, 65: 0.007797715551999485, 66: 0.009114704317588424, 67: 0.008641774546365406, 68: 0.0063493572582606315, 69: 0.007330762438563779, 70: 0.008579475312834215, 71: 0.006207243729057541, 72: 0.009559407915480102, 73: 0.0075708560036268704, 74: 0.006428887220794906}","[81, 79, 79, 78, 77, 77, 77, 76, 76, 76, 75, 75, 75, 75, 74, 74, 73, 73, 73, 73, 72, 72, 72, 72, 71, 71, 71, 71, 71, 70, 70, 70, 69, 69, 69, 69, 68, 68, 68, 68, 68, 67, 67, 66, 66, 66, 66, 65, 65, 65, 65, 65, 65, 65, 64, 64, 64, 64, 64, 63, 63, 63, 62, 62, 61, 61, 60, 60, 60, 60, 59, 59, 59, 58, 56]","dict_values([27, 22, 25, 20, 23, 22, 29, 18, 25, 22, 21, 20, 24, 26, 17, 25, 19, 19, 20, 9, 11, 19, 24, 24, 20, 23, 22, 13, 28, 23, 14, 25, 16, 23, 36, 19, 21, 18, 23, 13, 26, 19, 17, 23, 11, 22, 18, 29, 27, 22, 25, 25, 24, 21, 23, 19, 19, 21, 17, 25, 19, 17, 22, 19, 11, 23, 26, 27, 23, 24, 22, 18, 26, 25, 25])",0.052213916113789414
43,68.0,0.45978501077101913,"{0: 0.006950790855614972, 1: 0.006549648551284588, 2: 0.005185578520380858, 3: 0.007324845407539663, 4: 0.00790338348323807, 5: 0.005899304281352972, 6: 0.007371972957824959, 7: 0.008543817939946033, 8: 0.010090229762321913, 9: 0.007933606252675175, 10: 0.004581240689520073, 11: 0.007863234447178893, 12: 0.0064759328260126665, 13: 0.009158055192994168, 14: 0.010623373091857855, 15: 0.008161660737495073, 16: 0.008183288304031798, 17: 0.005054288037923531, 18: 0.0072167242276145365, 19: 0.0063204526968570875, 20: 0.006483998670692524, 21: 0.007395406427586868, 22: 0.006589781787735659, 23: 0.007895498402365236, 24: 0.0065056224245568315, 25: 0.00951002334276093, 26: 0.006945685006549317, 27: 0.007874748011224925, 28: 0.005355308796149208, 29: 0.009837394598353132, 30: 0.008428760255270399, 31: 0.008854695895520267, 32: 0.006585992000092519, 33: 0.010362398242770793, 34: 0.005786403607984437, 35: 0.009315954989998033, 36: 0.007269506487267962, 37: 0.005396571099188296, 38: 0.0062210286784428834, 39: 0.00734959180808656, 40: 0.005835815081980148, 41: 0.006627944375707675, 42: 0.005643416096428356, 43: 0.00883857478027032, 44: 0.005569856881518236, 45: 0.00788557365190589, 46: 0.007779565713262703, 47: 0.008947726862952182, 48: 0.0062260337246231095, 49: 0.005746268120004331, 50: 0.008186351704886533, 51: 0.009172225359247894, 52: 0.006523272889491816, 53: 0.007110590211668547, 54: 0.008251647583613481, 55: 0.0059944094427408605, 56: 0.005608942560893633, 57: 0.0073720585942980785, 58: 0.009156071051293308, 59: 0.008019058214695639, 60: 0.0066757483210890525, 61: 0.009872933305291591, 62: 0.005366239179225863, 63: 0.00738124085175026, 64: 0.005914941824179412, 65: 0.00765063966952346, 66: 0.00882582332433849, 67: 0.008780573012754098, 68: 0.006353081995169558, 69: 0.007457478931621361, 70: 0.008772003181089564, 71: 0.0065085729375365334, 72: 0.0097659033822938, 73: 0.007716504834292954, 74: 0.006456983970463172}","[80, 79, 78, 77, 77, 77, 77, 76, 76, 76, 75, 75, 75, 74, 73, 73, 73, 73, 73, 72, 72, 71, 71, 71, 71, 71, 70, 70, 70, 70, 70, 69, 69, 69, 69, 68, 68, 68, 68, 67, 67, 67, 67, 67, 66, 66, 66, 65, 65, 65, 65, 64, 64, 64, 64, 64, 64, 64, 64, 63, 63, 63, 62, 61, 61, 60, 60, 60, 59, 59, 59, 59, 59, 57, 56]","dict_values([27, 22, 25, 20, 23, 22, 29, 18, 25, 22, 21, 20, 24, 26, 17, 25, 19, 19, 20, 9, 11, 19, 24, 24, 20, 23, 22, 13, 28, 23, 14, 25, 16, 23, 36, 19, 21, 18, 23, 13, 26, 19, 17, 23, 11, 22, 18, 29, 27, 22, 25, 25, 24, 21, 23, 19, 19, 21, 17, 25, 19, 17, 22, 19, 11, 23, 26, 27, 23, 24, 22, 18, 26, 25, 25])",0.056662975778546745
43,67.57333333333334,0.4572807842571173,"{0: 0.006783502643649938, 1: 0.006603603123625083, 2: 0.005437236136760122, 3: 0.007265064031049145, 4: 0.00813560682159675, 5: 0.00602703463620372, 6: 0.007551857437828191, 7: 0.008649722439878842, 8: 0.010141740768341538, 9: 0.008115305241109892, 10: 0.0046164391344608825, 11: 0.007767113604359163, 12: 0.00663827995794355, 13: 0.009156691425696454, 14: 0.011128837190077666, 15: 0.00787923309553417, 16: 0.008301542234239808, 17: 0.005136672795761023, 18: 0.007390579931118951, 19: 0.006539976281008739, 20: 0.00608232850232686, 21: 0.007515441715731863, 22: 0.006275029819068638, 23: 0.008030952730143887, 24: 0.006436180688877911, 25: 0.00963443380186724, 26: 0.006901512506253368, 27: 0.008000235392473234, 28: 0.0054093100798464095, 29: 0.01012037864418944, 30: 0.00801335301126936, 31: 0.008954351158456416, 32: 0.006471806985966602, 33: 0.010623893231388015, 34: 0.005881944875819769, 35: 0.00896986271201905, 36: 0.007413524134489455, 37: 0.005348965332927665, 38: 0.00607000242155972, 39: 0.0072835967075913464, 40: 0.005960386563543944, 41: 0.006237545879118521, 42: 0.005477364323555758, 43: 0.008691549191194692, 44: 0.005680036154011707, 45: 0.008061791174101409, 46: 0.008161238539960763, 47: 0.008848039016056521, 48: 0.0064132647945528585, 49: 0.005605082332261733, 50: 0.008087327456017725, 51: 0.008972588481858428, 52: 0.006622072983142707, 53: 0.00722037347806271, 54: 0.008453121577078596, 55: 0.006055479553442922, 56: 0.005396467136929819, 57: 0.007267487159070402, 58: 0.00935999436402568, 59: 0.008246909850879483, 60: 0.006331488085181036, 61: 0.01011002166904296, 62: 0.0052269186295410795, 63: 0.007504572367157349, 64: 0.005822653686661269, 65: 0.0077745154503212986, 66: 0.009247598890409275, 67: 0.008855708106614403, 68: 0.006490074701708765, 69: 0.007539838080958402, 70: 0.008941445839145891, 71: 0.0066195200215017035, 72: 0.009947391850893399, 73: 0.007793425046231063, 74: 0.0065853005771840155}","[81, 79, 77, 77, 77, 77, 76, 76, 75, 75, 74, 74, 74, 74, 73, 73, 73, 73, 72, 71, 71, 71, 71, 71, 71, 70, 70, 70, 70, 70, 69, 69, 69, 69, 68, 68, 68, 68, 68, 67, 66, 66, 66, 66, 66, 66, 65, 65, 64, 64, 64, 64, 64, 64, 64, 63, 63, 63, 62, 62, 62, 62, 62, 61, 60, 60, 60, 59, 59, 59, 59, 58, 58, 57, 56]","dict_values([27, 22, 25, 20, 23, 22, 29, 18, 25, 22, 21, 20, 24, 26, 17, 25, 19, 19, 20, 9, 11, 19, 24, 24, 20, 23, 22, 13, 28, 23, 14, 25, 16, 23, 36, 19, 21, 18, 23, 13, 26, 19, 17, 23, 11, 22, 18, 29, 27, 22, 25, 25, 24, 21, 23, 19, 19, 21, 17, 25, 19, 17, 22, 19, 11, 23, 26, 27, 23, 24, 22, 18, 26, 25, 25])",0.06084418444280124
43,67.25333333333333,0.4555966631619315,"{0: 0.006894588453109576, 1: 0.006629392562292507, 2: 0.005298452544896967, 3: 0.007119924110272927, 4: 0.007981706278843839, 5: 0.006135321846872934, 6: 0.00772606005330362, 7: 0.008629055583744907, 8: 0.010100645583250776, 9: 0.007921239578365392, 10: 0.00463825174532427, 11: 0.007945394414558203, 12: 0.006724186144087235, 13: 0.009300366256710517, 14: 0.011240771501693619, 15: 0.008000363120180036, 16: 0.008021654526367173, 17: 0.0051668268603128654, 18: 0.006951943867320391, 19: 0.006676207201582581, 20: 0.006229506822137608, 21: 0.007670440155020207, 22: 0.006391118553112829, 23: 0.008117308609513815, 24: 0.006364876814436296, 25: 0.009760296413628322, 26: 0.006986668527358751, 27: 0.008117094132153127, 28: 0.005749525097604728, 29: 0.010218596170532494, 30: 0.00781284551545764, 31: 0.009110222563673219, 32: 0.006916109157399767, 33: 0.010826418376999953, 34: 0.00594217706874603, 35: 0.0090718025758763, 36: 0.007508027531012244, 37: 0.005217785629830155, 38: 0.0059565154693834044, 39: 0.007076485709121235, 40: 0.006024060491749594, 41: 0.005866337494306008, 42: 0.005589236547552901, 43: 0.008864816581318184, 44: 0.005569800950572253, 45: 0.008265946283044678, 46: 0.00827875480639224, 47: 0.008713992133514292, 48: 0.006504985662452605, 49: 0.00574010116372563, 50: 0.008294492796894067, 51: 0.008863718417796108, 52: 0.006508078435182414, 53: 0.006966069300269131, 54: 0.008944006474650452, 55: 0.006109539499314299, 56: 0.005188221463568723, 57: 0.007349194799804869, 58: 0.009466643293779912, 59: 0.008430980862010592, 60: 0.006435483247301795, 61: 0.010180566650325112, 62: 0.005080587543867785, 63: 0.007615168904735249, 64: 0.005897727255351118, 65: 0.007863321413940793, 66: 0.009204611714350023, 67: 0.00845543724732465, 68: 0.006572710764389708, 69: 0.007512619237007371, 70: 0.009002663483087295, 71: 0.0066844101228464995, 72: 0.009818129100801872, 73: 0.007871945800701033, 74: 0.006652602805583904}","[81, 79, 77, 77, 76, 76, 76, 76, 75, 74, 74, 74, 74, 74, 73, 73, 72, 72, 71, 71, 71, 71, 71, 70, 70, 70, 70, 70, 70, 70, 69, 69, 69, 68, 68, 68, 67, 67, 66, 66, 66, 66, 66, 66, 66, 65, 65, 65, 64, 64, 64, 64, 63, 63, 63, 63, 63, 62, 62, 62, 62, 61, 61, 61, 60, 60, 60, 59, 59, 58, 58, 58, 57, 57, 56]","dict_values([27, 22, 25, 20, 23, 22, 29, 18, 25, 22, 21, 20, 24, 26, 17, 25, 19, 19, 20, 9, 11, 19, 24, 24, 20, 23, 22, 13, 28, 23, 14, 25, 16, 23, 36, 19, 21, 18, 23, 13, 26, 19, 17, 23, 11, 22, 18, 29, 27, 22, 25, 25, 24, 21, 23, 19, 19, 21, 17, 25, 19, 17, 22, 19, 11, 23, 26, 27, 23, 24, 22, 18, 26, 25, 25])",0.059079309058870356
42,66.8,0.45175056189182367,"{0: 0.006986440521609988, 1: 0.006666258408182412, 2: 0.005429101048049465, 3: 0.0072489144279858945, 4: 0.007866399997180981, 5: 0.006221304476614563, 6: 0.007856705305644304, 7: 0.008390078873861883, 8: 0.01007093171492176, 9: 0.008053535775940288, 10: 0.004656659502556827, 11: 0.00794541420708404, 12: 0.006889943183227368, 13: 0.009407494204513292, 14: 0.010470477716894482, 15: 0.00805254691814121, 16: 0.007922148638194326, 17: 0.005154894474976181, 18: 0.007032563425482603, 19: 0.006784945850513131, 20: 0.006381901320790844, 21: 0.0076043699990695005, 22: 0.006481625574828903, 23: 0.008088450100405289, 24: 0.006525126318858582, 25: 0.009439773070041436, 26: 0.006928970879762115, 27: 0.008282272999449482, 28: 0.005953815987762921, 29: 0.010134793653356136, 30: 0.008119256410721549, 31: 0.009294659597731876, 32: 0.006927310650287708, 33: 0.010297038503417335, 34: 0.005876388064464872, 35: 0.008776324587441518, 36: 0.007375170063657608, 37: 0.005379167936883258, 38: 0.006088559934808992, 39: 0.0072415219520233776, 40: 0.005937036627435418, 41: 0.005833667309994808, 42: 0.005463178809042483, 43: 0.009075617144569436, 44: 0.005667056894510118, 45: 0.008398913443151865, 46: 0.008682880437096608, 47: 0.008843174312526186, 48: 0.006586640969573369, 49: 0.006003160097472097, 50: 0.008073007626154125, 51: 0.008883797230944752, 52: 0.0066737693558353815, 53: 0.007110707485642715, 54: 0.008690245729486618, 55: 0.006090501329261593, 56: 0.005075192714889608, 57: 0.007723374492793947, 58: 0.009571099908501746, 59: 0.00856770996273123, 60: 0.0067820216213752655, 61: 0.010403791310101643, 62: 0.005142303954937986, 63: 0.007742112463075942, 64: 0.0060196289790143565, 65: 0.007818925057117851, 66: 0.009481075274856861, 67: 0.008545937285159455, 68: 0.006566331586160855, 69: 0.007440758002576551, 70: 0.009120704751281515, 71: 0.0065474883446337406, 72: 0.00991694583620985, 73: 0.007997529878943331, 74: 0.006900575970241406}","[78, 77, 77, 77, 76, 76, 75, 75, 74, 73, 73, 73, 73, 73, 72, 72, 72, 72, 71, 71, 71, 71, 70, 70, 70, 70, 70, 69, 69, 69, 69, 69, 68, 68, 67, 67, 67, 67, 66, 66, 66, 66, 65, 65, 65, 65, 65, 65, 64, 64, 64, 63, 63, 63, 63, 63, 62, 62, 62, 61, 61, 61, 60, 60, 60, 60, 59, 59, 59, 58, 58, 58, 57, 56, 55]","dict_values([27, 22, 25, 20, 23, 22, 29, 18, 25, 22, 21, 20, 24, 26, 17, 25, 19, 19, 20, 9, 11, 19, 24, 24, 20, 23, 22, 13, 28, 23, 14, 25, 16, 23, 36, 19, 21, 18, 23, 13, 26, 19, 17, 23, 11, 22, 18, 29, 27, 22, 25, 25, 24, 21, 23, 19, 19, 21, 17, 25, 19, 17, 22, 19, 11, 23, 26, 27, 23, 24, 22, 18, 26, 25, 25])",0.06104899980478168
41,66.32,0.4486600485920399,"{0: 0.007208839558855785, 1: 0.006677136680849915, 2: 0.005691444704026367, 3: 0.007173388309953732, 4: 0.008004233347247671, 5: 0.0062985399610404, 6: 0.008115694081745763, 7: 0.008272592872215878, 8: 0.010024252653770998, 9: 0.008208250075391433, 10: 0.004751429316056647, 11: 0.00759668246437516, 12: 0.00676049397111986, 13: 0.009609427986634028, 14: 0.010705663034821995, 15: 0.008307902329809718, 16: 0.007904949055616008, 17: 0.005011876319614691, 18: 0.006842747709945769, 19: 0.006594389056883317, 20: 0.0065467168141365144, 21: 0.007441536262822983, 22: 0.006620972687530624, 23: 0.00829814357369044, 24: 0.006444714474236414, 25: 0.00931863254434509, 26: 0.007117063643587799, 27: 0.008429547062555989, 28: 0.00586571491113484, 29: 0.010451777416698303, 30: 0.00831540551870405, 31: 0.009513316228544592, 32: 0.007177647082691088, 33: 0.010262552050814265, 34: 0.005681725254486665, 35: 0.008756624298145676, 36: 0.007549044178026859, 37: 0.005733038946528475, 38: 0.006028575034211959, 39: 0.007323527924852888, 40: 0.0058989684385647445, 41: 0.005810853604985081, 42: 0.005584128443583799, 43: 0.008999987943530189, 44: 0.005728507471556278, 45: 0.008242626248681746, 46: 0.008932172630226538, 47: 0.009160460263085665, 48: 0.006566912206565767, 49: 0.0058258890391088905, 50: 0.007958742354257338, 51: 0.008664058008286105, 52: 0.006646388693238135, 53: 0.007242423097222965, 54: 0.00853342180870868, 55: 0.006453057820341622, 56: 0.005109027072592661, 57: 0.007974298685743746, 58: 0.010098020829371218, 59: 0.008735791431175314, 60: 0.006956801279434537, 61: 0.010300330321973564, 62: 0.005233441164379619, 63: 0.007228713713705426, 64: 0.006101807853751367, 65: 0.007078391873262772, 66: 0.009766023361344455, 67: 0.008643206108814323, 68: 0.006582699109779673, 69: 0.007772917130334009, 70: 0.009009132769048555, 71: 0.006345125676418535, 72: 0.00989868073159764, 73: 0.008144924644418945, 74: 0.007148076470338635}","[78, 78, 76, 76, 75, 75, 75, 74, 74, 73, 73, 73, 72, 72, 71, 71, 71, 71, 71, 71, 71, 70, 70, 70, 70, 69, 69, 68, 68, 68, 68, 68, 67, 67, 67, 67, 67, 66, 66, 66, 66, 65, 65, 64, 64, 64, 64, 64, 64, 64, 64, 63, 62, 62, 62, 62, 62, 62, 61, 60, 60, 60, 60, 60, 60, 60, 59, 59, 59, 58, 58, 58, 57, 56, 54]","dict_values([27, 22, 25, 20, 23, 22, 29, 18, 25, 22, 21, 20, 24, 26, 17, 25, 19, 19, 20, 9, 11, 19, 24, 24, 20, 23, 22, 13, 28, 23, 14, 25, 16, 23, 36, 19, 21, 18, 23, 13, 26, 19, 17, 23, 11, 22, 18, 29, 27, 22, 25, 25, 24, 21, 23, 19, 19, 21, 17, 25, 19, 17, 22, 19, 11, 23, 26, 27, 23, 24, 22, 18, 26, 25, 25])",0.06287103877032299
41,66.05333333333333,0.4464939741331086,"{0: 0.007146962532511941, 1: 0.006931493135597472, 2: 0.005618388579982076, 3: 0.006888057138528727, 4: 0.00820446867228777, 5: 0.006237119916732118, 6: 0.008205155349332556, 7: 0.00837448854056991, 8: 0.009705005767739831, 9: 0.008065579790680146, 10: 0.004839638933607497, 11: 0.007575801234791274, 12: 0.006822800793149316, 13: 0.009403113821936208, 14: 0.01070959531373597, 15: 0.008427942081142148, 16: 0.00794719541703317, 17: 0.005086327683095348, 18: 0.007218796233456941, 19: 0.006421974762744552, 20: 0.006680243086687565, 21: 0.007494149014512104, 22: 0.006612308350938617, 23: 0.008062167487934615, 24: 0.006339969315853345, 25: 0.009484387716632422, 26: 0.006979129134508276, 27: 0.008544025868254597, 28: 0.005905409274368298, 29: 0.010641547636974209, 30: 0.008118747295859112, 31: 0.00968164436533951, 32: 0.007241451909432075, 33: 0.010160098225791354, 34: 0.00593175614241476, 35: 0.008450667145017039, 36: 0.007701597306491677, 37: 0.005756352908304625, 38: 0.0061957176927019296, 39: 0.007692320531653891, 40: 0.0059114873669391605, 41: 0.005860877378161088, 42: 0.005434249515683899, 43: 0.009182776348848036, 44: 0.005594901440730539, 45: 0.008181959492791073, 46: 0.008653125979067264, 47: 0.008920881412795734, 48: 0.006691252723787662, 49: 0.005747280706603391, 50: 0.007771968021061262, 51: 0.008786203062438179, 52: 0.007046561567552059, 53: 0.007342349478196686, 54: 0.008337376563490166, 55: 0.006535371088635139, 56: 0.005472166243705307, 57: 0.007829751601058326, 58: 0.010270654485954303, 59: 0.00886136037195058, 60: 0.007094919274013787, 61: 0.010224506805770622, 62: 0.005553143075168939, 63: 0.007559202823151309, 64: 0.006377339961604332, 65: 0.0070887223346532205, 66: 0.010206063720392056, 67: 0.008699949155217938, 68: 0.00653592739591104, 69: 0.00728700651492349, 70: 0.008803767090975032, 71: 0.005884347870109886, 72: 0.010001477791932913, 73: 0.00831656653450918, 74: 0.007294292625768496}","[78, 77, 75, 75, 75, 75, 75, 75, 73, 73, 72, 72, 72, 71, 71, 71, 70, 70, 70, 70, 70, 70, 70, 69, 69, 69, 69, 68, 68, 68, 68, 68, 67, 67, 67, 66, 66, 66, 66, 66, 65, 65, 65, 64, 64, 64, 64, 63, 63, 63, 63, 63, 63, 63, 63, 62, 62, 61, 61, 61, 60, 60, 60, 60, 60, 59, 59, 59, 59, 58, 57, 57, 57, 56, 54]","dict_values([27, 22, 25, 20, 23, 22, 29, 18, 25, 22, 21, 20, 24, 26, 17, 25, 19, 19, 20, 9, 11, 19, 24, 24, 20, 23, 22, 13, 28, 23, 14, 25, 16, 23, 36, 19, 21, 18, 23, 13, 26, 19, 17, 23, 11, 22, 18, 29, 27, 22, 25, 25, 24, 21, 23, 19, 19, 21, 17, 25, 19, 17, 22, 19, 11, 23, 26, 27, 23, 24, 22, 18, 26, 25, 25])",0.061787663296840434
41,65.6,0.4432114736673493,"{0: 0.007326487044080721, 1: 0.007098172115555858, 2: 0.005547375126627206, 3: 0.006846327486246113, 4: 0.008345352453240461, 5: 0.0063150765326384015, 6: 0.007907249899684674, 7: 0.008544458612942544, 8: 0.009624575167366561, 9: 0.008017487880072862, 10: 0.004936947896856492, 11: 0.007511090276871176, 12: 0.0070012396648824245, 13: 0.009490628845846828, 14: 0.010902706178949131, 15: 0.008776797027232199, 16: 0.008272144011598518, 17: 0.005196597995599778, 18: 0.007277702027009168, 19: 0.006295849426633636, 20: 0.006677969060334908, 21: 0.007394310308062782, 22: 0.006479457529021252, 23: 0.007724163740658704, 24: 0.00621048760551579, 25: 0.00915653625722414, 26: 0.006828547324080839, 27: 0.008385550042682773, 28: 0.005781013936382476, 29: 0.010732381762784644, 30: 0.008669990425709404, 31: 0.009639525284816692, 32: 0.007392690576140016, 33: 0.010231212643093056, 34: 0.006079942063617205, 35: 0.008911065043772022, 36: 0.007787715280530829, 37: 0.0058908288194480605, 38: 0.006288595975983613, 39: 0.00764896840272958, 40: 0.005905406167840315, 41: 0.006324936610150332, 42: 0.005501788978500938, 43: 0.009558123515225633, 44: 0.005963216523940234, 45: 0.008094322036319981, 46: 0.008775261714949205, 47: 0.008925367739138096, 48: 0.006770542027799315, 49: 0.005822620721579725, 50: 0.007596714031184091, 51: 0.008645481038030046, 52: 0.007165259933684585, 53: 0.007211151024603306, 54: 0.008080053583499905, 55: 0.006855554788385126, 56: 0.005776956923447352, 57: 0.008333951809974597, 58: 0.01039492665892447, 59: 0.009036967367968886, 60: 0.0067692972495698575, 61: 0.010335917882924523, 62: 0.005666286630040302, 63: 0.007437008919073377, 64: 0.0064479970360156675, 65: 0.006674493492874162, 66: 0.009752405295051477, 67: 0.00848480438188579, 68: 0.006657941110233313, 69: 0.007292686708528825, 70: 0.008779745528349207, 71: 0.005930248874142852, 72: 0.009961660415449438, 73: 0.00842550090300714, 74: 0.0075105511560988715}","[78, 77, 76, 75, 75, 74, 74, 73, 72, 72, 71, 71, 71, 71, 70, 70, 70, 70, 70, 70, 69, 69, 69, 69, 69, 69, 68, 68, 68, 67, 67, 67, 67, 66, 66, 66, 66, 65, 65, 65, 64, 64, 64, 64, 64, 64, 63, 63, 63, 63, 63, 62, 62, 62, 62, 62, 61, 61, 61, 60, 60, 60, 60, 60, 59, 59, 59, 58, 58, 58, 58, 57, 57, 56, 54]","dict_values([27, 22, 25, 20, 23, 22, 29, 18, 25, 22, 21, 20, 24, 26, 17, 25, 19, 19, 20, 9, 11, 19, 24, 24, 20, 23, 22, 13, 28, 23, 14, 25, 16, 23, 36, 19, 21, 18, 23, 13, 26, 19, 17, 23, 11, 22, 18, 29, 27, 22, 25, 25, 24, 21, 23, 19, 19, 21, 17, 25, 19, 17, 22, 19, 11, 23, 26, 27, 23, 24, 22, 18, 26, 25, 25])",0.06649117588736869
41,64.96,0.4388643294892423,"{0: 0.007164022854304092, 1: 0.007325421234816017, 2: 0.0055271050182075475, 3: 0.0070390877997176535, 4: 0.008838609280269787, 5: 0.005961864800592889, 6: 0.007976544634919718, 7: 0.00875315116932796, 8: 0.00967147371738229, 9: 0.008009319655649199, 10: 0.005122381925052226, 11: 0.007812583057866258, 12: 0.0072076939671123505, 13: 0.009103155449252382, 14: 0.010653576427902144, 15: 0.008792996891791048, 16: 0.008497284814148381, 17: 0.005107874776949782, 18: 0.007470267029586118, 19: 0.006714904336579019, 20: 0.0067996565658472825, 21: 0.007341311442996896, 22: 0.006030045034822221, 23: 0.007968220388972458, 24: 0.006359079243632927, 25: 0.00901968355293855, 26: 0.007048750402706669, 27: 0.008395764755151884, 28: 0.005915755558210986, 29: 0.01041746107667654, 30: 0.00849538169167878, 31: 0.0099183394788433, 32: 0.007287348210387686, 33: 0.010577764517729519, 34: 0.006321333112059294, 35: 0.00889978429526563, 36: 0.007848908468223373, 37: 0.005639608082932283, 38: 0.00650048639301235, 39: 0.007682525656406708, 40: 0.005927841549099504, 41: 0.0062291227133077, 42: 0.00545873769129955, 43: 0.009470300757778835, 44: 0.0061394064950863825, 45: 0.008230954298155308, 46: 0.008952301074807375, 47: 0.009231189003692908, 48: 0.00694099420977566, 49: 0.005938282287513918, 50: 0.007487496263256106, 51: 0.008846970600970108, 52: 0.00711480183683019, 53: 0.007681860577417973, 54: 0.007997917788082027, 55: 0.00678214911410395, 56: 0.005797655411698029, 57: 0.008236477897930517, 58: 0.010452731440878132, 59: 0.009259313898736047, 60: 0.006759885210768181, 61: 0.010637600024314804, 62: 0.00567633583371611, 63: 0.00725007475670372, 64: 0.006432058843404514, 65: 0.006680800927154997, 66: 0.00966804689285729, 67: 0.00846236819330508, 68: 0.006819175497939486, 69: 0.007350848053693436, 70: 0.008880314259296937, 71: 0.006132475815859796, 72: 0.010241660495801524, 73: 0.008668774619846595, 74: 0.007399714389256483}","[77, 75, 75, 75, 74, 74, 73, 72, 72, 71, 71, 71, 70, 70, 70, 69, 69, 69, 69, 69, 69, 69, 68, 68, 68, 68, 68, 68, 67, 67, 67, 66, 66, 65, 65, 65, 65, 65, 65, 64, 64, 64, 64, 63, 63, 63, 63, 63, 63, 62, 62, 62, 62, 62, 61, 61, 60, 60, 60, 60, 60, 60, 59, 59, 58, 58, 58, 57, 57, 57, 57, 57, 56, 56, 53]","dict_values([27, 22, 25, 20, 23, 22, 29, 18, 25, 22, 21, 20, 24, 26, 17, 25, 19, 19, 20, 9, 11, 19, 24, 24, 20, 23, 22, 13, 28, 23, 14, 25, 16, 23, 36, 19, 21, 18, 23, 13, 26, 19, 17, 23, 11, 22, 18, 29, 27, 22, 25, 25, 24, 21, 23, 19, 19, 21, 17, 25, 19, 17, 22, 19, 11, 23, 26, 27, 23, 24, 22, 18, 26, 25, 25])",0.06328057382287039
41,64.64,0.4366572340260626,"{0: 0.007260805072954149, 1: 0.007738938104407006, 2: 0.005588934257206228, 3: 0.0069063720429411515, 4: 0.008892762452675292, 5: 0.006243619996296015, 6: 0.008085662356112112, 7: 0.008871190008338576, 8: 0.009424405162444444, 9: 0.008397332987542678, 10: 0.005048593929820223, 11: 0.007883009545365232, 12: 0.007260933938292383, 13: 0.00887784259343237, 14: 0.011104807375849037, 15: 0.00866560695946461, 16: 0.00884818383648173, 17: 0.0052416248825314, 18: 0.007064026601492696, 19: 0.006961604420445377, 20: 0.00688045510950749, 21: 0.007766813331093541, 22: 0.006138381956895391, 23: 0.00806523460663705, 24: 0.0061727988461176804, 25: 0.008908000917316961, 26: 0.007131546999945006, 27: 0.008500479077300383, 28: 0.005951954950787737, 29: 0.00979684921058232, 30: 0.008443540965108149, 31: 0.010171829422569766, 32: 0.007370286162798199, 33: 0.010326849605663936, 34: 0.006376383791099263, 35: 0.008990441806532305, 36: 0.008071500368738424, 37: 0.005665462855860722, 38: 0.006552138320868603, 39: 0.0077753316251625345, 40: 0.0059589098810393735, 41: 0.006002253454642922, 42: 0.0052430005865450454, 43: 0.009910432253167222, 44: 0.006107642683045077, 45: 0.008061301191624414, 46: 0.008584405484403548, 47: 0.00898341885130516, 48: 0.007022303029804179, 49: 0.006041088683254151, 50: 0.007563341963939311, 51: 0.00871371781718959, 52: 0.007222213564963745, 53: 0.007724057801717637, 54: 0.008102951292826862, 55: 0.006928103245755097, 56: 0.0059311025980082095, 57: 0.008406638690808281, 58: 0.010358357639509623, 59: 0.00932509978507292, 60: 0.0065786678140430654, 61: 0.01058949550716128, 62: 0.005825521738523267, 63: 0.007180887099165982, 64: 0.00634830600582412, 65: 0.006676825728190062, 66: 0.009842632846378811, 67: 0.008465974082407826, 68: 0.006871529858399159, 69: 0.007375828029265041, 70: 0.008941565128163558, 71: 0.006109615138826835, 72: 0.009914893873837627, 73: 0.008849363430194383, 74: 0.007490581742253274}","[76, 76, 76, 74, 73, 72, 72, 72, 71, 70, 70, 70, 70, 69, 69, 69, 69, 69, 69, 68, 68, 68, 68, 68, 68, 68, 67, 67, 67, 67, 67, 66, 66, 66, 65, 65, 65, 64, 64, 64, 64, 64, 64, 64, 63, 63, 63, 63, 62, 62, 62, 62, 62, 62, 61, 61, 60, 60, 60, 59, 59, 59, 58, 58, 58, 58, 57, 57, 57, 57, 57, 57, 55, 55, 53]","dict_values([27, 22, 25, 20, 23, 22, 29, 18, 25, 22, 21, 20, 24, 26, 17, 25, 19, 19, 20, 9, 11, 19, 24, 24, 20, 23, 22, 13, 28, 23, 14, 25, 16, 23, 36, 19, 21, 18, 23, 13, 26, 19, 17, 23, 11, 22, 18, 29, 27, 22, 25, 25, 24, 21, 23, 19, 19, 21, 17, 25, 19, 17, 22, 19, 11, 23, 26, 27, 23, 24, 22, 18, 26, 25, 25])",0.06228453909747406
41,64.37333333333333,0.4346302776043073,"{0: 0.007024694419693561, 1: 0.007838796450745273, 2: 0.005688843160965094, 3: 0.007145862502819321, 4: 0.008949973226796101, 5: 0.006391157977552558, 6: 0.007995370327790756, 7: 0.008795206311836345, 8: 0.009089475915919217, 9: 0.008157383775797453, 10: 0.005324760765213489, 11: 0.007970190922242028, 12: 0.00731895739956754, 13: 0.008660936904519533, 14: 0.011173794537440709, 15: 0.00875015083213655, 16: 0.008718377778689829, 17: 0.0052418418676598855, 18: 0.007234821904344063, 19: 0.007411770444544635, 20: 0.00694938788181071, 21: 0.007642287200575987, 22: 0.005887173438773795, 23: 0.008085908001658383, 24: 0.0062462728103004, 25: 0.008883357037718325, 26: 0.007218094353870107, 27: 0.008460037676114248, 28: 0.005995511014254663, 29: 0.009884631890672638, 30: 0.008472071379469178, 31: 0.010296695584504653, 32: 0.007206203399539125, 33: 0.01006490153423589, 34: 0.006783166402355915, 35: 0.00906981561114891, 36: 0.008205622031486337, 37: 0.005695777362256564, 38: 0.006427423143015683, 39: 0.008086256481763629, 40: 0.006293957898900211, 41: 0.005694339965520382, 42: 0.005260384566076625, 43: 0.010077096697590339, 44: 0.00621483256133516, 45: 0.007822644098828047, 46: 0.008110940122448151, 47: 0.00879669887101887, 48: 0.007454518996004419, 49: 0.006055811013054655, 50: 0.0076927173528262005, 51: 0.009227081409681715, 52: 0.006995899223323404, 53: 0.0078069815349579765, 54: 0.007973703392215533, 55: 0.0069890263560432484, 56: 0.005986183846123236, 57: 0.008172675400682729, 58: 0.010465716775582591, 59: 0.00968965270194994, 60: 0.0065333493294054195, 61: 0.010626345050491813, 62: 0.005947398271560156, 63: 0.007248199636779564, 64: 0.006266444551831604, 65: 0.0068277825108009295, 66: 0.010089391988269861, 67: 0.008516179172289895, 68: 0.006940540011011247, 69: 0.007293540180055354, 70: 0.008985742135168577, 71: 0.006402803582499684, 72: 0.009731609531714914, 73: 0.008683511827152908, 74: 0.007209068985668282}","[76, 76, 76, 74, 72, 72, 72, 71, 71, 70, 69, 69, 69, 69, 69, 69, 69, 68, 68, 68, 68, 68, 68, 67, 67, 67, 67, 67, 66, 66, 66, 66, 65, 65, 65, 65, 64, 64, 64, 64, 64, 64, 64, 63, 63, 63, 63, 63, 62, 62, 62, 62, 62, 61, 61, 61, 61, 60, 59, 59, 59, 59, 58, 58, 57, 57, 57, 57, 57, 57, 57, 56, 56, 55, 53]","dict_values([27, 22, 25, 20, 23, 22, 29, 18, 25, 22, 21, 20, 24, 26, 17, 25, 19, 19, 20, 9, 11, 19, 24, 24, 20, 23, 22, 13, 28, 23, 14, 25, 16, 23, 36, 19, 21, 18, 23, 13, 26, 19, 17, 23, 11, 22, 18, 29, 27, 22, 25, 25, 24, 21, 23, 19, 19, 21, 17, 25, 19, 17, 22, 19, 11, 23, 26, 27, 23, 24, 22, 18, 26, 25, 25])",0.061511865677225316
41,64.02666666666667,0.4325889645995118,"{0: 0.006992999253568256, 1: 0.007966195018769896, 2: 0.005526209898210037, 3: 0.006645832069373558, 4: 0.009245724240358374, 5: 0.006420805204664552, 6: 0.008177220783996434, 7: 0.008652683403039284, 8: 0.009239335364318538, 9: 0.008453453879823512, 10: 0.005384017675905999, 11: 0.007999320776109996, 12: 0.0075166714229315075, 13: 0.008876190056761109, 14: 0.011378793183318948, 15: 0.008791467387406203, 16: 0.008484204662143491, 17: 0.00536262506554559, 18: 0.007371775597981398, 19: 0.007297086273655789, 20: 0.007074001794965271, 21: 0.007478984429591731, 22: 0.005983211178742573, 23: 0.008085744511460468, 24: 0.006092287751038536, 25: 0.00900985254682216, 26: 0.007175745131912836, 27: 0.008216509224794048, 28: 0.006075561081846612, 29: 0.009820909936520364, 30: 0.008698887801068813, 31: 0.010173805337775397, 32: 0.007073648222017163, 33: 0.009917233352511979, 34: 0.006885233219319189, 35: 0.008949011433261881, 36: 0.008327338756176963, 37: 0.005985403264992511, 38: 0.006560118756859778, 39: 0.00825104844036576, 40: 0.006599601275443542, 41: 0.005768336310362469, 42: 0.004894167479472752, 43: 0.010146213267153141, 44: 0.006027497537174995, 45: 0.007325902510478597, 46: 0.008264167611728634, 47: 0.008890396743472067, 48: 0.007568286694816935, 49: 0.006174396509306719, 50: 0.007841510856417266, 51: 0.009453977972123263, 52: 0.007105092945477812, 53: 0.007546943224906945, 54: 0.008091162850678506, 55: 0.006751278788055708, 56: 0.006025362743112692, 57: 0.007913922744204206, 58: 0.011041266110379283, 59: 0.009443341992409234, 60: 0.006428862145048435, 61: 0.010722139597133374, 62: 0.006038010615395706, 63: 0.007644478417160723, 64: 0.00632637233002656, 65: 0.0069779139984043215, 66: 0.010326674962056574, 67: 0.00860798154213721, 68: 0.007001642234790006, 69: 0.00737941848072316, 70: 0.009094754718492772, 71: 0.006348724106594503, 72: 0.009910600673279606, 73: 0.008501455730935907, 74: 0.007133244206528834}","[77, 76, 76, 74, 72, 71, 71, 71, 70, 70, 69, 69, 69, 69, 68, 68, 68, 68, 68, 68, 68, 68, 67, 67, 67, 67, 67, 66, 66, 66, 66, 65, 65, 64, 64, 64, 64, 64, 64, 64, 64, 63, 63, 63, 63, 63, 62, 62, 62, 62, 62, 61, 61, 61, 61, 60, 60, 60, 59, 58, 58, 58, 58, 58, 57, 57, 57, 57, 57, 56, 56, 56, 56, 53, 53]","dict_values([27, 22, 25, 20, 23, 22, 29, 18, 25, 22, 21, 20, 24, 26, 17, 25, 19, 19, 20, 9, 11, 19, 24, 24, 20, 23, 22, 13, 28, 23, 14, 25, 16, 23, 36, 19, 21, 18, 23, 13, 26, 19, 17, 23, 11, 22, 18, 29, 27, 22, 25, 25, 24, 21, 23, 19, 19, 21, 17, 25, 19, 17, 22, 19, 11, 23, 26, 27, 23, 24, 22, 18, 26, 25, 25])",0.06472365654946285
41,63.413333333333334,0.42913077807733296,"{0: 0.007146005990305083, 1: 0.008104451305010203, 2: 0.005555335438106954, 3: 0.006786050109853347, 4: 0.008980071260690807, 5: 0.005949395757400117, 6: 0.008148034090098418, 7: 0.008914038307054756, 8: 0.009351333916147946, 9: 0.00840288677392484, 10: 0.005627476751123069, 11: 0.008247961378243112, 12: 0.007763876776174933, 13: 0.009081017899817606, 14: 0.011325524484221335, 15: 0.008940166438741997, 16: 0.008481871147237991, 17: 0.005363265432878777, 18: 0.007141135822354557, 19: 0.007318395075652363, 20: 0.007243524284447764, 21: 0.007646594189699974, 22: 0.00607667366703825, 23: 0.008291766779221995, 24: 0.0062578614078544, 25: 0.008757662960903408, 26: 0.007656999981726571, 27: 0.008513862356866082, 28: 0.006167742429340812, 29: 0.010166052395154558, 30: 0.009439920261621406, 31: 0.010431695771510858, 32: 0.007030553244670171, 33: 0.009952603104654857, 34: 0.006835830605729023, 35: 0.008952482020496208, 36: 0.008096729368077583, 37: 0.006116262223432936, 38: 0.006249058968692965, 39: 0.008784528809486535, 40: 0.006714153474477694, 41: 0.00578090018880184, 42: 0.004902830768290914, 43: 0.01047864764524255, 44: 0.0058932339844449365, 45: 0.007278566483067725, 46: 0.008586135977670816, 47: 0.009291999711470702, 48: 0.007567299023433074, 49: 0.0063320274210099696, 50: 0.008013639152364289, 51: 0.009445607540942005, 52: 0.007032265599971388, 53: 0.007778260825823415, 54: 0.007760129592846895, 55: 0.006888908363691563, 56: 0.006124239603443188, 57: 0.00797403294495862, 58: 0.011053542719768378, 59: 0.00935651056492511, 60: 0.006108363266563635, 61: 0.010921841977866404, 62: 0.005600343213757047, 63: 0.007595732846734569, 64: 0.006514050112462111, 65: 0.006917474192674861, 66: 0.010249806106030416, 67: 0.008685222433514486, 68: 0.0071122935212872464, 69: 0.007546558804623737, 70: 0.00900776210533465, 71: 0.006588070468296425, 72: 0.009647182859022059, 73: 0.008781546363988922, 74: 0.006364050811216861}","[76, 76, 75, 74, 71, 71, 70, 70, 70, 70, 69, 69, 68, 68, 68, 68, 67, 67, 67, 67, 67, 67, 67, 67, 67, 66, 66, 66, 66, 66, 65, 64, 64, 64, 64, 64, 63, 63, 63, 63, 63, 63, 63, 63, 62, 62, 62, 62, 62, 61, 61, 60, 60, 60, 60, 60, 59, 58, 58, 58, 58, 58, 58, 57, 57, 57, 56, 56, 56, 55, 55, 55, 54, 52, 52]","dict_values([27, 22, 25, 20, 23, 22, 29, 18, 25, 22, 21, 20, 24, 26, 17, 25, 19, 19, 20, 9, 11, 19, 24, 24, 20, 23, 22, 13, 28, 23, 14, 25, 16, 23, 36, 19, 21, 18, 23, 13, 26, 19, 17, 23, 11, 22, 18, 29, 27, 22, 25, 25, 24, 21, 23, 19, 19, 21, 17, 25, 19, 17, 22, 19, 11, 23, 26, 27, 23, 24, 22, 18, 26, 25, 25])",0.06660083566700926
40,62.96,0.4259348545357636,"{0: 0.007355205497850853, 1: 0.008306666586309765, 2: 0.005653250037219654, 3: 0.0066584487062109, 4: 0.008859044726542425, 5: 0.006132100838013157, 6: 0.008138404549954436, 7: 0.00933947053667623, 8: 0.008771971786984226, 9: 0.008496710276955964, 10: 0.0056094398599451, 11: 0.008101458336078957, 12: 0.007910672247865715, 13: 0.009216679708937926, 14: 0.011348679676700927, 15: 0.008503102223675249, 16: 0.008309352336565663, 17: 0.005719655604040566, 18: 0.007502649763483833, 19: 0.007475046404044573, 20: 0.00739271741325199, 21: 0.007429147809543409, 22: 0.006312592443289526, 23: 0.008336342429727849, 24: 0.006182494352589057, 25: 0.008674295467935071, 26: 0.007386471013245114, 27: 0.008276509821577098, 28: 0.0062264097546851915, 29: 0.010341234456973037, 30: 0.010182380130251948, 31: 0.010302098881437629, 32: 0.007802614144587565, 33: 0.009914279525245066, 34: 0.006779774348645505, 35: 0.00907181590499189, 36: 0.008357673888945268, 37: 0.006305637387603746, 38: 0.005531654408863219, 39: 0.008687739130588977, 40: 0.0066261892767654155, 41: 0.006259628332442757, 42: 0.004917647260969985, 43: 0.010653262614938163, 44: 0.005990719812836306, 45: 0.0069592336383945365, 46: 0.008482391434212045, 47: 0.009547692118017682, 48: 0.007189920227239728, 49: 0.006371896888260011, 50: 0.00817243677414712, 51: 0.009130278228835895, 52: 0.006958985657929264, 53: 0.008013950224198105, 54: 0.008027005057397337, 55: 0.007036558428133834, 56: 0.006672697291486673, 57: 0.007901141383560337, 58: 0.010946249764719869, 59: 0.009765310732238287, 60: 0.006175084622821372, 61: 0.010696085983182828, 62: 0.0056850946015631985, 63: 0.00758614368731929, 64: 0.0062274992300535474, 65: 0.007042580449284923, 66: 0.010411711071426698, 67: 0.008484978732115093, 68: 0.007293181946712541, 69: 0.007712932460584664, 70: 0.009168825293338262, 71: 0.006653220941077492, 72: 0.009493807423869549, 73: 0.008631577158674776, 74: 0.006549101087938613}","[76, 75, 74, 73, 71, 71, 70, 70, 69, 69, 69, 68, 68, 68, 68, 67, 67, 67, 66, 66, 66, 66, 66, 66, 66, 66, 66, 65, 65, 65, 64, 64, 64, 64, 63, 63, 63, 63, 63, 63, 63, 63, 63, 62, 62, 62, 61, 61, 61, 61, 60, 60, 60, 60, 59, 59, 59, 58, 58, 58, 58, 58, 57, 57, 57, 56, 55, 55, 55, 55, 55, 54, 53, 53, 51]","dict_values([27, 22, 25, 20, 23, 22, 29, 18, 25, 22, 21, 20, 24, 26, 17, 25, 19, 19, 20, 9, 11, 19, 24, 24, 20, 23, 22, 13, 28, 23, 14, 25, 16, 23, 36, 19, 21, 18, 23, 13, 26, 19, 17, 23, 11, 22, 18, 29, 27, 22, 25, 25, 24, 21, 23, 19, 19, 21, 17, 25, 19, 17, 22, 19, 11, 23, 26, 27, 23, 24, 22, 18, 26, 25, 25])",0.06341812751723487
40,62.64,0.42365820532375675,"{0: 0.00747654116855156, 1: 0.008457343549245516, 2: 0.005454110786116791, 3: 0.00653937921793484, 4: 0.009032903482190059, 5: 0.006192379188283797, 6: 0.00825750656218353, 7: 0.009687800109921768, 8: 0.008842982123750108, 9: 0.008372500126356729, 10: 0.0056042212577343325, 11: 0.00826658901461323, 12: 0.008044179768254436, 13: 0.009364296593110643, 14: 0.01115505934865046, 15: 0.008027318294671154, 16: 0.008377547331136747, 17: 0.0058058488918230535, 18: 0.007638639694948551, 19: 0.007829263246692074, 20: 0.007514769404010383, 21: 0.007478344157883063, 22: 0.006468854483272248, 23: 0.008182274867161197, 24: 0.006263834290899179, 25: 0.008269441113845309, 26: 0.007103385847955444, 27: 0.008352823819430526, 28: 0.006385582720168858, 29: 0.0102519701765853, 30: 0.010302352196947516, 31: 0.010008729890805318, 32: 0.007997065032982217, 33: 0.010137484815735724, 34: 0.006941515354751984, 35: 0.008889200951023187, 36: 0.008141027804695456, 37: 0.006207546336451572, 38: 0.005593607238904177, 39: 0.008477713501504938, 40: 0.00672776662134593, 41: 0.006067227855095929, 42: 0.004958665370237385, 43: 0.010817217676801187, 44: 0.0059353677572818765, 45: 0.006818922303811677, 46: 0.008856771268598664, 47: 0.00972192210610654, 48: 0.007262706294437275, 49: 0.006514191169406663, 50: 0.008359390842998218, 51: 0.00892461938810984, 52: 0.006822825071273396, 53: 0.008148360436166735, 54: 0.00823018759100193, 55: 0.007135339098874723, 56: 0.006257926956183234, 57: 0.007999753994366001, 58: 0.010891826510650465, 59: 0.00990025415544761, 60: 0.006293073197446009, 61: 0.010841057927478321, 62: 0.005746587936467194, 63: 0.007737529645207716, 64: 0.006336770914126039, 65: 0.00674261128004741, 66: 0.010622864687092805, 67: 0.008589836072212618, 68: 0.007472841244666579, 69: 0.00809211895082336, 70: 0.00925389411198449, 71: 0.006754809734946352, 72: 0.00937008367479153, 73: 0.008581717249959256, 74: 0.006377338879765965}","[76, 74, 73, 73, 71, 71, 69, 69, 69, 69, 68, 68, 68, 67, 67, 67, 67, 66, 66, 66, 66, 66, 66, 66, 66, 65, 65, 65, 64, 64, 64, 64, 64, 64, 64, 64, 63, 63, 63, 63, 63, 62, 62, 62, 62, 61, 61, 60, 60, 60, 60, 60, 59, 59, 59, 58, 58, 58, 58, 58, 57, 57, 57, 57, 57, 56, 55, 55, 55, 54, 54, 54, 53, 53, 51]","dict_values([27, 22, 25, 20, 23, 22, 29, 18, 25, 22, 21, 20, 24, 26, 17, 25, 19, 19, 20, 9, 11, 19, 24, 24, 20, 23, 22, 13, 28, 23, 14, 25, 16, 23, 36, 19, 21, 18, 23, 13, 26, 19, 17, 23, 11, 22, 18, 29, 27, 22, 25, 25, 24, 21, 23, 19, 19, 21, 17, 25, 19, 17, 22, 19, 11, 23, 26, 27, 23, 24, 22, 18, 26, 25, 25])",0.06277065809368623
39,62.32,0.4210570816083707,"{0: 0.007572829912335683, 1: 0.00874331831436486, 2: 0.0055286459941970454, 3: 0.00654138496156633, 4: 0.009055607903947526, 5: 0.006314200783662372, 6: 0.008361267402987926, 7: 0.009910902593268255, 8: 0.008816318818863456, 9: 0.008293888328653513, 10: 0.005680669275953493, 11: 0.008749753351494582, 12: 0.00795793591692485, 13: 0.009485407582219501, 14: 0.01110657542392349, 15: 0.008135277819954862, 16: 0.008404430683501322, 17: 0.005773657929684755, 18: 0.007756865839799804, 19: 0.00752902287801618, 20: 0.007537571862818905, 21: 0.007530803161160959, 22: 0.006560376338875354, 23: 0.008283452058674852, 24: 0.006008306959660136, 25: 0.008408072445233828, 26: 0.007266589705135795, 27: 0.008821145902647591, 28: 0.006156551611700537, 29: 0.0098888082838314, 30: 0.010141239508821105, 31: 0.010106620376351917, 32: 0.008031403723321456, 33: 0.010021160108143365, 34: 0.006855130764965787, 35: 0.008932083413401536, 36: 0.008090405220815111, 37: 0.0064123462867993275, 38: 0.0053717922089027, 39: 0.008346066784178164, 40: 0.006888024090013424, 41: 0.006244865755700748, 42: 0.005086878185321992, 43: 0.010947458847856585, 44: 0.005713773100790288, 45: 0.006939134412733799, 46: 0.009041709487380561, 47: 0.009839438285861226, 48: 0.007059252355679536, 49: 0.006625087902896822, 50: 0.008064396245616823, 51: 0.008696156015834818, 52: 0.006932126962639561, 53: 0.007788249328155881, 54: 0.008153099081467547, 55: 0.0072244885412622185, 56: 0.006150842785684585, 57: 0.008042510596996715, 58: 0.010818185189765836, 59: 0.010313995048280991, 60: 0.006318085717445316, 61: 0.010676961689280128, 62: 0.005826514743059404, 63: 0.008118588888254048, 64: 0.00645541554112556, 65: 0.00677069477754317, 66: 0.010599360765292316, 67: 0.008680044767559082, 68: 0.0076192098500153585, 69: 0.008137264846931428, 70: 0.009395519917624606, 71: 0.006907633300321984, 72: 0.009501673612216896, 73: 0.00874108780858431, 74: 0.00597409433211418}","[76, 73, 72, 72, 70, 70, 69, 69, 69, 68, 68, 68, 68, 67, 67, 67, 66, 66, 66, 66, 66, 66, 66, 66, 66, 65, 65, 64, 64, 64, 64, 64, 64, 63, 63, 63, 63, 63, 62, 62, 62, 62, 62, 61, 61, 61, 61, 60, 60, 59, 59, 59, 59, 59, 59, 58, 58, 58, 58, 58, 57, 57, 57, 56, 56, 55, 55, 55, 55, 54, 54, 53, 53, 52, 51]","dict_values([27, 22, 25, 20, 23, 22, 29, 18, 25, 22, 21, 20, 24, 26, 17, 25, 19, 19, 20, 9, 11, 19, 24, 24, 20, 23, 22, 13, 28, 23, 14, 25, 16, 23, 36, 19, 21, 18, 23, 13, 26, 19, 17, 23, 11, 22, 18, 29, 27, 22, 25, 25, 24, 21, 23, 19, 19, 21, 17, 25, 19, 17, 22, 19, 11, 23, 26, 27, 23, 24, 22, 18, 26, 25, 25])",0.06053223899579039
39,62.08,0.4197048780474047,"{0: 0.00769923184597167, 1: 0.008502248130496002, 2: 0.005545481937333934, 3: 0.006420509672373896, 4: 0.009260736656459545, 5: 0.005705146488088014, 6: 0.008447302320346128, 7: 0.010005016556184966, 8: 0.008452936157938493, 9: 0.008398105026797288, 10: 0.005747768836246148, 11: 0.008538350827122893, 12: 0.008027167086128452, 13: 0.009240659453749765, 14: 0.011456731470344353, 15: 0.008289723119698021, 16: 0.008473248865630074, 17: 0.005867568637913288, 18: 0.007948166933386831, 19: 0.0076584467144577735, 20: 0.007329120456532561, 21: 0.007724635883685386, 22: 0.006752044338497464, 23: 0.008106896006911127, 24: 0.0060580477850796675, 25: 0.008437269065676897, 26: 0.006893415738934136, 27: 0.00891962038695176, 28: 0.0064212570441514955, 29: 0.010022489463399946, 30: 0.010555779244620367, 31: 0.010110755609133404, 32: 0.008319719436391053, 33: 0.009801294798314531, 34: 0.006631866711068543, 35: 0.008789469478035852, 36: 0.008486020817468567, 37: 0.006556037025151491, 38: 0.005436898256568301, 39: 0.008527200009269075, 40: 0.006653115733217869, 41: 0.00637869479740332, 42: 0.005171531648788032, 43: 0.011175484127039675, 44: 0.005621702425001971, 45: 0.007002837299658623, 46: 0.009174011923651434, 47: 0.010124543525322034, 48: 0.007071051919251865, 49: 0.006746933937154324, 50: 0.008106937126138533, 51: 0.00842815223835227, 52: 0.007182635791756472, 53: 0.007843169263053758, 54: 0.008338201779399456, 55: 0.007013281092428988, 56: 0.00602291104064744, 57: 0.008114442008774104, 58: 0.011211847502644676, 59: 0.00995798874524555, 60: 0.006170746121867883, 61: 0.01039590565946461, 62: 0.005867248803218448, 63: 0.007846835952319, 64: 0.006260232119860805, 65: 0.006529378743307587, 66: 0.010826045133850812, 67: 0.008784000308809598, 68: 0.00780785470528278, 69: 0.008143772631535323, 70: 0.009593755814192846, 71: 0.0069394794889823625, 72: 0.009383049179319163, 73: 0.008918767513056, 74: 0.006074830436815678}","[76, 74, 73, 71, 71, 70, 70, 68, 68, 68, 68, 68, 67, 67, 67, 66, 66, 66, 66, 66, 66, 66, 65, 65, 65, 64, 64, 64, 64, 64, 64, 63, 63, 63, 63, 63, 63, 63, 62, 62, 62, 62, 62, 62, 61, 61, 60, 59, 59, 59, 59, 58, 58, 58, 58, 58, 58, 58, 58, 57, 57, 57, 57, 56, 56, 55, 55, 54, 54, 54, 54, 53, 52, 52, 51]","dict_values([27, 22, 25, 20, 23, 22, 29, 18, 25, 22, 21, 20, 24, 26, 17, 25, 19, 19, 20, 9, 11, 19, 24, 24, 20, 23, 22, 13, 28, 23, 14, 25, 16, 23, 36, 19, 21, 18, 23, 13, 26, 19, 17, 23, 11, 22, 18, 29, 27, 22, 25, 25, 24, 21, 23, 19, 19, 21, 17, 25, 19, 17, 22, 19, 11, 23, 26, 27, 23, 24, 22, 18, 26, 25, 25])",0.06275094176970042
39,61.84,0.41857916465932843,"{0: 0.00785686617623935, 1: 0.008536370903072481, 2: 0.005528002780048172, 3: 0.005821594610865922, 4: 0.009385157297547558, 5: 0.005769652481280551, 6: 0.008742585844827249, 7: 0.010084030710488577, 8: 0.008540177340009818, 9: 0.008199747670004455, 10: 0.005851214322989132, 11: 0.008839177448457169, 12: 0.008303401431809262, 13: 0.009384916232617852, 14: 0.011170727149234646, 15: 0.007992637621003041, 16: 0.008554647898426535, 17: 0.005895361813210598, 18: 0.008130208028952675, 19: 0.007798811993252239, 20: 0.00709331753136622, 21: 0.007745585187906744, 22: 0.006783314318344568, 23: 0.008190302438668707, 24: 0.006209490926589046, 25: 0.008326935487267912, 26: 0.007001044369571448, 27: 0.009140041992080098, 28: 0.006537922831276167, 29: 0.010084575130791182, 30: 0.010778905048718644, 31: 0.010328974171270279, 32: 0.008002384312342327, 33: 0.009656198004133807, 34: 0.006787633325283353, 35: 0.008494948806284243, 36: 0.008622808949412208, 37: 0.0066796587320676545, 38: 0.005656866706688581, 39: 0.008677203868876823, 40: 0.006831361468421066, 41: 0.006494440739690749, 42: 0.005461919676887583, 43: 0.011371312808502681, 44: 0.005670968590303593, 45: 0.00657514210145789, 46: 0.009502532243954694, 47: 0.010255574282663141, 48: 0.007181294896517266, 49: 0.0067721892862792924, 50: 0.007755302526868329, 51: 0.00821105839902042, 52: 0.006996980881835126, 53: 0.008444678961599875, 54: 0.008031133424491922, 55: 0.007157886106038201, 56: 0.006244230954490358, 57: 0.008485723236166703, 58: 0.011047465947194794, 59: 0.009964444986339466, 60: 0.006275278868476204, 61: 0.01051517562606787, 62: 0.005923838054653611, 63: 0.007589207109413925, 64: 0.005901624984301722, 65: 0.006598133285269222, 66: 0.010964227480778226, 67: 0.008428637360673421, 68: 0.007750251867145216, 69: 0.00796386103708205, 70: 0.009756327772123883, 71: 0.006668383344439508, 72: 0.009448990279655275, 73: 0.008804753577368119, 74: 0.005884076381128844}","[76, 73, 72, 71, 71, 70, 70, 68, 68, 68, 68, 68, 68, 67, 67, 67, 66, 66, 66, 65, 65, 65, 65, 65, 64, 64, 64, 64, 63, 63, 63, 63, 63, 63, 63, 63, 62, 62, 62, 62, 62, 62, 62, 61, 61, 61, 59, 59, 59, 58, 58, 58, 58, 58, 58, 58, 58, 58, 57, 57, 57, 56, 56, 56, 55, 55, 54, 54, 54, 54, 53, 53, 52, 52, 52]","dict_values([27, 22, 25, 20, 23, 22, 29, 18, 25, 22, 21, 20, 24, 26, 17, 25, 19, 19, 20, 9, 11, 19, 24, 24, 20, 23, 22, 13, 28, 23, 14, 25, 16, 23, 36, 19, 21, 18, 23, 13, 26, 19, 17, 23, 11, 22, 18, 29, 27, 22, 25, 25, 24, 21, 23, 19, 19, 21, 17, 25, 19, 17, 22, 19, 11, 23, 26, 27, 23, 24, 22, 18, 26, 25, 25])",0.06721868078555368
39,61.54666666666667,0.4162092325067498,"{0: 0.007919456104864733, 1: 0.00838873593291443, 2: 0.005386445676257724, 3: 0.005543637535864867, 4: 0.009471776782784458, 5: 0.0058224191336167345, 6: 0.008576272884290612, 7: 0.009965178543987156, 8: 0.008530825583075469, 9: 0.00828155288586872, 10: 0.005732652271457066, 11: 0.008929626547016378, 12: 0.008327614947105945, 13: 0.009213090298195963, 14: 0.011198286097325772, 15: 0.008065589261545686, 16: 0.008709961841156327, 17: 0.005776899092962392, 18: 0.008261881992214065, 19: 0.007879241979053528, 20: 0.006620019352482561, 21: 0.007827755091793008, 22: 0.006801717106690949, 23: 0.008520863280159961, 24: 0.006253246573582741, 25: 0.008398464971928922, 26: 0.007110951853625416, 27: 0.008941790311353686, 28: 0.00678605832534024, 29: 0.010260846633507825, 30: 0.010927020423560271, 31: 0.010061794155691268, 32: 0.008110419995519024, 33: 0.009337088564355549, 34: 0.006897087254343711, 35: 0.008548494090743826, 36: 0.00880695755030784, 37: 0.006734225355986246, 38: 0.005775359128766822, 39: 0.008850051091270248, 40: 0.00662221502453092, 41: 0.006630430860413048, 42: 0.0056306761892655375, 43: 0.011540562712686215, 44: 0.005519318995611461, 45: 0.006669835346836068, 46: 0.009593216847129228, 47: 0.010311035764647307, 48: 0.0072429195653665865, 49: 0.006972468892227077, 50: 0.007918023174183317, 51: 0.00825153473592486, 52: 0.007059403276947629, 53: 0.00840928268224711, 54: 0.007816223335329319, 55: 0.0072586242247044885, 56: 0.006355432429511335, 57: 0.00855849740426934, 58: 0.010950812788494899, 59: 0.010034276602250222, 60: 0.006360802720116091, 61: 0.010686201612756099, 62: 0.005646858944019553, 63: 0.007654131555131798, 64: 0.005962829209486608, 65: 0.006612874065934268, 66: 0.011109803008049327, 67: 0.008602807735286986, 68: 0.007471812266945927, 69: 0.008242763299464455, 70: 0.009840329640275978, 71: 0.006717467967709984, 72: 0.009198408913992697, 73: 0.009383283944322508, 74: 0.005761571060141824}","[76, 72, 72, 71, 71, 70, 70, 68, 68, 68, 68, 67, 67, 67, 66, 66, 66, 66, 65, 65, 65, 65, 64, 64, 64, 64, 64, 63, 63, 63, 63, 63, 63, 63, 63, 62, 62, 62, 62, 62, 62, 62, 61, 61, 61, 61, 59, 59, 59, 58, 58, 58, 58, 58, 58, 57, 57, 57, 57, 57, 56, 56, 56, 56, 54, 54, 54, 53, 53, 53, 53, 52, 52, 52, 51]","dict_values([27, 22, 25, 20, 23, 22, 29, 18, 25, 22, 21, 20, 24, 26, 17, 25, 19, 19, 20, 9, 11, 19, 24, 24, 20, 23, 22, 13, 28, 23, 14, 25, 16, 23, 36, 19, 21, 18, 23, 13, 26, 19, 17, 23, 11, 22, 18, 29, 27, 22, 25, 25, 24, 21, 23, 19, 19, 21, 17, 25, 19, 17, 22, 19, 11, 23, 26, 27, 23, 24, 22, 18, 26, 25, 25])",0.06650141621787227
39,61.36,0.41508989591315687,"{0: 0.008025320162444298, 1: 0.008196327325125612, 2: 0.005448874041413092, 3: 0.005272442049583003, 4: 0.00966725573345871, 5: 0.005942384556064378, 6: 0.008593210777346162, 7: 0.01004800386166128, 8: 0.008714311672187326, 9: 0.008440628140091276, 10: 0.005821239974488904, 11: 0.008730061602857863, 12: 0.00880150493495871, 13: 0.009270119711591213, 14: 0.011433774425502509, 15: 0.008439148471887627, 16: 0.008839775928835465, 17: 0.006035066035202026, 18: 0.008292944766342703, 19: 0.007505024903204842, 20: 0.0065990186611290125, 21: 0.007508736718785913, 22: 0.00652712915237647, 23: 0.008600751077667253, 24: 0.006251231199838287, 25: 0.008484858419682056, 26: 0.007349582559780192, 27: 0.009019210387436905, 28: 0.006539493405178052, 29: 0.010381841678216767, 30: 0.010793290138253512, 31: 0.010026972137589634, 32: 0.008101222755670708, 33: 0.009191035059115907, 34: 0.006865363021518001, 35: 0.008727549120778543, 36: 0.008493802004477033, 37: 0.006659894636218909, 38: 0.005685316052326953, 39: 0.008867521496585769, 40: 0.00702237371649588, 41: 0.0064935595492446934, 42: 0.005719903599614636, 43: 0.01157096141775305, 44: 0.0052707368846730135, 45: 0.0064377968050197566, 46: 0.009620925581143497, 47: 0.010302799737284091, 48: 0.0073132164974781914, 49: 0.007090939113596063, 50: 0.007903371639641202, 51: 0.008413029209625113, 52: 0.007337239897451453, 53: 0.008492477228935794, 54: 0.00792105638552689, 55: 0.007339109102837697, 56: 0.006359773352878861, 57: 0.008449701901532197, 58: 0.011166647998646168, 59: 0.0105698416936701, 60: 0.006125410023199508, 61: 0.010118475705945764, 62: 0.005700679301128854, 63: 0.007699910174800321, 64: 0.0062313578496064935, 65: 0.006602722897908649, 66: 0.011244665116224557, 67: 0.008653881796338145, 68: 0.007326147089313742, 69: 0.00796693615041325, 70: 0.009383822366791736, 71: 0.006593146466580732, 72: 0.00946152306128344, 73: 0.009484434196018934, 74: 0.005864097397612389}","[76, 73, 72, 70, 70, 70, 69, 69, 68, 68, 67, 67, 66, 66, 66, 66, 66, 66, 66, 65, 65, 65, 64, 64, 64, 64, 64, 63, 63, 63, 63, 63, 63, 63, 62, 62, 62, 62, 61, 61, 61, 61, 61, 61, 61, 60, 60, 59, 59, 59, 58, 58, 58, 58, 58, 57, 57, 57, 56, 56, 56, 55, 55, 55, 54, 53, 53, 53, 53, 53, 53, 53, 52, 52, 50]","dict_values([27, 22, 25, 20, 23, 22, 29, 18, 25, 22, 21, 20, 24, 26, 17, 25, 19, 19, 20, 9, 11, 19, 24, 24, 20, 23, 22, 13, 28, 23, 14, 25, 16, 23, 36, 19, 21, 18, 23, 13, 26, 19, 17, 23, 11, 22, 18, 29, 27, 22, 25, 25, 24, 21, 23, 19, 19, 21, 17, 25, 19, 17, 22, 19, 11, 23, 26, 27, 23, 24, 22, 18, 26, 25, 25])",0.06543779219623917
39,61.2,0.414232642149772,"{0: 0.00773758712149681, 1: 0.00824402398527403, 2: 0.005470305953256884, 3: 0.0053387756547532104, 4: 0.01014003261426816, 5: 0.006247687480211538, 6: 0.0082572783522136, 7: 0.010151405705488925, 8: 0.008614746311690626, 9: 0.008533228161411494, 10: 0.005858959869379514, 11: 0.00903640445501571, 12: 0.008966161025980284, 13: 0.009312456421631036, 14: 0.011220248565756359, 15: 0.00865457339283533, 16: 0.00855385989189189, 17: 0.006053577277960342, 18: 0.008473116374744943, 19: 0.007599884622613027, 20: 0.00685857793957162, 21: 0.007683725093526465, 22: 0.0063011921431904575, 23: 0.00864479385544556, 24: 0.00640282966747009, 25: 0.00876080363524515, 26: 0.007266600217678647, 27: 0.008774565388201878, 28: 0.00657475549009237, 29: 0.010435396501652493, 30: 0.011010454761268402, 31: 0.009882372027183088, 32: 0.008453334122857207, 33: 0.009111815837068318, 34: 0.006919261052959608, 35: 0.0084586195455922, 36: 0.00852764074329598, 37: 0.007004731086264579, 38: 0.005699120402352091, 39: 0.009299218497275169, 40: 0.00708603310121426, 41: 0.006560120636458828, 42: 0.005579199757258899, 43: 0.011312961984893715, 44: 0.00533899592568231, 45: 0.006163860458465827, 46: 0.009559386996978846, 47: 0.010391774629038073, 48: 0.007630804606627785, 49: 0.0071634734971169215, 50: 0.007938852095198845, 51: 0.00816772541827491, 52: 0.007620144574349866, 53: 0.00854656798316134, 54: 0.007848461275769473, 55: 0.007379526513319571, 56: 0.006098528390575754, 57: 0.008254240362036633, 58: 0.011330325461267329, 59: 0.010663810941854042, 60: 0.005853459818841229, 61: 0.010134534195369464, 62: 0.005037242411059293, 63: 0.007700873564266192, 64: 0.0060918438882180586, 65: 0.0063717700600280334, 66: 0.011051013464972921, 67: 0.008730249079500534, 68: 0.007351176205895865, 69: 0.00820798658867307, 70: 0.009463812756220609, 71: 0.006735125416768258, 72: 0.009236584325116494, 73: 0.009562664765376002, 74: 0.00585735700801013}","[75, 72, 72, 71, 70, 69, 69, 69, 68, 67, 67, 67, 67, 66, 66, 66, 65, 65, 65, 65, 65, 65, 65, 64, 64, 64, 64, 64, 63, 63, 63, 62, 62, 62, 62, 62, 62, 62, 61, 61, 61, 61, 61, 60, 60, 60, 60, 60, 59, 59, 58, 58, 58, 58, 58, 57, 57, 57, 57, 56, 56, 55, 55, 54, 54, 53, 53, 53, 53, 53, 52, 52, 51, 50, 50]","dict_values([27, 22, 25, 20, 23, 22, 29, 18, 25, 22, 21, 20, 24, 26, 17, 25, 19, 19, 20, 9, 11, 19, 24, 24, 20, 23, 22, 13, 28, 23, 14, 25, 16, 23, 36, 19, 21, 18, 23, 13, 26, 19, 17, 23, 11, 22, 18, 29, 27, 22, 25, 25, 24, 21, 23, 19, 19, 21, 17, 25, 19, 17, 22, 19, 11, 23, 26, 27, 23, 24, 22, 18, 26, 25, 25])",0.062183680540722694
39,60.906666666666666,0.4119708427732158,"{0: 0.007910498380820629, 1: 0.008335933403025157, 2: 0.005450752157567545, 3: 0.0054265262699974325, 4: 0.01010842530950466, 5: 0.00637469761295863, 6: 0.008760176140566667, 7: 0.010000331769214176, 8: 0.008709638876312611, 9: 0.008746954880980274, 10: 0.006177306868576919, 11: 0.008561672039255262, 12: 0.009041228855988953, 13: 0.009371849092828705, 14: 0.01098113411722887, 15: 0.00883557548973717, 16: 0.008735681154441767, 17: 0.0061900647564682625, 18: 0.008930190923171965, 19: 0.007491640378178602, 20: 0.006954008200085217, 21: 0.007753227928743355, 22: 0.006295758509581329, 23: 0.008410687372399339, 24: 0.006263732710229872, 25: 0.008309464140435693, 26: 0.007183872355729867, 27: 0.00826057812224344, 28: 0.006995866760911929, 29: 0.010272666380325736, 30: 0.01114647440378747, 31: 0.010047761057663938, 32: 0.008277362329673984, 33: 0.009023949343183757, 34: 0.007038751432321059, 35: 0.00861134469222082, 36: 0.007519753300975352, 37: 0.007053740310027684, 38: 0.005944804443468509, 39: 0.009090425631350957, 40: 0.007170177145025803, 41: 0.006467668631022812, 42: 0.00568145837346093, 43: 0.011497505945944312, 44: 0.0052713778833949326, 45: 0.006298659823777514, 46: 0.008793210582185016, 47: 0.010486757780725149, 48: 0.007809866140083983, 49: 0.0073725372025651185, 50: 0.008043972824868963, 51: 0.00812577129111785, 52: 0.007683591855672022, 53: 0.00905102084327058, 54: 0.007985981747591657, 55: 0.007462611412077316, 56: 0.006530197205404233, 57: 0.008653862872965814, 58: 0.011305470570323968, 59: 0.010343917834947064, 60: 0.005830125855083583, 61: 0.010231870103448905, 62: 0.0053103899296370665, 63: 0.007798674863613357, 64: 0.005871186988165157, 65: 0.0065742339579528, 66: 0.011325664668416693, 67: 0.008811067412789282, 68: 0.007218946429979829, 69: 0.008706368765137439, 70: 0.009860144158956013, 71: 0.006718010229639498, 72: 0.009362582366102448, 73: 0.00857098072760222, 74: 0.005770519936992221}","[75, 71, 71, 71, 70, 69, 69, 68, 67, 67, 67, 66, 66, 66, 65, 65, 65, 65, 65, 65, 65, 65, 64, 64, 64, 64, 63, 63, 62, 62, 62, 62, 62, 62, 62, 62, 61, 61, 61, 61, 61, 61, 60, 60, 60, 60, 59, 59, 59, 58, 58, 58, 58, 58, 58, 58, 57, 57, 57, 55, 55, 55, 55, 55, 54, 53, 53, 53, 53, 52, 52, 51, 51, 51, 49]","dict_values([27, 22, 25, 20, 23, 22, 29, 18, 25, 22, 21, 20, 24, 26, 17, 25, 19, 19, 20, 9, 11, 19, 24, 24, 20, 23, 22, 13, 28, 23, 14, 25, 16, 23, 36, 19, 21, 18, 23, 13, 26, 19, 17, 23, 11, 22, 18, 29, 27, 22, 25, 25, 24, 21, 23, 19, 19, 21, 17, 25, 19, 17, 22, 19, 11, 23, 26, 27, 23, 24, 22, 18, 26, 25, 25])",0.06303827586101135
39,60.64,0.41003935869181113,"{0: 0.008306860889391036, 1: 0.008473118735458383, 2: 0.005856868196237977, 3: 0.005539382106708043, 4: 0.009811644483704366, 5: 0.006509487802735109, 6: 0.008466453353323022, 7: 0.009933418807352318, 8: 0.008838515782724612, 9: 0.009273324659397286, 10: 0.006394513502521825, 11: 0.008420410696035467, 12: 0.008935091922336926, 13: 0.009424360009349972, 14: 0.010254898378641042, 15: 0.008809696825822543, 16: 0.008325051445760828, 17: 0.00609778593523571, 18: 0.008966304464417188, 19: 0.007161169494472708, 20: 0.00705904301476633, 21: 0.007832605699340009, 22: 0.006602909836719584, 23: 0.00867229916598874, 24: 0.006723090103458507, 25: 0.008121495375820338, 26: 0.007291606519456649, 27: 0.007906709078290922, 28: 0.007121291314058182, 29: 0.009916606871259316, 30: 0.011233365105749706, 31: 0.010063819788309798, 32: 0.008073417260341144, 33: 0.008856261478021443, 34: 0.007062344431931776, 35: 0.008743329814027395, 36: 0.007624080781357801, 37: 0.007591200245945992, 38: 0.005368085032988125, 39: 0.009113926063848804, 40: 0.007179761804086692, 41: 0.006751027549448952, 42: 0.005679310210354784, 43: 0.011737280917737182, 44: 0.005128813917354568, 45: 0.006114387163466853, 46: 0.009264412883152015, 47: 0.010688309619857039, 48: 0.007862574039033104, 49: 0.007531060478587016, 50: 0.008200556898550876, 51: 0.00797138240576073, 52: 0.007815893208604022, 53: 0.009178876899347582, 54: 0.00788526410345614, 55: 0.007278122820001463, 56: 0.00657538849228396, 57: 0.008740622994873735, 58: 0.011437941165930056, 59: 0.010222928417867906, 60: 0.0056332919301556655, 61: 0.010383439478968477, 62: 0.006003648696817545, 63: 0.007773859758907252, 64: 0.006043854336338253, 65: 0.0066893812594320794, 66: 0.010994181584007277, 67: 0.008399711895725298, 68: 0.007042896027032612, 69: 0.008846135217088462, 70: 0.009919227063208347, 71: 0.0067995772158143996, 72: 0.00939805155606292, 73: 0.008667445067154556, 74: 0.005827596947078265}","[75, 71, 71, 70, 69, 69, 68, 67, 67, 66, 66, 66, 66, 66, 65, 65, 65, 65, 64, 64, 64, 64, 64, 64, 63, 63, 63, 63, 62, 62, 62, 62, 61, 61, 61, 61, 61, 61, 61, 61, 61, 60, 60, 60, 59, 59, 59, 59, 59, 58, 58, 58, 58, 58, 58, 58, 57, 57, 56, 56, 56, 55, 55, 55, 54, 54, 53, 53, 52, 52, 52, 51, 51, 50, 48]","dict_values([27, 22, 25, 20, 23, 22, 29, 18, 25, 22, 21, 20, 24, 26, 17, 25, 19, 19, 20, 9, 11, 19, 24, 24, 20, 23, 22, 13, 28, 23, 14, 25, 16, 23, 36, 19, 21, 18, 23, 13, 26, 19, 17, 23, 11, 22, 18, 29, 27, 22, 25, 25, 24, 21, 23, 19, 19, 21, 17, 25, 19, 17, 22, 19, 11, 23, 26, 27, 23, 24, 22, 18, 26, 25, 25])",0.06622296790841985
39,60.10666666666667,0.40655860225469437,"{0: 0.008523182749442484, 1: 0.008289006832762147, 2: 0.006048329293313315, 3: 0.005653380614127742, 4: 0.009599990154509006, 5: 0.00646414298688476, 6: 0.008612159382442258, 7: 0.010155964177857739, 8: 0.009124656139478651, 9: 0.009451398892763445, 10: 0.00639275569772862, 11: 0.008680403692138064, 12: 0.009212989552209968, 13: 0.009517155971351577, 14: 0.010510266379407492, 15: 0.009402542772850176, 16: 0.008506753432299743, 17: 0.006261177926896502, 18: 0.009179743743868598, 19: 0.00705732032735658, 20: 0.006940580623730886, 21: 0.007670201862055982, 22: 0.0062365270158636415, 23: 0.008578996217920961, 24: 0.00682022590954083, 25: 0.008265993745687816, 26: 0.0072643644153134925, 27: 0.007676998087138744, 28: 0.007288206328124401, 29: 0.009766344859542194, 30: 0.011222113293890505, 31: 0.010419991911997512, 32: 0.008217245777139252, 33: 0.009007769422480745, 34: 0.007216856836486592, 35: 0.008626687156087397, 36: 0.007339828205341364, 37: 0.0070347422063991895, 38: 0.005293195668105546, 39: 0.009225953845890157, 40: 0.006940479700380736, 41: 0.006940133907975134, 42: 0.0057802300648044, 43: 0.01144538732380576, 44: 0.00504228451156862, 45: 0.006061309483316354, 46: 0.008188014711616221, 47: 0.010992258700248215, 48: 0.0077605580677469425, 49: 0.007550881151837787, 50: 0.00848534671878537, 51: 0.007881421976356303, 52: 0.0082567250828503, 53: 0.00947662455834798, 54: 0.007694413325218281, 55: 0.006742029714248915, 56: 0.006693641680535877, 57: 0.008724346808064451, 58: 0.011974795035982035, 59: 0.010543291752725073, 60: 0.00589975934800779, 61: 0.010227062432126536, 62: 0.006180499040659704, 63: 0.007974121952362537, 64: 0.0060998436279706275, 65: 0.006851614448405165, 66: 0.011037816660404556, 67: 0.008723009262725887, 68: 0.0072244838212736145, 69: 0.008514829551322045, 70: 0.010240523321037113, 71: 0.006911445433041197, 72: 0.009589344343786855, 73: 0.00865010875294298, 74: 0.006089610585401331}","[73, 72, 70, 70, 69, 68, 67, 67, 67, 66, 66, 66, 65, 65, 65, 65, 64, 64, 64, 64, 64, 64, 63, 63, 63, 63, 62, 62, 62, 61, 61, 61, 61, 61, 61, 61, 61, 60, 60, 60, 60, 59, 59, 59, 59, 58, 58, 58, 58, 58, 58, 57, 57, 57, 57, 57, 56, 56, 56, 56, 55, 54, 54, 54, 53, 53, 53, 53, 53, 52, 52, 51, 51, 49, 47]","dict_values([27, 22, 25, 20, 23, 22, 29, 18, 25, 22, 21, 20, 24, 26, 17, 25, 19, 19, 20, 9, 11, 19, 24, 24, 20, 23, 22, 13, 28, 23, 14, 25, 16, 23, 36, 19, 21, 18, 23, 13, 26, 19, 17, 23, 11, 22, 18, 29, 27, 22, 25, 25, 24, 21, 23, 19, 19, 21, 17, 25, 19, 17, 22, 19, 11, 23, 26, 27, 23, 24, 22, 18, 26, 25, 25])",0.06952718975789071
38,59.653333333333336,0.40340199803684307,"{0: 0.009042033179507204, 1: 0.008424458966549662, 2: 0.005923850217236282, 3: 0.005823106585172407, 4: 0.00968522106483852, 5: 0.006767859824646723, 6: 0.008808899907440985, 7: 0.010513353094982017, 8: 0.009260826832606806, 9: 0.009727244427113231, 10: 0.0063860475055288225, 11: 0.008722546397255103, 12: 0.00962339129087083, 13: 0.009809885634495596, 14: 0.01002805081358999, 15: 0.009517114120298237, 16: 0.008243117415186057, 17: 0.0059327499997578565, 18: 0.009373985559892509, 19: 0.007536893894499317, 20: 0.007354867734336753, 21: 0.007798714088474045, 22: 0.006180172601829586, 23: 0.008794200244260818, 24: 0.006976945752751693, 25: 0.008857101683386867, 26: 0.00740447371321242, 27: 0.007901716116641613, 28: 0.00694366731783501, 29: 0.00973458116837819, 30: 0.011178919980743917, 31: 0.010166401813630278, 32: 0.00819110556747861, 33: 0.008778164825377527, 34: 0.007555266421471518, 35: 0.00877947878460955, 36: 0.00753225222406301, 37: 0.00699052926220109, 38: 0.0054170072091209555, 39: 0.00904232486889632, 40: 0.006173561047578459, 41: 0.0074092793225814125, 42: 0.005853124625655267, 43: 0.011635228403592202, 44: 0.005039002566463441, 45: 0.005897361431417159, 46: 0.008335717354123563, 47: 0.011301146204332441, 48: 0.007950858324866979, 49: 0.007424828353143801, 50: 0.008275628730005504, 51: 0.007754668892257698, 52: 0.008137549072809263, 53: 0.009532683690037692, 54: 0.007339433785105783, 55: 0.007225350583294371, 56: 0.006844716814381696, 57: 0.0087766419812829, 58: 0.011940322385262799, 59: 0.01021170461191242, 60: 0.005704030225055289, 61: 0.009721553463071337, 62: 0.006240078635801526, 63: 0.007859841308013687, 64: 0.006211956262890495, 65: 0.007319361568894131, 66: 0.01094206692832589, 67: 0.008350920608702956, 68: 0.00737854702853034, 69: 0.008619287977550764, 70: 0.010297940700818535, 71: 0.006555873605767856, 72: 0.009756551144014561, 73: 0.008378851180708769, 74: 0.0061671766369272634}","[73, 71, 70, 69, 67, 66, 66, 66, 66, 66, 65, 65, 65, 65, 65, 65, 64, 64, 63, 63, 63, 63, 63, 63, 63, 62, 62, 61, 61, 61, 61, 61, 61, 61, 60, 60, 60, 60, 60, 59, 59, 59, 59, 59, 59, 58, 58, 58, 58, 58, 57, 57, 57, 57, 56, 56, 56, 56, 56, 55, 55, 53, 53, 53, 53, 53, 53, 52, 52, 52, 51, 51, 50, 49, 47]","dict_values([27, 22, 25, 20, 23, 22, 29, 18, 25, 22, 21, 20, 24, 26, 17, 25, 19, 19, 20, 9, 11, 19, 24, 24, 20, 23, 22, 13, 28, 23, 14, 25, 16, 23, 36, 19, 21, 18, 23, 13, 26, 19, 17, 23, 11, 22, 18, 29, 27, 22, 25, 25, 24, 21, 23, 19, 19, 21, 17, 25, 19, 17, 22, 19, 11, 23, 26, 27, 23, 24, 22, 18, 26, 25, 25])",0.06792196666419538
38,59.306666666666665,0.4012209167436795,"{0: 0.009123095697218859, 1: 0.008673346793643595, 2: 0.005724244807221185, 3: 0.005922761061337762, 4: 0.00984640913369867, 5: 0.0065409113686067015, 6: 0.009040671033864127, 7: 0.010659355981252583, 8: 0.009155727988428695, 9: 0.009544602173412905, 10: 0.006451167507085909, 11: 0.008400729315567866, 12: 0.010129555288117991, 13: 0.009901617041698396, 14: 0.009806050113951211, 15: 0.009273329037525993, 16: 0.007868033101545052, 17: 0.005829077002302256, 18: 0.009299371771539803, 19: 0.0077912091269200685, 20: 0.00788850523492578, 21: 0.007892866669479333, 22: 0.006276794431243305, 23: 0.008769620161960803, 24: 0.006864138821907525, 25: 0.008960900611362888, 26: 0.007413862600416313, 27: 0.008113402758266833, 28: 0.006770159973752155, 29: 0.009062576530715552, 30: 0.011400809710788008, 31: 0.010152795634580275, 32: 0.008679066804941522, 33: 0.008654539541652155, 34: 0.007806185510127579, 35: 0.00886220507870069, 36: 0.007639722733173612, 37: 0.006885659874548292, 38: 0.0052511878379175566, 39: 0.008982555074139887, 40: 0.006114331341746765, 41: 0.007250731339698218, 42: 0.0053581010364588955, 43: 0.011880637831165842, 44: 0.005082022410206386, 45: 0.005717783591633203, 46: 0.008385686554077919, 47: 0.011268902791603076, 48: 0.008155855365236593, 49: 0.0076599563221663395, 50: 0.008106185002999965, 51: 0.007920886858489313, 52: 0.007862036648774846, 53: 0.010291090665311371, 54: 0.007774935526059407, 55: 0.007248686856589153, 56: 0.0068697496527760004, 57: 0.008881140964816197, 58: 0.012152692443682308, 59: 0.010264121037213619, 60: 0.006057541012638767, 61: 0.0098537243777712, 62: 0.0061314506554444636, 63: 0.007539564372698867, 64: 0.006072828913904797, 65: 0.0074124387496455856, 66: 0.011031692860067683, 67: 0.008860049220168394, 68: 0.007101989953827532, 69: 0.008361461733424072, 70: 0.010032513915247633, 71: 0.006977978283259603, 72: 0.010028509227213583, 73: 0.008213065497354483, 74: 0.006468725717580632}","[73, 71, 69, 69, 66, 66, 66, 66, 65, 65, 65, 65, 65, 65, 65, 64, 64, 64, 64, 63, 62, 62, 62, 62, 62, 62, 61, 61, 61, 61, 60, 60, 60, 60, 60, 60, 60, 59, 59, 59, 59, 59, 59, 59, 59, 58, 58, 58, 58, 57, 57, 57, 57, 57, 56, 56, 56, 55, 55, 55, 54, 54, 53, 53, 53, 52, 52, 52, 51, 51, 51, 50, 49, 48, 47]","dict_values([27, 22, 25, 20, 23, 22, 29, 18, 25, 22, 21, 20, 24, 26, 17, 25, 19, 19, 20, 9, 11, 19, 24, 24, 20, 23, 22, 13, 28, 23, 14, 25, 16, 23, 36, 19, 21, 18, 23, 13, 26, 19, 17, 23, 11, 22, 18, 29, 27, 22, 25, 25, 24, 21, 23, 19, 19, 21, 17, 25, 19, 17, 22, 19, 11, 23, 26, 27, 23, 24, 22, 18, 26, 25, 25])",0.06826303795093422
38,58.88,0.3986523728348067,"{0: 0.009287309885034557, 1: 0.008568431904928363, 2: 0.005700282164497283, 3: 0.005737802284252515, 4: 0.00997450733184861, 5: 0.006388525637156973, 6: 0.008863845251880295, 7: 0.010735337554806148, 8: 0.009682595552967499, 9: 0.009722017338487503, 10: 0.006301682873261397, 11: 0.008913194902358066, 12: 0.010824673872831134, 13: 0.010125321274012906, 14: 0.010213761498591217, 15: 0.009178035704871025, 16: 0.008063426170628692, 17: 0.00585170798786636, 18: 0.009830343970362629, 19: 0.007736058727183381, 20: 0.007805987010734881, 21: 0.00794909144207156, 22: 0.006330347183425272, 23: 0.00886999607927128, 24: 0.006617778724367215, 25: 0.009170824915555396, 26: 0.007426158140512013, 27: 0.008224957410673516, 28: 0.006836106998051027, 29: 0.0088006999371455, 30: 0.01170075722064688, 31: 0.009793566080145241, 32: 0.008463837749960996, 33: 0.008546600192768393, 34: 0.008005153041785213, 35: 0.008525774538752189, 36: 0.007532723979073626, 37: 0.006741765077042231, 38: 0.005340677824667817, 39: 0.009237404761493994, 40: 0.006238076774612601, 41: 0.00747875658786851, 42: 0.005187318743596714, 43: 0.012243124215907203, 44: 0.004979095594950805, 45: 0.005556927962458308, 46: 0.008503482958029376, 47: 0.011762323518600291, 48: 0.008237214344608636, 49: 0.007576066931307963, 50: 0.007784840960813224, 51: 0.008112479015124517, 52: 0.007774007265068305, 53: 0.009843430511715849, 54: 0.007759124350688878, 55: 0.007619650512149272, 56: 0.0066702904736633175, 57: 0.008947452455234803, 58: 0.01210807848971045, 59: 0.01047631373106372, 60: 0.006104264526218383, 61: 0.010238120499369915, 62: 0.00618022138627246, 63: 0.007493487213789177, 64: 0.006424378593257681, 65: 0.007270246588866972, 66: 0.011048867668900323, 67: 0.008751149833309806, 68: 0.007213217781455545, 69: 0.008405639300768443, 70: 0.009901531896780988, 71: 0.006806129412886622, 72: 0.00992422132870201, 73: 0.00784698058649456, 74: 0.006574173435840598}","[74, 70, 70, 69, 67, 66, 66, 66, 65, 65, 65, 65, 64, 64, 64, 64, 64, 63, 63, 63, 62, 62, 62, 62, 62, 61, 61, 61, 60, 60, 60, 60, 60, 59, 59, 59, 59, 59, 59, 59, 58, 58, 58, 58, 58, 57, 57, 57, 57, 56, 56, 56, 56, 56, 56, 56, 55, 55, 54, 54, 54, 53, 53, 52, 52, 52, 52, 52, 51, 51, 50, 50, 48, 48, 47]","dict_values([27, 22, 25, 20, 23, 22, 29, 18, 25, 22, 21, 20, 24, 26, 17, 25, 19, 19, 20, 9, 11, 19, 24, 24, 20, 23, 22, 13, 28, 23, 14, 25, 16, 23, 36, 19, 21, 18, 23, 13, 26, 19, 17, 23, 11, 22, 18, 29, 27, 22, 25, 25, 24, 21, 23, 19, 19, 21, 17, 25, 19, 17, 22, 19, 11, 23, 26, 27, 23, 24, 22, 18, 26, 25, 25])",0.07005815479941191
37,58.346666666666664,0.39417548565178395,"{0: 0.009316180343895685, 1: 0.008735828359540137, 2: 0.005885277920245475, 3: 0.005846357466443137, 4: 0.009991667799250818, 5: 0.006383171414873353, 6: 0.008936982611915814, 7: 0.010876550522315821, 8: 0.00995933605432524, 9: 0.009730144233091773, 10: 0.006480079046769745, 11: 0.009128751236453006, 12: 0.010948395214320403, 13: 0.010309565882056237, 14: 0.010153057263621751, 15: 0.009400992639043449, 16: 0.00833351949917538, 17: 0.00586767429667892, 18: 0.009980933703843922, 19: 0.00764227223184346, 20: 0.00801626271456417, 21: 0.00791193928811088, 22: 0.006655023515895478, 23: 0.008193485224211717, 24: 0.006595131614534472, 25: 0.009485653156451326, 26: 0.007493428425454807, 27: 0.008463201921628912, 28: 0.006817402104787066, 29: 0.008788744810204583, 30: 0.011629243427983833, 31: 0.010051231063572556, 32: 0.008675207701353849, 33: 0.00848897264510734, 34: 0.00822085728040179, 35: 0.00883821315381178, 36: 0.007738661119370653, 37: 0.006565028666262816, 38: 0.005429276191925159, 39: 0.008674552610099069, 40: 0.006409635313002714, 41: 0.007463841493062412, 42: 0.005221570233869313, 43: 0.011836761968234888, 44: 0.0052931935298129815, 45: 0.005692104764637526, 46: 0.008703377191809697, 47: 0.011255592133491962, 48: 0.008417441696524778, 49: 0.0077623254661084926, 50: 0.007917054319308444, 51: 0.008056180118767589, 52: 0.007929789007760932, 53: 0.009792062497860033, 54: 0.007922662074661736, 55: 0.007772560679808655, 56: 0.006809912143842759, 57: 0.009201822278129585, 58: 0.011691232432145959, 59: 0.009710933002845297, 60: 0.006251588666290307, 61: 0.01053668625713666, 62: 0.006254235599733714, 63: 0.007531908366337306, 64: 0.006826174659893223, 65: 0.0071095225613016875, 66: 0.010974999133954135, 67: 0.008317461616530701, 68: 0.007802957844891345, 69: 0.008366699157816255, 70: 0.009725755100930045, 71: 0.006950306627508798, 72: 0.00936850813382897, 73: 0.008031142862719692, 74: 0.0068158348055184234}","[72, 68, 68, 68, 66, 66, 66, 65, 65, 64, 64, 64, 64, 63, 63, 63, 63, 62, 62, 62, 62, 62, 61, 61, 61, 60, 60, 60, 60, 59, 59, 59, 59, 59, 59, 59, 58, 58, 58, 58, 58, 58, 58, 58, 57, 57, 57, 57, 56, 56, 56, 56, 56, 56, 55, 55, 55, 54, 54, 53, 53, 53, 53, 53, 53, 52, 52, 51, 51, 51, 50, 49, 48, 48, 47]","dict_values([27, 22, 25, 20, 23, 22, 29, 18, 25, 22, 21, 20, 24, 26, 17, 25, 19, 19, 20, 9, 11, 19, 24, 24, 20, 23, 22, 13, 28, 23, 14, 25, 16, 23, 36, 19, 21, 18, 23, 13, 26, 19, 17, 23, 11, 22, 18, 29, 27, 22, 25, 25, 24, 21, 23, 19, 19, 21, 17, 25, 19, 17, 22, 19, 11, 23, 26, 27, 23, 24, 22, 18, 26, 25, 25])",0.07126247873559952
37,57.946666666666665,0.39160426028011835,"{0: 0.00952260645472826, 1: 0.008861197847159932, 2: 0.006014424321498412, 3: 0.005921012706181714, 4: 0.01011265141025733, 5: 0.006545175538241401, 6: 0.009294425619333375, 7: 0.010639358243423304, 8: 0.009636545510893447, 9: 0.009751345514100508, 10: 0.006678341420590879, 11: 0.009210281181897872, 12: 0.010570076350802843, 13: 0.010533211045054213, 14: 0.010355042674055355, 15: 0.00931463920829458, 16: 0.0085520934838654, 17: 0.005996194947963471, 18: 0.009992658720605199, 19: 0.0072569684480706985, 20: 0.007863987157267195, 21: 0.007572041849099823, 22: 0.006412208567198178, 23: 0.008306423622753831, 24: 0.006410127837563268, 25: 0.009104037245868961, 26: 0.00668068965627174, 27: 0.008591591659946976, 28: 0.007143807220676471, 29: 0.009126331649551464, 30: 0.011882418872219119, 31: 0.01045343575561142, 32: 0.008594043758278883, 33: 0.00828614004188668, 34: 0.008277254674472538, 35: 0.009017160332949805, 36: 0.00763739919795096, 37: 0.006521801672942519, 38: 0.005542661446219697, 39: 0.008794744494943824, 40: 0.006574859640087173, 41: 0.007357821741383382, 42: 0.005277760191295541, 43: 0.011844624353106478, 44: 0.0052522801809773275, 45: 0.005695376050087867, 46: 0.008751008085426424, 47: 0.011119201497292173, 48: 0.008530757337428528, 49: 0.007337707196956952, 50: 0.008675680875519717, 51: 0.008118819296668231, 52: 0.008037597906761146, 53: 0.009354014758187965, 54: 0.008164162078397205, 55: 0.007926922370123948, 56: 0.007409177595837335, 57: 0.009265398925954928, 58: 0.011955692159475185, 59: 0.00992831501308324, 60: 0.006107666336577657, 61: 0.010720462269775216, 62: 0.0066142952768763865, 63: 0.007463149237344494, 64: 0.006907047342392353, 65: 0.007231323873516079, 66: 0.011288884771114723, 67: 0.008405314458900278, 68: 0.007535345452559923, 69: 0.008335237970718695, 70: 0.010256848198448775, 71: 0.006853091666113846, 72: 0.009550815824141667, 73: 0.007780540375752219, 74: 0.006535079798629991}","[71, 68, 68, 67, 66, 66, 65, 65, 64, 64, 64, 64, 63, 63, 63, 63, 63, 62, 62, 62, 61, 61, 61, 61, 60, 60, 60, 59, 59, 59, 59, 59, 59, 59, 58, 58, 58, 58, 58, 58, 58, 57, 57, 57, 57, 56, 56, 56, 56, 56, 56, 56, 56, 55, 54, 54, 54, 54, 53, 53, 53, 52, 52, 52, 52, 52, 51, 51, 51, 50, 50, 49, 48, 47, 47]","dict_values([27, 22, 25, 20, 23, 22, 29, 18, 25, 22, 21, 20, 24, 26, 17, 25, 19, 19, 20, 9, 11, 19, 24, 24, 20, 23, 22, 13, 28, 23, 14, 25, 16, 23, 36, 19, 21, 18, 23, 13, 26, 19, 17, 23, 11, 22, 18, 29, 27, 22, 25, 25, 24, 21, 23, 19, 19, 21, 17, 25, 19, 17, 22, 19, 11, 23, 26, 27, 23, 24, 22, 18, 26, 25, 25])",0.07115608896279463
37,57.76,0.39058845036695844,"{0: 0.00909294225089, 1: 0.008893016409503539, 2: 0.006231033546918445, 3: 0.006014561346371431, 4: 0.010197329682888867, 5: 0.006369716269415153, 6: 0.009502975932584907, 7: 0.010744965056534673, 8: 0.009607139747306842, 9: 0.01014229116698475, 10: 0.006709825995790201, 11: 0.008875047277068143, 12: 0.010739664695250176, 13: 0.010402331966806712, 14: 0.010470855666527662, 15: 0.009464138617728678, 16: 0.008030494587918567, 17: 0.006075324069089709, 18: 0.010890860253375628, 19: 0.007572183390708349, 20: 0.00828842976357714, 21: 0.007654893623075056, 22: 0.006416120159546514, 23: 0.008330956590530786, 24: 0.0064868849902672355, 25: 0.009445738841599565, 26: 0.006526052124625006, 27: 0.008441081912444137, 28: 0.006853199853062019, 29: 0.008853195227193274, 30: 0.011922449984125626, 31: 0.010907196891282306, 32: 0.007914224861243395, 33: 0.008305904873295349, 34: 0.008049194581437257, 35: 0.009108521495073086, 36: 0.007767906225219933, 37: 0.006645772868630072, 38: 0.005525601916723253, 39: 0.009175260125258005, 40: 0.006628874859344769, 41: 0.00746170708107177, 42: 0.005236921090275771, 43: 0.012410348120885038, 44: 0.005286143179236609, 45: 0.005470694099081647, 46: 0.009099533282863791, 47: 0.01099644499968941, 48: 0.00871742496970454, 49: 0.007460217145212269, 50: 0.008706259719608464, 51: 0.008025560090957265, 52: 0.007856620546143, 53: 0.009356054275792176, 54: 0.008236072052656727, 55: 0.008026285808687523, 56: 0.0071898554043683185, 57: 0.00937195311400112, 58: 0.011479850674419995, 59: 0.009925659014360823, 60: 0.005877486653282912, 61: 0.010961184762819692, 62: 0.006557421570780916, 63: 0.007248150583586777, 64: 0.0071370326470203485, 65: 0.007386145603680272, 66: 0.010537623399438999, 67: 0.008150331461328535, 68: 0.007597293315782225, 69: 0.008059815805850414, 70: 0.010329411941545621, 71: 0.007155513551034991, 72: 0.009387055366263558, 73: 0.007628883239861229, 74: 0.006833539563405123}","[72, 68, 66, 66, 66, 66, 65, 64, 64, 64, 64, 64, 64, 63, 63, 63, 63, 62, 62, 62, 62, 61, 61, 60, 60, 60, 60, 59, 59, 59, 58, 58, 58, 58, 58, 58, 57, 57, 57, 57, 57, 57, 57, 57, 57, 56, 56, 56, 56, 56, 55, 55, 55, 55, 54, 54, 54, 54, 53, 53, 53, 53, 52, 52, 52, 52, 52, 51, 51, 49, 49, 49, 48, 47, 47]","dict_values([27, 22, 25, 20, 23, 22, 29, 18, 25, 22, 21, 20, 24, 26, 17, 25, 19, 19, 20, 9, 11, 19, 24, 24, 20, 23, 22, 13, 28, 23, 14, 25, 16, 23, 36, 19, 21, 18, 23, 13, 26, 19, 17, 23, 11, 22, 18, 29, 27, 22, 25, 25, 24, 21, 23, 19, 19, 21, 17, 25, 19, 17, 22, 19, 11, 23, 26, 27, 23, 24, 22, 18, 26, 25, 25])",0.06827713449439804
38,57.306666666666665,0.3875756726709961,"{0: 0.009726294064847438, 1: 0.008817450343808543, 2: 0.006767378411373067, 3: 0.006102314773165955, 4: 0.010676424103361212, 5: 0.006138463381932146, 6: 0.009629847235873784, 7: 0.01083138444402705, 8: 0.009412487753649381, 9: 0.0105324620557985, 10: 0.006682636176041325, 11: 0.008608403010731352, 12: 0.010960816154261597, 13: 0.01033365587179362, 14: 0.010395635267873274, 15: 0.009331689384649644, 16: 0.008278336853287022, 17: 0.006195001823792274, 18: 0.010917207965958974, 19: 0.007844635992829299, 20: 0.0082095833065976, 21: 0.007439088023506362, 22: 0.0065799182916109, 23: 0.008438294721640071, 24: 0.00615768485244502, 25: 0.009658359906462029, 26: 0.006467822748199354, 27: 0.008417838673044575, 28: 0.006983302686576785, 29: 0.009060035084516615, 30: 0.011209363673685737, 31: 0.011188501560230641, 32: 0.008488227033860863, 33: 0.008649021913738399, 34: 0.007446464460120681, 35: 0.009113675045754437, 36: 0.007920642287557764, 37: 0.0068048318270974, 38: 0.005687339483832126, 39: 0.009669927134885358, 40: 0.006668269827224829, 41: 0.007515114220498247, 42: 0.005364592838616334, 43: 0.013399409884364718, 44: 0.005390912138706788, 45: 0.005343052296379409, 46: 0.009039243326373824, 47: 0.010788178426490058, 48: 0.008952302685338436, 49: 0.007528459659063162, 50: 0.00891246364363333, 51: 0.008192053654912554, 52: 0.007798613763667414, 53: 0.009325994170029113, 54: 0.007975542053005052, 55: 0.007343046464987599, 56: 0.007051157386996484, 57: 0.00911275838859706, 58: 0.011224877623208764, 59: 0.010106286145081259, 60: 0.006018366524272202, 61: 0.011009871846050226, 62: 0.006380268436282259, 63: 0.0069963049248112225, 64: 0.007298961174231541, 65: 0.00711940579327873, 66: 0.010721756972923265, 67: 0.008344219746579899, 68: 0.007698053208093921, 69: 0.007982167762851846, 70: 0.010712769839005046, 71: 0.007318284926538032, 72: 0.00901707569743746, 73: 0.007225689258695324, 74: 0.006933663938307903}","[73, 66, 65, 65, 65, 65, 65, 65, 65, 64, 64, 64, 63, 63, 63, 62, 62, 62, 62, 62, 61, 61, 61, 60, 60, 59, 59, 59, 58, 58, 58, 58, 58, 57, 57, 57, 57, 57, 57, 57, 56, 56, 56, 56, 56, 55, 55, 55, 55, 55, 55, 55, 54, 54, 54, 54, 53, 53, 53, 53, 52, 52, 52, 52, 52, 51, 51, 51, 50, 49, 49, 48, 48, 47, 47]","dict_values([27, 22, 25, 20, 23, 22, 29, 18, 25, 22, 21, 20, 24, 26, 17, 25, 19, 19, 20, 9, 11, 19, 24, 24, 20, 23, 22, 13, 28, 23, 14, 25, 16, 23, 36, 19, 21, 18, 23, 13, 26, 19, 17, 23, 11, 22, 18, 29, 27, 22, 25, 25, 24, 21, 23, 19, 19, 21, 17, 25, 19, 17, 22, 19, 11, 23, 26, 27, 23, 24, 22, 18, 26, 25, 25])",0.07277855597883245
38,57.06666666666667,0.3857978420396857,"{0: 0.00976246747430852, 1: 0.008812692662728713, 2: 0.006848078121509989, 3: 0.006260153220637126, 4: 0.010890886610276746, 5: 0.006206507989609479, 6: 0.009370113167719088, 7: 0.010922463884315529, 8: 0.00941488202981481, 9: 0.010240719499752964, 10: 0.006772118295083646, 11: 0.008676288723152457, 12: 0.011049619060454973, 13: 0.01007804042469423, 14: 0.010297026124139233, 15: 0.009513528029474421, 16: 0.008406643356439786, 17: 0.006083745959005724, 18: 0.011101380440622987, 19: 0.007909470502508799, 20: 0.008060808604989868, 21: 0.007504195442615223, 22: 0.0066211165438762026, 23: 0.00861302869578242, 24: 0.006174573320126568, 25: 0.009793887772703668, 26: 0.006485753235509372, 27: 0.008567109018782116, 28: 0.0070364009417298356, 29: 0.008995985545298495, 30: 0.010711117903428857, 31: 0.011254817124181813, 32: 0.008495145450434055, 33: 0.008677805799184991, 34: 0.00749595508173056, 35: 0.009227414925811805, 36: 0.008005786666618338, 37: 0.00681547197170209, 38: 0.006100092968704869, 39: 0.009889170503753394, 40: 0.006737117765734332, 41: 0.007041332185528293, 42: 0.005443689702458097, 43: 0.013339596670897833, 44: 0.00549625095274826, 45: 0.004794486926097682, 46: 0.009086089443876033, 47: 0.010933644717149105, 48: 0.009019969799689038, 49: 0.007608679718130925, 50: 0.008392684281186762, 51: 0.008258834543611251, 52: 0.00798361342595619, 53: 0.009335075030185087, 54: 0.00800077879974186, 55: 0.00728149809668322, 56: 0.007138578896552092, 57: 0.009266735884435958, 58: 0.010946821428606066, 59: 0.009523989283521071, 60: 0.006088140424573268, 61: 0.01098650706750075, 62: 0.006468192516954127, 63: 0.007091103897584241, 64: 0.007798234445356884, 65: 0.00717966323563465, 66: 0.010867180596335776, 67: 0.008457825909795883, 68: 0.007752574440092994, 69: 0.007894861923075588, 70: 0.010772627355444693, 71: 0.007399598488862238, 72: 0.009628639075922676, 73: 0.007333502274445488, 74: 0.00675710374462442}","[72, 65, 65, 65, 65, 65, 64, 64, 64, 64, 64, 64, 63, 63, 62, 62, 62, 62, 61, 61, 61, 61, 60, 60, 59, 59, 59, 59, 58, 58, 58, 58, 58, 57, 57, 57, 57, 57, 56, 56, 56, 56, 56, 56, 55, 55, 55, 55, 55, 55, 55, 55, 55, 54, 54, 54, 53, 52, 52, 52, 52, 52, 52, 52, 51, 51, 51, 51, 50, 49, 49, 48, 47, 47, 46]","dict_values([27, 22, 25, 20, 23, 22, 29, 18, 25, 22, 21, 20, 24, 26, 17, 25, 19, 19, 20, 9, 11, 19, 24, 24, 20, 23, 22, 13, 28, 23, 14, 25, 16, 23, 36, 19, 21, 18, 23, 13, 26, 19, 17, 23, 11, 22, 18, 29, 27, 22, 25, 25, 24, 21, 23, 19, 19, 21, 17, 25, 19, 17, 22, 19, 11, 23, 26, 27, 23, 24, 22, 18, 26, 25, 25])",0.07523779369377241
39,56.82666666666667,0.3842099078438403,"{0: 0.010217817643652075, 1: 0.008918976759534035, 2: 0.006642627956349914, 3: 0.006292279919766244, 4: 0.01124517317024421, 5: 0.006317263931295483, 6: 0.009478156154488906, 7: 0.010878961302537366, 8: 0.009567601068512899, 9: 0.00993936253939859, 10: 0.0065935674035042125, 11: 0.008778517833185121, 12: 0.011293570534314417, 13: 0.010237670722371094, 14: 0.010775733740289067, 15: 0.009103095713267898, 16: 0.008433773779526355, 17: 0.006155998181741428, 18: 0.011280189982902141, 19: 0.007685968420626378, 20: 0.008149747128552421, 21: 0.0076036937462888535, 22: 0.006667225049843058, 23: 0.008507083958491994, 24: 0.0060113061001033355, 25: 0.009906010678944222, 26: 0.006596088155420613, 27: 0.00829682922090361, 28: 0.007438138284442199, 29: 0.009548128780814645, 30: 0.010859901624989204, 31: 0.011396755147815416, 32: 0.008326759075306512, 33: 0.00910673645177865, 34: 0.007310760542184691, 35: 0.009314915072686815, 36: 0.007788598710605581, 37: 0.006905423044784341, 38: 0.00596359523847967, 39: 0.009991560268819694, 40: 0.006597308247346417, 41: 0.006848534876388051, 42: 0.005277840736299534, 43: 0.013462226155989675, 44: 0.005638922576133655, 45: 0.004585427137009053, 46: 0.008731042163068543, 47: 0.010942955000431994, 48: 0.009171558888733066, 49: 0.007467593668503376, 50: 0.008344734318853238, 51: 0.008264794397582048, 52: 0.007815835870990882, 53: 0.009872976701245496, 54: 0.008096715665420872, 55: 0.006835714202968965, 56: 0.007305616849596661, 57: 0.009584578934954272, 58: 0.010760467315028577, 59: 0.009679780726580847, 60: 0.006505353248217661, 61: 0.010746688877387804, 62: 0.006201864123107603, 63: 0.006939065725750912, 64: 0.007910592010320582, 65: 0.007097758352317492, 66: 0.010480904630889786, 67: 0.008682853179545149, 68: 0.007438911027909712, 69: 0.00805689246886923, 70: 0.010516897145093847, 71: 0.007465718276980416, 72: 0.00974635483308455, 73: 0.007762083071680596, 74: 0.006551611210417776}","[72, 66, 65, 65, 65, 65, 64, 64, 64, 63, 63, 63, 63, 63, 62, 62, 62, 61, 61, 61, 61, 60, 60, 60, 60, 59, 59, 59, 59, 58, 58, 58, 58, 57, 57, 57, 57, 56, 56, 56, 56, 56, 56, 55, 55, 55, 55, 55, 55, 55, 55, 54, 54, 53, 53, 53, 53, 52, 52, 52, 51, 51, 51, 51, 51, 51, 50, 50, 50, 49, 48, 48, 47, 46, 45]","dict_values([27, 22, 25, 20, 23, 22, 29, 18, 25, 22, 21, 20, 24, 26, 17, 25, 19, 19, 20, 9, 11, 19, 24, 24, 20, 23, 22, 13, 28, 23, 14, 25, 16, 23, 36, 19, 21, 18, 23, 13, 26, 19, 17, 23, 11, 22, 18, 29, 27, 22, 25, 25, 24, 21, 23, 19, 19, 21, 17, 25, 19, 17, 22, 19, 11, 23, 26, 27, 23, 24, 22, 18, 26, 25, 25])",0.07165876743854711
39,56.61333333333334,0.3833163073632985,"{0: 0.010334610139521286, 1: 0.009131800849271905, 2: 0.006449672015959815, 3: 0.005886145104835466, 4: 0.011169371048659824, 5: 0.005833632901680741, 6: 0.009670099390295325, 7: 0.010846235430611358, 8: 0.009636353447848849, 9: 0.01008377832246529, 10: 0.006404342576890182, 11: 0.008863328028687036, 12: 0.011477258443573808, 13: 0.010155061165494179, 14: 0.010857748033571863, 15: 0.009124834377177564, 16: 0.008642256246321305, 17: 0.006225045318624351, 18: 0.011028545573320584, 19: 0.007944376271860475, 20: 0.008304599359404481, 21: 0.00753119208524442, 22: 0.006378076225185941, 23: 0.008543522523388084, 24: 0.005654523408403979, 25: 0.009937573722085365, 26: 0.00653553566845055, 27: 0.00853469309192622, 28: 0.007544132053759264, 29: 0.009560833588040002, 30: 0.010598350754050741, 31: 0.010838581805596947, 32: 0.008019987639299316, 33: 0.009387451545197847, 34: 0.007059971335916034, 35: 0.009027676513840049, 36: 0.007865893649853954, 37: 0.007470079259065221, 38: 0.0060685460283619675, 39: 0.010412802405412354, 40: 0.006732897470418144, 41: 0.006333997900381122, 42: 0.00531983078025107, 43: 0.013595708415781364, 44: 0.005674789820905008, 45: 0.004543730090827084, 46: 0.008871930763762475, 47: 0.011153044186145676, 48: 0.009620042634059344, 49: 0.0073241826316596224, 50: 0.008822170850882839, 51: 0.008480841987617081, 52: 0.007654084453089924, 53: 0.009712061452752323, 54: 0.008048587438351636, 55: 0.007070276937531698, 56: 0.007375227955776326, 57: 0.01017623258865466, 58: 0.010863405877772476, 59: 0.008863076324058554, 60: 0.006811354695329843, 61: 0.010988197614008719, 62: 0.005827200020656062, 63: 0.007120290126354846, 64: 0.008057680083370319, 65: 0.00716854947870894, 66: 0.010972321979733236, 67: 0.008592162172148601, 68: 0.007395081635666479, 69: 0.008404039487047673, 70: 0.010611723064806317, 71: 0.007350152083548325, 72: 0.00921874036907541, 73: 0.007640759349377189, 74: 0.006961778571579666}","[72, 66, 65, 65, 65, 64, 64, 64, 63, 63, 63, 63, 63, 63, 62, 62, 62, 62, 61, 61, 60, 60, 60, 60, 60, 59, 59, 58, 58, 58, 58, 58, 57, 57, 57, 57, 57, 56, 56, 56, 56, 56, 56, 55, 55, 55, 55, 55, 54, 54, 54, 54, 53, 53, 53, 53, 53, 52, 52, 52, 51, 51, 51, 50, 50, 50, 50, 49, 48, 48, 48, 48, 47, 46, 45]","dict_values([27, 22, 25, 20, 23, 22, 29, 18, 25, 22, 21, 20, 24, 26, 17, 25, 19, 19, 20, 9, 11, 19, 24, 24, 20, 23, 22, 13, 28, 23, 14, 25, 16, 23, 36, 19, 21, 18, 23, 13, 26, 19, 17, 23, 11, 22, 18, 29, 27, 22, 25, 25, 24, 21, 23, 19, 19, 21, 17, 25, 19, 17, 22, 19, 11, 23, 26, 27, 23, 24, 22, 18, 26, 25, 25])",0.06920192432921267
39,56.32,0.38097659462289546,"{0: 0.011046520354856162, 1: 0.00899582576975596, 2: 0.00659512760561363, 3: 0.005722056487833238, 4: 0.011387892488925189, 5: 0.005902798049411561, 6: 0.009807819143191718, 7: 0.010625952923919333, 8: 0.010197088301545658, 9: 0.009820806408606995, 10: 0.006472540629523537, 11: 0.008489174955098022, 12: 0.011763513200968141, 13: 0.01038679840367783, 14: 0.010606828861419811, 15: 0.008840806343350983, 16: 0.008554515714488573, 17: 0.006025237175572219, 18: 0.010768958872408977, 19: 0.007672604177969122, 20: 0.0083941958329655, 21: 0.007105739398510508, 22: 0.006482496469614244, 23: 0.00866483369028006, 24: 0.005848649952248494, 25: 0.009503917819049927, 26: 0.006332657632278057, 27: 0.00857065378461536, 28: 0.007365165628874859, 29: 0.008972508972774039, 30: 0.011287238374901129, 31: 0.01056901887487366, 32: 0.00817052545099748, 33: 0.00962242155650485, 34: 0.006861176959039463, 35: 0.009423774663765759, 36: 0.007777004453337204, 37: 0.007934338542877919, 38: 0.0061666346660409176, 39: 0.010734996925834111, 40: 0.006839390985506173, 41: 0.006295653458383006, 42: 0.005418950076537336, 43: 0.013826957620693574, 44: 0.0056801919868631765, 45: 0.004280435585039258, 46: 0.00877683892601828, 47: 0.011192330442245619, 48: 0.009627613199647639, 49: 0.007340096804503692, 50: 0.008980781969458332, 51: 0.008415406624088078, 52: 0.0077361759634650765, 53: 0.010152731358571301, 54: 0.007683782707108549, 55: 0.007280425874566846, 56: 0.0075660031566240505, 57: 0.009845977293706206, 58: 0.01098207092391536, 59: 0.009376334351418113, 60: 0.007440999618890962, 61: 0.011187500277103316, 62: 0.00581065505548096, 63: 0.006745334005024832, 64: 0.008161223413142493, 65: 0.0072520768950855045, 66: 0.010611963646973616, 67: 0.008682042751553758, 68: 0.0072296519990972695, 69: 0.008911048545628044, 70: 0.01113605153137152, 71: 0.007419584154443565, 72: 0.008382628745292556, 73: 0.007738985295815525, 74: 0.006952240738660857}","[72, 66, 65, 65, 65, 64, 64, 64, 64, 63, 63, 62, 62, 62, 62, 62, 61, 61, 61, 60, 60, 60, 60, 60, 59, 59, 59, 58, 58, 58, 58, 57, 57, 57, 56, 56, 56, 56, 56, 56, 55, 55, 55, 55, 55, 55, 54, 54, 54, 54, 53, 53, 53, 53, 53, 52, 52, 52, 52, 52, 52, 51, 50, 50, 50, 50, 49, 49, 49, 48, 47, 47, 47, 46, 44]","dict_values([27, 22, 25, 20, 23, 22, 29, 18, 25, 22, 21, 20, 24, 26, 17, 25, 19, 19, 20, 9, 11, 19, 24, 24, 20, 23, 22, 13, 28, 23, 14, 25, 16, 23, 36, 19, 21, 18, 23, 13, 26, 19, 17, 23, 11, 22, 18, 29, 27, 22, 25, 25, 24, 21, 23, 19, 19, 21, 17, 25, 19, 17, 22, 19, 11, 23, 26, 27, 23, 24, 22, 18, 26, 25, 25])",0.07195221031336088
39,56.16,0.38015976009768776,"{0: 0.011388177316015647, 1: 0.009049285487800693, 2: 0.006630112133950293, 3: 0.0058034803897117826, 4: 0.011469696690390952, 5: 0.0056675081061187335, 6: 0.010161193876046073, 7: 0.010852560702798202, 8: 0.009874393041353045, 9: 0.009558089610784805, 10: 0.00684688283902627, 11: 0.007843967916755143, 12: 0.011615680861354977, 13: 0.00978582077812325, 14: 0.010046887064572293, 15: 0.009327926807198617, 16: 0.008725521532998529, 17: 0.0060207202190004664, 18: 0.010708686702950668, 19: 0.00751434965804744, 20: 0.008415628237556651, 21: 0.006754629418069342, 22: 0.006644741054597283, 23: 0.008553286127080607, 24: 0.006021051388751462, 25: 0.009214759290568274, 26: 0.006074457126240493, 27: 0.009015520114644333, 28: 0.007733022816889817, 29: 0.009170168482480286, 30: 0.010735379801073853, 31: 0.011150768031360933, 32: 0.008307061138500133, 33: 0.009684574805551101, 34: 0.006957897087885637, 35: 0.009409846788181322, 36: 0.0078446853922383, 37: 0.007617042306013426, 38: 0.006080907038856911, 39: 0.010864465291603845, 40: 0.0072044875058149575, 41: 0.006008994609020056, 42: 0.005492868406902081, 43: 0.013878601439301641, 44: 0.005778221183348626, 45: 0.00430597917715692, 46: 0.008463880478437921, 47: 0.01153391528513459, 48: 0.009690302864313636, 49: 0.007356027831609918, 50: 0.009584913983690437, 51: 0.009110987692299453, 52: 0.008158978899362294, 53: 0.010035816001929916, 54: 0.007452532580559638, 55: 0.0072933686644509835, 56: 0.00824534622511636, 57: 0.009664309732961925, 58: 0.010904475573248635, 59: 0.009174022257433342, 60: 0.006740236236822183, 61: 0.010944458368013226, 62: 0.005516564425975343, 63: 0.0068419217998822715, 64: 0.00879723172441269, 65: 0.007262715374541576, 66: 0.010877377384385739, 67: 0.008713068532982439, 68: 0.007072119916706203, 69: 0.008993175863855282, 70: 0.010697205768031504, 71: 0.007470937789494557, 72: 0.008187981461604177, 73: 0.007934458540135202, 74: 0.007013334188203776}","[72, 66, 66, 65, 65, 63, 63, 63, 63, 63, 63, 63, 62, 62, 62, 61, 61, 61, 60, 60, 60, 60, 59, 59, 59, 58, 58, 58, 58, 58, 57, 57, 57, 57, 57, 57, 57, 56, 56, 56, 56, 56, 56, 55, 55, 54, 54, 54, 54, 53, 53, 53, 52, 52, 52, 52, 52, 52, 52, 52, 51, 51, 50, 50, 50, 49, 49, 49, 49, 47, 47, 47, 46, 46, 44]","dict_values([27, 22, 25, 20, 23, 22, 29, 18, 25, 22, 21, 20, 24, 26, 17, 25, 19, 19, 20, 9, 11, 19, 24, 24, 20, 23, 22, 13, 28, 23, 14, 25, 16, 23, 36, 19, 21, 18, 23, 13, 26, 19, 17, 23, 11, 22, 18, 29, 27, 22, 25, 25, 24, 21, 23, 19, 19, 21, 17, 25, 19, 17, 22, 19, 11, 23, 26, 27, 23, 24, 22, 18, 26, 25, 25])",0.07456965085961602
38,55.92,0.37835153598450777,"{0: 0.011263670049029902, 1: 0.00915563337713344, 2: 0.006796950288245509, 3: 0.006022998152647418, 4: 0.010881176582383167, 5: 0.005686527771592872, 6: 0.010285543679135437, 7: 0.010927722861010958, 8: 0.009557543277431737, 9: 0.009449475198128662, 10: 0.0068682315408745715, 11: 0.008012246093801714, 12: 0.011087052385453502, 13: 0.009905076245887984, 14: 0.010384397717405902, 15: 0.009846586905887555, 16: 0.00880086306684127, 17: 0.00630009419504309, 18: 0.011129087419430523, 19: 0.0075728289721673685, 20: 0.008536615011391295, 21: 0.006472330136925752, 22: 0.006328858740432599, 23: 0.008794781269759003, 24: 0.006058996844759601, 25: 0.009299626302308775, 26: 0.006183576614892615, 27: 0.009436946499056851, 28: 0.007369059619473121, 29: 0.008968302641963527, 30: 0.011038329164362922, 31: 0.010600261184467469, 32: 0.008086648503703936, 33: 0.009803350629403474, 34: 0.006840012165460658, 35: 0.009305920057542261, 36: 0.00783137217278826, 37: 0.008242450609599343, 38: 0.00644113534132195, 39: 0.01137425312300201, 40: 0.007300143253215904, 41: 0.005997509826128513, 42: 0.005494489169051279, 43: 0.014041936489877458, 44: 0.005885312606865683, 45: 0.004428793926334111, 46: 0.008199026850422161, 47: 0.011143570520293454, 48: 0.009427290862837324, 49: 0.007450081351381239, 50: 0.009367287226028058, 51: 0.009199011630995596, 52: 0.008278207492550765, 53: 0.010200234044014527, 54: 0.00777999466663108, 55: 0.007154331953146577, 56: 0.00873224514467782, 57: 0.00976629533846761, 58: 0.010970081616896577, 59: 0.00886039938136083, 60: 0.006737882059407569, 61: 0.011112891614609245, 62: 0.005355163029629715, 63: 0.006833826320445772, 64: 0.008720643620077441, 65: 0.007467012764629288, 66: 0.011102639731928505, 67: 0.008887050244031032, 68: 0.006744903847198262, 69: 0.008825514231542902, 70: 0.010314279600508873, 71: 0.0075079798753406625, 72: 0.008189396702745447, 73: 0.0077358886044580945, 74: 0.007049852841659111}","[72, 65, 64, 64, 64, 63, 63, 63, 63, 63, 63, 63, 62, 62, 62, 62, 61, 60, 60, 59, 59, 59, 59, 59, 58, 58, 58, 58, 58, 58, 57, 57, 57, 57, 56, 56, 56, 56, 56, 56, 55, 55, 55, 55, 55, 54, 54, 54, 53, 53, 53, 53, 52, 52, 52, 52, 52, 51, 51, 51, 51, 50, 50, 50, 50, 50, 49, 49, 48, 48, 48, 47, 46, 46, 44]","dict_values([27, 22, 25, 20, 23, 22, 29, 18, 25, 22, 21, 20, 24, 26, 17, 25, 19, 19, 20, 9, 11, 19, 24, 24, 20, 23, 22, 13, 28, 23, 14, 25, 16, 23, 36, 19, 21, 18, 23, 13, 26, 19, 17, 23, 11, 22, 18, 29, 27, 22, 25, 25, 24, 21, 23, 19, 19, 21, 17, 25, 19, 17, 22, 19, 11, 23, 26, 27, 23, 24, 22, 18, 26, 25, 25])",0.07778785189187543
37,55.52,0.37606003921683284,"{0: 0.011956299537939984, 1: 0.008693671204803992, 2: 0.007182088629563078, 3: 0.006267092129512078, 4: 0.010835942426552718, 5: 0.005543278047413083, 6: 0.010542057367357421, 7: 0.011469253703604186, 8: 0.009736030224600564, 9: 0.009016343144168751, 10: 0.007470543178694501, 11: 0.007847824377098309, 12: 0.010703323465209042, 13: 0.010212523234438923, 14: 0.010511278912981701, 15: 0.009408776718671115, 16: 0.00908235514930031, 17: 0.006149923013445638, 18: 0.01102693576505019, 19: 0.007676956140101311, 20: 0.008520010570829096, 21: 0.006557405801171441, 22: 0.006464216421169643, 23: 0.00842165269754438, 24: 0.005981508811092339, 25: 0.009391784491714515, 26: 0.006390082254463694, 27: 0.009168973724033313, 28: 0.007519533695103058, 29: 0.008901424728537837, 30: 0.011380598526469853, 31: 0.010743249809527004, 32: 0.008326233429079179, 33: 0.009645119251389663, 34: 0.006911277541923454, 35: 0.008958277796014767, 36: 0.008145153517889851, 37: 0.007692864568421208, 38: 0.006688853129276811, 39: 0.011101041689436023, 40: 0.007267029990905051, 41: 0.006081953791515265, 42: 0.005872033430719126, 43: 0.014978594284862574, 44: 0.005813998199171447, 45: 0.004421931673140377, 46: 0.008140289700682425, 47: 0.0118491790943973, 48: 0.009559918840952815, 49: 0.007391281598733145, 50: 0.009186838597808104, 51: 0.009313315473988105, 52: 0.008164535688762754, 53: 0.010706972069837332, 54: 0.007478833682500081, 55: 0.007229619318766442, 56: 0.008994383324825668, 57: 0.009933320429948787, 58: 0.011162471812308533, 59: 0.008185487795787214, 60: 0.0064630762587630985, 61: 0.011054331245762179, 62: 0.0054382286272951705, 63: 0.006562365766795557, 64: 0.008770488599467777, 65: 0.0075639780146438615, 66: 0.011681641890196113, 67: 0.008971670000286567, 68: 0.006794395850865592, 69: 0.008908710527470864, 70: 0.010123382691133654, 71: 0.007119165514877802, 72: 0.00795885263658494, 73: 0.007363746610534005, 74: 0.007236668343744556}","[73, 66, 65, 64, 64, 63, 63, 63, 63, 63, 62, 62, 62, 61, 61, 61, 60, 60, 60, 59, 59, 59, 59, 58, 58, 57, 57, 57, 57, 57, 57, 56, 56, 56, 56, 56, 56, 55, 55, 55, 55, 54, 54, 54, 54, 53, 53, 53, 53, 52, 52, 52, 52, 52, 52, 52, 51, 51, 51, 51, 51, 51, 50, 50, 49, 49, 49, 48, 48, 48, 47, 47, 46, 46, 43]","dict_values([27, 22, 25, 20, 23, 22, 29, 18, 25, 22, 21, 20, 24, 26, 17, 25, 19, 19, 20, 9, 11, 19, 24, 24, 20, 23, 22, 13, 28, 23, 14, 25, 16, 23, 36, 19, 21, 18, 23, 13, 26, 19, 17, 23, 11, 22, 18, 29, 27, 22, 25, 25, 24, 21, 23, 19, 19, 21, 17, 25, 19, 17, 22, 19, 11, 23, 26, 27, 23, 24, 22, 18, 26, 25, 25])",0.07318782003190973
37,55.17333333333333,0.3738987607937779,"{0: 0.01221161348181154, 1: 0.008821630246945145, 2: 0.007215073070283217, 3: 0.006279753442482989, 4: 0.011136154132835502, 5: 0.005666803941486922, 6: 0.010316914458841598, 7: 0.011353421576236367, 8: 0.010277003635235532, 9: 0.00912843489606711, 10: 0.0075650940236482445, 11: 0.007777423374989005, 12: 0.010945640412803992, 13: 0.010340595022409351, 14: 0.010741294658657566, 15: 0.009528464861070144, 16: 0.00852231682234015, 17: 0.006424438642461037, 18: 0.011267227091159404, 19: 0.0073122666587720235, 20: 0.00827175397688354, 21: 0.006340895920076548, 22: 0.006611039961425899, 23: 0.008214117397341876, 24: 0.005709445631092011, 25: 0.009275668043003383, 26: 0.006804590973766934, 27: 0.009225612488314468, 28: 0.007643291448796347, 29: 0.008845263028540518, 30: 0.01152059397770624, 31: 0.01058777850679543, 32: 0.008187562913696336, 33: 0.009536575755456966, 34: 0.007175827645313205, 35: 0.008944552555657778, 36: 0.008009875139259338, 37: 0.00749221463469311, 38: 0.006419795859816641, 39: 0.01131001981944558, 40: 0.007416177067932869, 41: 0.00596195143541299, 42: 0.005435390699555846, 43: 0.015205965839739538, 44: 0.005917706350824803, 45: 0.004229475829999602, 46: 0.007133124318967654, 47: 0.01201245517930916, 48: 0.009601739858801224, 49: 0.007212323638751817, 50: 0.00877318218092848, 51: 0.009185561855045295, 52: 0.008390314787426623, 53: 0.010521796884662149, 54: 0.00742184683058978, 55: 0.007315124798107536, 56: 0.009223184152941565, 57: 0.01014675122859312, 58: 0.011380614999831251, 59: 0.008318643150485045, 60: 0.0064133654113084975, 61: 0.011150379448176217, 62: 0.005469888257008152, 63: 0.006494609382507511, 64: 0.009235060458076701, 65: 0.0077003582970227025, 66: 0.012102269461307165, 67: 0.009253128586539672, 68: 0.006830803174742697, 69: 0.009727705106537967, 70: 0.010227689804855927, 71: 0.007175971745079852, 72: 0.008115877471289064, 73: 0.00745550013701759, 74: 0.007276988351779481}","[73, 66, 65, 64, 63, 63, 63, 63, 63, 62, 62, 62, 62, 61, 61, 60, 60, 60, 59, 59, 59, 59, 59, 58, 58, 57, 57, 57, 56, 56, 56, 56, 56, 55, 55, 55, 55, 55, 54, 54, 54, 54, 54, 53, 53, 53, 53, 52, 52, 52, 52, 52, 52, 51, 51, 51, 51, 51, 51, 51, 50, 50, 50, 50, 50, 48, 48, 48, 48, 48, 47, 46, 46, 46, 42]","dict_values([27, 22, 25, 20, 23, 22, 29, 18, 25, 22, 21, 20, 24, 26, 17, 25, 19, 19, 20, 9, 11, 19, 24, 24, 20, 23, 22, 13, 28, 23, 14, 25, 16, 23, 36, 19, 21, 18, 23, 13, 26, 19, 17, 23, 11, 22, 18, 29, 27, 22, 25, 25, 24, 21, 23, 19, 19, 21, 17, 25, 19, 17, 22, 19, 11, 23, 26, 27, 23, 24, 22, 18, 26, 25, 25])",0.08034015447253418
37,54.906666666666666,0.37207286148767943,"{0: 0.012274450894621387, 1: 0.008609538076701655, 2: 0.00655028345001414, 3: 0.00590051731268492, 4: 0.01124929834851799, 5: 0.005694396569751758, 6: 0.010525066247319095, 7: 0.011099225937111344, 8: 0.010501969053540368, 9: 0.008712111307906294, 10: 0.00799347382853893, 11: 0.007649550340080051, 12: 0.011089995447368535, 13: 0.009946823340362081, 14: 0.010623922234624555, 15: 0.009575122299898585, 16: 0.008607232805672096, 17: 0.005615198050733909, 18: 0.01138858237971856, 19: 0.007371897629913236, 20: 0.008314671697077652, 21: 0.006058312476629623, 22: 0.006453512937301478, 23: 0.008324732233984113, 24: 0.00574759331120924, 25: 0.009357368485194093, 26: 0.006841962091866667, 27: 0.009331579556408854, 28: 0.007491440395454561, 29: 0.009029025133132602, 30: 0.011330661976628726, 31: 0.010654584234358612, 32: 0.00837844376321411, 33: 0.009653345402847078, 34: 0.007118181974250934, 35: 0.009131931808359984, 36: 0.00811078581022175, 37: 0.007540367508188449, 38: 0.006724421506908042, 39: 0.01071284822106528, 40: 0.007979278420666945, 41: 0.00625955820355498, 42: 0.005186326552266583, 43: 0.014984321033135654, 44: 0.005891767304995176, 45: 0.004258064244969967, 46: 0.007426185514473821, 47: 0.012238671541706025, 48: 0.010191792361572676, 49: 0.007337523202805871, 50: 0.009086968481715928, 51: 0.00957092064088756, 52: 0.00863404579767657, 53: 0.01070333708936915, 54: 0.008052255348843414, 55: 0.007485446724017063, 56: 0.009016360889054812, 57: 0.010313944061929559, 58: 0.011685808884852524, 59: 0.008205845398633472, 60: 0.00683677166458455, 61: 0.011300014025691535, 62: 0.0055959625369905695, 63: 0.0065256541445629195, 64: 0.008706490351439247, 65: 0.007122289636656235, 66: 0.012262698474475907, 67: 0.009256203608699474, 68: 0.006925635871148826, 69: 0.009568551306167409, 70: 0.01086797501695292, 71: 0.006868069279537111, 72: 0.00808691233751669, 73: 0.007185623728946177, 74: 0.007340432783623759}","[72, 66, 65, 64, 63, 63, 63, 62, 62, 62, 62, 62, 62, 61, 60, 60, 60, 60, 60, 59, 59, 58, 58, 58, 58, 57, 57, 57, 56, 56, 56, 55, 55, 55, 55, 54, 54, 54, 54, 54, 54, 54, 53, 53, 53, 53, 53, 53, 52, 52, 52, 52, 52, 51, 51, 51, 51, 51, 50, 50, 50, 49, 49, 48, 48, 48, 48, 48, 48, 48, 47, 46, 45, 45, 42]","dict_values([27, 22, 25, 20, 23, 22, 29, 18, 25, 22, 21, 20, 24, 26, 17, 25, 19, 19, 20, 9, 11, 19, 24, 24, 20, 23, 22, 13, 28, 23, 14, 25, 16, 23, 36, 19, 21, 18, 23, 13, 26, 19, 17, 23, 11, 22, 18, 29, 27, 22, 25, 25, 24, 21, 23, 19, 19, 21, 17, 25, 19, 17, 22, 19, 11, 23, 26, 27, 23, 24, 22, 18, 26, 25, 25])",0.0730256840400983
36,54.64,0.36974158140326235,"{0: 0.012026117019172278, 1: 0.008645297263347224, 2: 0.0066374480909130356, 3: 0.005939859913469906, 4: 0.011199663271687105, 5: 0.0057715459317520465, 6: 0.010647045449730042, 7: 0.010839264689088687, 8: 0.010560812081762929, 9: 0.00881931047226437, 10: 0.008157740612467278, 11: 0.007725748875182694, 12: 0.011212354549381139, 13: 0.009696714861002998, 14: 0.010682462180352252, 15: 0.009789406760758387, 16: 0.008677300919603392, 17: 0.00545680156377175, 18: 0.011455940152555787, 19: 0.007135736716878834, 20: 0.00837318878319345, 21: 0.006546896782646815, 22: 0.006554356778072798, 23: 0.007443217360675693, 24: 0.005842269404125294, 25: 0.00921573908182755, 26: 0.006117770890184902, 27: 0.00936331570820947, 28: 0.007612401816725579, 29: 0.008802719693236682, 30: 0.011551546432955738, 31: 0.010750349237456411, 32: 0.008613448974045267, 33: 0.009815468252265827, 34: 0.007160916424721083, 35: 0.009242168124277203, 36: 0.00854280866367893, 37: 0.007713888571060204, 38: 0.0064857788791161716, 39: 0.011159508074400562, 40: 0.00813167661289931, 41: 0.006344178246877682, 42: 0.00528484091850859, 43: 0.015310383459212925, 44: 0.005972457111712381, 45: 0.004250993670869407, 46: 0.00751190553875146, 47: 0.012101289308231927, 48: 0.010298549079879924, 49: 0.007232652312225237, 50: 0.009122816568530976, 51: 0.009694495506552846, 52: 0.008748954218439778, 53: 0.010819215801138277, 54: 0.008045763732762756, 55: 0.007477299380051828, 56: 0.009222684724455367, 57: 0.009907964546361, 58: 0.011584860268540664, 59: 0.008216170494575008, 60: 0.006367884189250658, 61: 0.011459737760153386, 62: 0.005703466687552102, 63: 0.006738805033633057, 64: 0.008492657526755666, 65: 0.007565074551587976, 66: 0.01246678481771149, 67: 0.00936901897025312, 68: 0.006606473898078716, 69: 0.009299236930285747, 70: 0.010937423031606417, 71: 0.007012758682941897, 72: 0.008206437361352752, 73: 0.007320797226274557, 74: 0.0072832613021976455}","[72, 65, 64, 63, 63, 63, 62, 62, 62, 62, 62, 62, 61, 61, 61, 60, 60, 60, 60, 59, 58, 58, 58, 57, 57, 57, 57, 57, 56, 56, 55, 55, 55, 54, 54, 54, 54, 54, 54, 54, 54, 53, 53, 53, 53, 53, 52, 52, 52, 52, 52, 51, 51, 51, 51, 51, 51, 50, 50, 50, 49, 49, 48, 48, 48, 48, 48, 48, 48, 47, 47, 46, 45, 44, 42]","dict_values([27, 22, 25, 20, 23, 22, 29, 18, 25, 22, 21, 20, 24, 26, 17, 25, 19, 19, 20, 9, 11, 19, 24, 24, 20, 23, 22, 13, 28, 23, 14, 25, 16, 23, 36, 19, 21, 18, 23, 13, 26, 19, 17, 23, 11, 22, 18, 29, 27, 22, 25, 25, 24, 21, 23, 19, 19, 21, 17, 25, 19, 17, 22, 19, 11, 23, 26, 27, 23, 24, 22, 18, 26, 25, 25])",0.072889654894804
36,54.45333333333333,0.36815478675167307,"{0: 0.01209600237310276, 1: 0.008709163325812813, 2: 0.006679699694405576, 3: 0.005645879396886649, 4: 0.011248819148050593, 5: 0.005844750977060586, 6: 0.010377441442160046, 7: 0.010886980477494423, 8: 0.01018985896101126, 9: 0.008875380455217522, 10: 0.008209422693709561, 11: 0.007775135908208906, 12: 0.01135873792501512, 13: 0.009807487830304745, 14: 0.010704539647932072, 15: 0.010137092559999733, 16: 0.008723236391659568, 17: 0.005269140331589969, 18: 0.011557137342794073, 19: 0.007227161280809791, 20: 0.008923102613727748, 21: 0.006962606711853922, 22: 0.0066133841678288, 23: 0.007503972223361437, 24: 0.00577442747513481, 25: 0.008492667884753141, 26: 0.006184642609003268, 27: 0.009411028511711323, 28: 0.007731234298571762, 29: 0.008851243971213013, 30: 0.011140038824884587, 31: 0.01075669026414393, 32: 0.008502375509829175, 33: 0.00989118511887713, 34: 0.007151620362793442, 35: 0.009133859526146234, 36: 0.008960515908954277, 37: 0.007753153508645683, 38: 0.006626163608541996, 39: 0.011648767905924697, 40: 0.00790224454316443, 41: 0.006397939022838297, 42: 0.005565065599418203, 43: 0.015224346588325131, 44: 0.005786898888281475, 45: 0.004264510541812377, 46: 0.007579962291240475, 47: 0.012187302632973707, 48: 0.009927818829012685, 49: 0.007032842533446885, 50: 0.009284244564313692, 51: 0.009788979243514137, 52: 0.008399693434046035, 53: 0.010978222895076876, 54: 0.008132159452720122, 55: 0.007246225006202106, 56: 0.009188009356326503, 57: 0.009967412047387873, 58: 0.011823549405189851, 59: 0.008643552438878788, 60: 0.006397534133284165, 61: 0.011655422051325186, 62: 0.005905871855710694, 63: 0.006814855880231849, 64: 0.007980281412402293, 65: 0.007610455066348024, 66: 0.012449985809224963, 67: 0.009148058756544198, 68: 0.0066393229954970585, 69: 0.009647325639828641, 70: 0.011039173129634058, 71: 0.007059206756489436, 72: 0.007816463094464708, 73: 0.007331342880454378, 74: 0.007237087197804361}","[71, 65, 64, 63, 63, 62, 62, 62, 62, 62, 62, 61, 61, 61, 61, 60, 60, 59, 59, 59, 58, 57, 57, 57, 57, 57, 57, 56, 56, 56, 55, 55, 55, 54, 54, 54, 54, 54, 54, 53, 53, 53, 53, 53, 53, 53, 53, 52, 52, 52, 51, 51, 51, 51, 51, 50, 50, 50, 50, 50, 49, 49, 49, 48, 48, 48, 48, 47, 47, 47, 47, 46, 45, 43, 42]","dict_values([27, 22, 25, 20, 23, 22, 29, 18, 25, 22, 21, 20, 24, 26, 17, 25, 19, 19, 20, 9, 11, 19, 24, 24, 20, 23, 22, 13, 28, 23, 14, 25, 16, 23, 36, 19, 21, 18, 23, 13, 26, 19, 17, 23, 11, 22, 18, 29, 27, 22, 25, 25, 24, 21, 23, 19, 19, 21, 17, 25, 19, 17, 22, 19, 11, 23, 26, 27, 23, 24, 22, 18, 26, 25, 25])",0.0755260969205931
36,54.21333333333333,0.36662748384405736,"{0: 0.012117169935567664, 1: 0.0088036662456582, 2: 0.006518470862802682, 3: 0.005614620033435506, 4: 0.011299066448499342, 5: 0.0060105899372186414, 6: 0.010520114776815652, 7: 0.010359303636413703, 8: 0.010303565133339508, 9: 0.009364159796736589, 10: 0.00842074637400987, 11: 0.007849796760468472, 12: 0.011437990839683025, 13: 0.009977455284720224, 14: 0.010870050686730783, 15: 0.010189290632947202, 16: 0.008508908685442889, 17: 0.005254239460524714, 18: 0.011768161430731939, 19: 0.007531697706470947, 20: 0.008953665068746286, 21: 0.007047391557973008, 22: 0.006231611621471241, 23: 0.0073576790019271995, 24: 0.005689581691255989, 25: 0.009143100127651137, 26: 0.006327313707556721, 27: 0.009548954828122732, 28: 0.00740071700592715, 29: 0.008941364931599884, 30: 0.01160459910617798, 31: 0.011204085745785988, 32: 0.008572255031763494, 33: 0.00970240171091564, 34: 0.006946318263857176, 35: 0.009341665300080765, 36: 0.008985887747433115, 37: 0.007767550002695681, 38: 0.00685499217641166, 39: 0.011679734974562999, 40: 0.007747500970814088, 41: 0.006106044381628589, 42: 0.005937434969624631, 43: 0.015048349227597714, 44: 0.005950237931556053, 45: 0.004165472172226063, 46: 0.007257351266574655, 47: 0.011626028089023901, 48: 0.010081377792052546, 49: 0.007111497834704925, 50: 0.009329833822231716, 51: 0.010341494578516006, 52: 0.008458291714844156, 53: 0.010722183426708644, 54: 0.007960778404022394, 55: 0.007844487667370318, 56: 0.009601365240122185, 57: 0.010462166117887311, 58: 0.0114782298828484, 59: 0.008171107778279415, 60: 0.006193017404794833, 61: 0.011652775881273699, 62: 0.005915036410657514, 63: 0.006279693928926298, 64: 0.00795822181137412, 65: 0.007802257616181023, 66: 0.012488772330686746, 67: 0.008446622277509011, 68: 0.006676232354525679, 69: 0.009661961366591683, 70: 0.01052260610923948, 71: 0.007146305968339482, 72: 0.008301768802373155, 73: 0.007489079758631054, 74: 0.007099645193923999}","[70, 64, 63, 63, 63, 62, 62, 62, 62, 62, 61, 61, 61, 61, 60, 60, 59, 59, 59, 59, 58, 58, 58, 57, 57, 57, 57, 56, 55, 55, 55, 55, 54, 54, 54, 54, 54, 53, 53, 53, 53, 53, 53, 53, 53, 52, 52, 52, 52, 52, 51, 51, 51, 51, 50, 50, 50, 50, 50, 49, 49, 48, 48, 48, 47, 47, 47, 47, 47, 47, 47, 46, 46, 43, 41]","dict_values([27, 22, 25, 20, 23, 22, 29, 18, 25, 22, 21, 20, 24, 26, 17, 25, 19, 19, 20, 9, 11, 19, 24, 24, 20, 23, 22, 13, 28, 23, 14, 25, 16, 23, 36, 19, 21, 18, 23, 13, 26, 19, 17, 23, 11, 22, 18, 29, 27, 22, 25, 25, 24, 21, 23, 19, 19, 21, 17, 25, 19, 17, 22, 19, 11, 23, 26, 27, 23, 24, 22, 18, 26, 25, 25])",0.06998591126394808
36,53.89333333333333,0.3645478249661205,"{0: 0.012242683150323426, 1: 0.00898316857564401, 2: 0.006315972201399913, 3: 0.005696990150052196, 4: 0.01152503481508012, 5: 0.006113793122613609, 6: 0.011112603962173494, 7: 0.010544532608911007, 8: 0.010443679913865245, 9: 0.009363685546665241, 10: 0.008625800431803655, 11: 0.007966391568844104, 12: 0.011220999441184775, 13: 0.010129501241560703, 14: 0.01074986064913543, 15: 0.010334104808784744, 16: 0.008623844608195088, 17: 0.005323482252370247, 18: 0.01202915886638691, 19: 0.007555616641550239, 20: 0.009111130113399082, 21: 0.006351334098216919, 22: 0.006339801208911434, 23: 0.007225299216042175, 24: 0.005761333827875167, 25: 0.009366323286007252, 26: 0.006241654889021189, 27: 0.009156459144531158, 28: 0.007603317122910828, 29: 0.008972506219791941, 30: 0.010853881307716426, 31: 0.011218322479402253, 32: 0.0086778487161243, 33: 0.009848337473289762, 34: 0.006126423608346081, 35: 0.009421650643966188, 36: 0.008828331415420701, 37: 0.007880050553350948, 38: 0.006958225670056112, 39: 0.011901925522096011, 40: 0.008186239851333791, 41: 0.005598585141292636, 42: 0.006015440184616148, 43: 0.015191992501780872, 44: 0.006197694590173066, 45: 0.0041520016208828284, 46: 0.007219246605182323, 47: 0.011823404142564338, 48: 0.010360248074951834, 49: 0.00678217173483088, 50: 0.009505109329900459, 51: 0.01051961826087015, 52: 0.008577428049733913, 53: 0.011086011615879294, 54: 0.008089507707812131, 55: 0.007180713041065473, 56: 0.009706835274077312, 57: 0.010598966073381866, 58: 0.011647040486791965, 59: 0.007971923760602247, 60: 0.00611324480789895, 61: 0.011396591625290891, 62: 0.005937447563205652, 63: 0.0063838379543032, 64: 0.008226457706120894, 65: 0.007899671336680963, 66: 0.012672572600103457, 67: 0.008564805594725364, 68: 0.0065128049549983595, 69: 0.009724429388366715, 70: 0.01028686630863264, 71: 0.007232372558233632, 72: 0.008458267246542832, 73: 0.007572696774157821, 74: 0.007139258695463369}","[70, 64, 63, 63, 62, 62, 62, 62, 61, 61, 61, 61, 60, 60, 60, 59, 59, 59, 59, 59, 58, 58, 58, 57, 57, 57, 56, 56, 55, 55, 55, 55, 54, 54, 54, 54, 54, 53, 53, 53, 53, 53, 53, 52, 52, 52, 52, 52, 52, 52, 51, 51, 50, 50, 49, 49, 49, 49, 48, 48, 48, 48, 48, 47, 47, 47, 47, 47, 47, 47, 46, 46, 44, 43, 40]","dict_values([27, 22, 25, 20, 23, 22, 29, 18, 25, 22, 21, 20, 24, 26, 17, 25, 19, 19, 20, 9, 11, 19, 24, 24, 20, 23, 22, 13, 28, 23, 14, 25, 16, 23, 36, 19, 21, 18, 23, 13, 26, 19, 17, 23, 11, 22, 18, 29, 27, 22, 25, 25, 24, 21, 23, 19, 19, 21, 17, 25, 19, 17, 22, 19, 11, 23, 26, 27, 23, 24, 22, 18, 26, 25, 25])",0.07905022988457903
36,53.36,0.36203801682550923,"{0: 0.012506167237336921, 1: 0.008437935152637993, 2: 0.006511518991373948, 3: 0.0057857179694937875, 4: 0.011164233356373744, 5: 0.006045992122044044, 6: 0.01129161486338423, 7: 0.010619954457944966, 8: 0.010722574884541041, 9: 0.008934887164444327, 10: 0.008586952277577409, 11: 0.007846908868728209, 12: 0.011166658377630007, 13: 0.009975566518729925, 14: 0.011099192289817424, 15: 0.01064287338301199, 16: 0.008913690663340775, 17: 0.004912670912872364, 18: 0.012291345953715012, 19: 0.007745843990213059, 20: 0.008731610878118365, 21: 0.0064135464982086965, 22: 0.006514868607991726, 23: 0.006759025721862496, 24: 0.0054733607206031085, 25: 0.009923081338577257, 26: 0.006285346636930674, 27: 0.009408999464504362, 28: 0.007160174692459778, 29: 0.009313370112174132, 30: 0.01124650020037773, 31: 0.011546949763159101, 32: 0.008999135288418125, 33: 0.01005580780963537, 34: 0.006228634508300735, 35: 0.009319365265587678, 36: 0.009032299207867649, 37: 0.007897753702548223, 38: 0.006870001362452273, 39: 0.011701918970303975, 40: 0.008420599618275518, 41: 0.0054232398460843274, 42: 0.0062251961386254615, 43: 0.015180247122335422, 44: 0.005958513851395227, 45: 0.003788114299851439, 46: 0.007452149853745693, 47: 0.011817182060289415, 48: 0.010370250349151067, 49: 0.006590510765571199, 50: 0.009278125512115501, 51: 0.01080141896757225, 52: 0.00925027849701288, 53: 0.010555224300241053, 54: 0.008233115215493603, 55: 0.007563347416341606, 56: 0.010306216149339268, 57: 0.010930032661499221, 58: 0.012011443720803745, 59: 0.007790875981851003, 60: 0.0054989683385183626, 61: 0.011517263588227154, 62: 0.00608007460847912, 63: 0.0063983906057361265, 64: 0.008051259997630848, 65: 0.008042112623254742, 66: 0.013280267113922058, 67: 0.009044890347627033, 68: 0.00669236316129646, 69: 0.009819968031447664, 70: 0.010480493967907694, 71: 0.006715377573969044, 72: 0.00875728448860261, 73: 0.007369369856381605, 74: 0.007385796512508841}","[69, 64, 63, 62, 62, 62, 61, 61, 61, 61, 60, 60, 60, 60, 60, 59, 59, 58, 58, 58, 58, 58, 57, 56, 56, 56, 56, 56, 56, 55, 55, 54, 54, 54, 54, 54, 53, 53, 53, 53, 53, 52, 52, 52, 52, 51, 51, 51, 51, 51, 51, 50, 50, 49, 49, 49, 48, 48, 48, 47, 47, 47, 47, 47, 47, 47, 46, 46, 46, 46, 45, 45, 43, 41, 38]","dict_values([27, 22, 25, 20, 23, 22, 29, 18, 25, 22, 21, 20, 24, 26, 17, 25, 19, 19, 20, 9, 11, 19, 24, 24, 20, 23, 22, 13, 28, 23, 14, 25, 16, 23, 36, 19, 21, 18, 23, 13, 26, 19, 17, 23, 11, 22, 18, 29, 27, 22, 25, 25, 24, 21, 23, 19, 19, 21, 17, 25, 19, 17, 22, 19, 11, 23, 26, 27, 23, 24, 22, 18, 26, 25, 25])",0.07875897133891828
36,53.28,0.3616838612552478,"{0: 0.01250329398526139, 1: 0.008859966582675348, 2: 0.0063331959635344, 3: 0.005835524183683563, 4: 0.011142444269566136, 5: 0.006019906036075085, 6: 0.010829566389598626, 7: 0.010751281245793646, 8: 0.01081733578711822, 9: 0.008683708393762013, 10: 0.008969365255679353, 11: 0.007986385818885076, 12: 0.010826650417759032, 13: 0.0097444555855642, 14: 0.01073460641962717, 15: 0.010968229838720622, 16: 0.0093372910487716, 17: 0.005126372989991039, 18: 0.01192905570423701, 19: 0.0076741191236610875, 20: 0.009052147596774172, 21: 0.00620630547207162, 22: 0.006697159690628609, 23: 0.007045925535136459, 24: 0.005496348064947243, 25: 0.009985108562873013, 26: 0.0066324256655165515, 27: 0.008963502407350749, 28: 0.007317595718706971, 29: 0.008995290866943973, 30: 0.010962414464999607, 31: 0.012113155820628876, 32: 0.009097181325607289, 33: 0.010057683306124717, 34: 0.006154882711087385, 35: 0.009281759514750947, 36: 0.009111050671337367, 37: 0.007577884275367418, 38: 0.006637110042682799, 39: 0.011666534766687752, 40: 0.00873048783716115, 41: 0.005501939839167881, 42: 0.0062993687309816065, 43: 0.01602338628327871, 44: 0.006014646172994916, 45: 0.003893643258120123, 46: 0.006924891615718199, 47: 0.011893526702291041, 48: 0.009714601034207463, 49: 0.006608219591700656, 50: 0.009605194932520248, 51: 0.011350971836124154, 52: 0.009379661536504704, 53: 0.010157647950811359, 54: 0.00822181400450199, 55: 0.007425271064562567, 56: 0.010223713794912987, 57: 0.010922823142495432, 58: 0.011853927439978892, 59: 0.00737768410432455, 60: 0.006088264208040493, 61: 0.011659855682874046, 62: 0.0057615206738897305, 63: 0.006484021891647444, 64: 0.0080182413856278, 65: 0.007796931165863356, 66: 0.01331496478437643, 67: 0.009200615396313021, 68: 0.006193328589844772, 69: 0.010382102910411998, 70: 0.010050644650021427, 71: 0.006736296685016068, 72: 0.008996651669952064, 73: 0.007324015920761026, 74: 0.007464265191628829}","[71, 64, 63, 62, 61, 61, 61, 61, 61, 61, 60, 60, 60, 59, 59, 59, 59, 58, 58, 58, 58, 57, 57, 57, 56, 56, 55, 55, 55, 55, 55, 55, 55, 54, 54, 54, 53, 53, 53, 53, 52, 52, 52, 52, 51, 51, 51, 51, 51, 51, 50, 50, 49, 49, 49, 48, 48, 48, 48, 47, 47, 47, 47, 47, 47, 47, 47, 46, 46, 46, 45, 45, 43, 42, 38]","dict_values([27, 22, 25, 20, 23, 22, 29, 18, 25, 22, 21, 20, 24, 26, 17, 25, 19, 19, 20, 9, 11, 19, 24, 24, 20, 23, 22, 13, 28, 23, 14, 25, 16, 23, 36, 19, 21, 18, 23, 13, 26, 19, 17, 23, 11, 22, 18, 29, 27, 22, 25, 25, 24, 21, 23, 19, 19, 21, 17, 25, 19, 17, 22, 19, 11, 23, 26, 27, 23, 24, 22, 18, 26, 25, 25])",0.07305102900698496
36,52.986666666666665,0.3599949801606502,"{0: 0.013055099355139394, 1: 0.008306253181713474, 2: 0.006133559120061941, 3: 0.005886383556662194, 4: 0.011019675234463434, 5: 0.006169536327981482, 6: 0.010982680840658284, 7: 0.010868349198035856, 8: 0.011931538774810332, 9: 0.008806982445212646, 10: 0.008722169899753765, 11: 0.00787466055128926, 12: 0.01106904089987554, 13: 0.009915565068720421, 14: 0.010555803968239698, 15: 0.010587043984267755, 16: 0.009073085150845024, 17: 0.004916514047255386, 18: 0.012042290406512808, 19: 0.007687794721796514, 20: 0.008838451910677194, 21: 0.006051015524222615, 22: 0.00695894729188683, 23: 0.007703364923384006, 24: 0.005560596422156635, 25: 0.010262961080697285, 26: 0.006319337338729594, 27: 0.009072879293467529, 28: 0.007021324309426814, 29: 0.008523461355960613, 30: 0.011080062686748734, 31: 0.012225858976738278, 32: 0.00920189866108958, 33: 0.009882006599424642, 34: 0.006007827371646872, 35: 0.009552751388273278, 36: 0.009285473806328309, 37: 0.007863186694586332, 38: 0.006336628425669523, 39: 0.011975662209756254, 40: 0.008890495046873604, 41: 0.005657100097067864, 42: 0.006354723417575955, 43: 0.015113168197103129, 44: 0.006058232268898216, 45: 0.003678551099985427, 46: 0.007010395026467728, 47: 0.011818114290783702, 48: 0.00969426526437002, 49: 0.006409074282764855, 50: 0.009401725415863068, 51: 0.011036695854828131, 52: 0.009561786535048435, 53: 0.010290628658933083, 54: 0.008389882826881852, 55: 0.0076203515414496395, 56: 0.010279364990232388, 57: 0.01104887778377583, 58: 0.011980946995460052, 59: 0.007515200805706003, 60: 0.006211713620979156, 61: 0.011775135345897464, 62: 0.005835775628281669, 63: 0.006547434412469445, 64: 0.007809939282713798, 65: 0.007994113197033637, 66: 0.012719818824827521, 67: 0.00931219651413807, 68: 0.006344310978850202, 69: 0.010518927026188922, 70: 0.01072018751133729, 71: 0.00654836705812489, 72: 0.008797353278671401, 73: 0.007857426671482879, 74: 0.007625643301784489}","[69, 65, 62, 61, 61, 61, 61, 61, 61, 60, 60, 60, 60, 60, 59, 59, 59, 58, 58, 58, 58, 57, 57, 56, 56, 56, 55, 55, 55, 54, 54, 54, 54, 54, 54, 53, 53, 53, 52, 52, 52, 52, 52, 51, 51, 51, 51, 51, 50, 50, 50, 50, 49, 49, 49, 49, 48, 47, 47, 47, 47, 47, 47, 47, 46, 46, 46, 46, 46, 45, 45, 44, 43, 41, 37]","dict_values([27, 22, 25, 20, 23, 22, 29, 18, 25, 22, 21, 20, 24, 26, 17, 25, 19, 19, 20, 9, 11, 19, 24, 24, 20, 23, 22, 13, 28, 23, 14, 25, 16, 23, 36, 19, 21, 18, 23, 13, 26, 19, 17, 23, 11, 22, 18, 29, 27, 22, 25, 25, 24, 21, 23, 19, 19, 21, 17, 25, 19, 17, 22, 19, 11, 23, 26, 27, 23, 24, 22, 18, 26, 25, 25])",0.07460825511775206
36,52.93333333333333,0.3590374761900306,"{0: 0.013087621504274035, 1: 0.008374007881768102, 2: 0.006605182451274312, 3: 0.005697963534385775, 4: 0.011092293115215134, 5: 0.006171237956395438, 6: 0.010691795210328654, 7: 0.011459086708237576, 8: 0.01195731337250274, 9: 0.008832824084996705, 10: 0.008858149239950847, 11: 0.007525482548001664, 12: 0.01111631518561414, 13: 0.010467729672053434, 14: 0.010272769942391218, 15: 0.010706554116462435, 16: 0.009704324823180585, 17: 0.005306281655999625, 18: 0.011600465221536937, 19: 0.007316447518257532, 20: 0.008600064266918247, 21: 0.0060772683758179335, 22: 0.0069229386564197215, 23: 0.007216830194627314, 24: 0.005474506610039426, 25: 0.009774659464785352, 26: 0.006775304404285701, 27: 0.00911871042813831, 28: 0.007037115782439091, 29: 0.00855091497930465, 30: 0.011119974522779063, 31: 0.012184111468962398, 32: 0.00875300608882398, 33: 0.009919476328675191, 34: 0.0062754023924451, 35: 0.009661390741471673, 36: 0.008844257354837883, 37: 0.007817180112707914, 38: 0.006356506527739405, 39: 0.011943174857208529, 40: 0.008979043166243641, 41: 0.006362252857015146, 42: 0.006399725184979013, 43: 0.015196138756828353, 44: 0.006135689989436968, 45: 0.004317649598672967, 46: 0.006597670490052621, 47: 0.011816731212432895, 48: 0.009656306417990543, 49: 0.0062493163419835435, 50: 0.009394104198803294, 51: 0.011134158356516313, 52: 0.009375699223657151, 53: 0.0102513281059339, 54: 0.008352995983938773, 55: 0.007632262483242171, 56: 0.01028193873177757, 57: 0.011016780990592433, 58: 0.011912006362046652, 59: 0.007413430308273178, 60: 0.005824075552170467, 61: 0.011876109077008182, 62: 0.006317280400680884, 63: 0.006593784796846843, 64: 0.007691610044857777, 65: 0.008048315748758939, 66: 0.012651671334185436, 67: 0.009321207591107853, 68: 0.006313871717132174, 69: 0.010246587978615556, 70: 0.010745132261353398, 71: 0.00650475187482602, 72: 0.008632866907443863, 73: 0.007864916357112804, 74: 0.007566712976717642}","[69, 65, 62, 61, 61, 61, 61, 61, 60, 60, 60, 60, 60, 59, 59, 59, 59, 58, 58, 58, 57, 57, 56, 56, 56, 56, 56, 55, 55, 55, 54, 54, 54, 54, 53, 53, 53, 53, 52, 52, 52, 51, 51, 51, 51, 50, 50, 50, 50, 50, 50, 49, 49, 49, 49, 49, 48, 47, 47, 47, 47, 47, 47, 47, 46, 46, 46, 46, 45, 45, 45, 45, 44, 42, 40]","dict_values([27, 22, 25, 20, 23, 22, 29, 18, 25, 22, 21, 20, 24, 26, 17, 25, 19, 19, 20, 9, 11, 19, 24, 24, 20, 23, 22, 13, 28, 23, 14, 25, 16, 23, 36, 19, 21, 18, 23, 13, 26, 19, 17, 23, 11, 22, 18, 29, 27, 22, 25, 25, 24, 21, 23, 19, 19, 21, 17, 25, 19, 17, 22, 19, 11, 23, 26, 27, 23, 24, 22, 18, 26, 25, 25])",0.0760464186689846
36,52.74666666666667,0.3575902178716602,"{0: 0.013247521664174193, 1: 0.007942689385381113, 2: 0.006971908825252901, 3: 0.005706787858278591, 4: 0.010849317348468212, 5: 0.006043537048074064, 6: 0.010012027996516314, 7: 0.011625597062043826, 8: 0.012013853517681075, 9: 0.008923290270293037, 10: 0.008978252451258094, 11: 0.0075948910833650764, 12: 0.011097749841706328, 13: 0.010724238585895144, 14: 0.010422426684513712, 15: 0.010852183446164456, 16: 0.009445005310234964, 17: 0.005383460480156693, 18: 0.011782709753096537, 19: 0.007409958579684957, 20: 0.008540988113913173, 21: 0.006104086628865032, 22: 0.007043663092212648, 23: 0.00743258657370699, 24: 0.005568334937147365, 25: 0.009857252772547242, 26: 0.006877236002994093, 27: 0.00925406820350414, 28: 0.007092582115101234, 29: 0.008622655984715445, 30: 0.011263461300028936, 31: 0.012121201046462936, 32: 0.008345313975853865, 33: 0.009706296491147418, 34: 0.006341830777769538, 35: 0.009763829285691038, 36: 0.008486237818736154, 37: 0.007895560841773576, 38: 0.006295270839992838, 39: 0.011996513704866476, 40: 0.008927083695415687, 41: 0.006200455349327227, 42: 0.006492551133969345, 43: 0.015268899360410872, 44: 0.006198216240520835, 45: 0.004306927231987666, 46: 0.006620316422194289, 47: 0.011570533705961419, 48: 0.009763533151929607, 49: 0.006283829808205311, 50: 0.009490079399479712, 51: 0.0112512950610295, 52: 0.009260920009361419, 53: 0.010318011573100848, 54: 0.008293829143950012, 55: 0.007961285413944561, 56: 0.010394881501851689, 57: 0.011088853932326937, 58: 0.01205862020729063, 59: 0.00755579637529678, 60: 0.005883322272376091, 61: 0.011835936519712336, 62: 0.006129520100108335, 63: 0.006609979857361002, 64: 0.008082503576363715, 65: 0.008134028838098138, 66: 0.01282030830781838, 67: 0.009401971389586566, 68: 0.006301091547220657, 69: 0.010325236696413515, 70: 0.009938762201357233, 71: 0.006120056701600799, 72: 0.009016372856018303, 73: 0.008041233238707689, 74: 0.007653958525231695}","[69, 65, 62, 61, 61, 61, 61, 60, 60, 60, 60, 59, 59, 59, 59, 58, 58, 58, 58, 57, 57, 57, 56, 56, 56, 56, 56, 55, 55, 54, 54, 54, 53, 53, 53, 53, 53, 52, 52, 52, 51, 51, 51, 51, 51, 51, 50, 50, 50, 50, 49, 49, 49, 49, 49, 49, 48, 47, 47, 47, 47, 47, 47, 46, 46, 46, 46, 46, 45, 45, 45, 44, 43, 42, 40]","dict_values([27, 22, 25, 20, 23, 22, 29, 18, 25, 22, 21, 20, 24, 26, 17, 25, 19, 19, 20, 9, 11, 19, 24, 24, 20, 23, 22, 13, 28, 23, 14, 25, 16, 23, 36, 19, 21, 18, 23, 13, 26, 19, 17, 23, 11, 22, 18, 29, 27, 22, 25, 25, 24, 21, 23, 19, 19, 21, 17, 25, 19, 17, 22, 19, 11, 23, 26, 27, 23, 24, 22, 18, 26, 25, 25])",0.07892990744498896
36,52.373333333333335,0.3546978336965232,"{0: 0.013154673187965524, 1: 0.007987585663154103, 2: 0.007098569387046422, 3: 0.005810208187323418, 4: 0.010997808945388496, 5: 0.00623108141370062, 6: 0.009761967729332756, 7: 0.011851621678680853, 8: 0.011553356471769043, 9: 0.008880435871072805, 10: 0.009032607471366538, 11: 0.007521391931501702, 12: 0.010914450504498855, 13: 0.01074074674603747, 14: 0.01026352166561675, 15: 0.011048288426717463, 16: 0.009414882914077114, 17: 0.0054160881568214355, 18: 0.011224289865506625, 19: 0.0071993432149600025, 20: 0.009014170446483097, 21: 0.006229730036136161, 22: 0.0068318575621154195, 23: 0.007262888373186871, 24: 0.005169210812197295, 25: 0.010023383075663844, 26: 0.0066124966316874366, 27: 0.009287290849539035, 28: 0.0071874538709318925, 29: 0.009349657396648363, 30: 0.01114041080429512, 31: 0.011284901559881415, 32: 0.008566009583334323, 33: 0.009840260494974436, 34: 0.0065168566276543735, 35: 0.009700257369782295, 36: 0.008548288052019265, 37: 0.00858393960227159, 38: 0.006127503785642383, 39: 0.012180583923183271, 40: 0.00898306274514977, 41: 0.006218329873648166, 42: 0.006675292306839448, 43: 0.015612449245661006, 44: 0.00631628988296998, 45: 0.004416490012783325, 46: 0.006329728117907356, 47: 0.011043112298201572, 48: 0.01037774307818627, 49: 0.006726745576463545, 50: 0.009404374529326815, 51: 0.011327133568576305, 52: 0.009768540626772529, 53: 0.010558972354956066, 54: 0.007764409159453476, 55: 0.008010381257762404, 56: 0.010562294224663281, 57: 0.011285464906536626, 58: 0.011949623930889039, 59: 0.007692247196679107, 60: 0.005474703884305649, 61: 0.01193943981116889, 62: 0.006273261233978397, 63: 0.006674538891501019, 64: 0.008262584920828622, 65: 0.008266333231079403, 66: 0.013171587672997828, 67: 0.009379668340490609, 68: 0.006386021970587824, 69: 0.010349954539423062, 70: 0.010261734386738768, 71: 0.006268994264921924, 72: 0.009159646704973054, 73: 0.008109940831589333, 74: 0.00726704590524091}","[69, 64, 62, 61, 60, 60, 60, 59, 59, 59, 59, 59, 58, 58, 58, 58, 58, 57, 57, 57, 57, 57, 56, 55, 55, 55, 55, 55, 54, 54, 54, 54, 53, 53, 53, 53, 53, 53, 52, 52, 52, 51, 51, 51, 50, 50, 50, 50, 50, 50, 49, 49, 49, 48, 48, 48, 47, 47, 47, 47, 47, 46, 46, 46, 46, 46, 46, 46, 45, 44, 44, 43, 42, 42, 40]","dict_values([27, 22, 25, 20, 23, 22, 29, 18, 25, 22, 21, 20, 24, 26, 17, 25, 19, 19, 20, 9, 11, 19, 24, 24, 20, 23, 22, 13, 28, 23, 14, 25, 16, 23, 36, 19, 21, 18, 23, 13, 26, 19, 17, 23, 11, 22, 18, 29, 27, 22, 25, 25, 24, 21, 23, 19, 19, 21, 17, 25, 19, 17, 22, 19, 11, 23, 26, 27, 23, 24, 22, 18, 26, 25, 25])",0.07679161775502844
36,52.18666666666667,0.3525495830665582,"{0: 0.012888301375408548, 1: 0.007986902337531214, 2: 0.007187121132528062, 3: 0.005708755325999484, 4: 0.010950420112692826, 5: 0.00622593645992553, 6: 0.009919833821928908, 7: 0.011948744977858944, 8: 0.011555191843265979, 9: 0.008925471180008197, 10: 0.00904423813368213, 11: 0.007444630325678217, 12: 0.010605182739550184, 13: 0.010783159277317215, 14: 0.009917734076678475, 15: 0.011618193373133289, 16: 0.009981806683055677, 17: 0.0054529239057845005, 18: 0.011394274015144278, 19: 0.0074306594011512885, 20: 0.008790513877137567, 21: 0.006380493391976066, 22: 0.00661083131369191, 23: 0.007343018247837292, 24: 0.005241917164060946, 25: 0.0099359966113636, 26: 0.0066574222849404155, 27: 0.009355478654431112, 28: 0.007261552830956889, 29: 0.00937970511399198, 30: 0.011427665382444137, 31: 0.011153691678470084, 32: 0.008615471180942575, 33: 0.009807716037570993, 34: 0.0067186603598771225, 35: 0.009768643568305481, 36: 0.008339076702598407, 37: 0.008682687067054513, 38: 0.006116452062261892, 39: 0.011460594085493362, 40: 0.008814539299027615, 41: 0.006180071616211826, 42: 0.006753234442597861, 43: 0.015748690345789462, 44: 0.006489744614240989, 45: 0.004226810894820564, 46: 0.006432568858338749, 47: 0.010773717079115952, 48: 0.009940495934653872, 49: 0.0070875001223510495, 50: 0.009507955015610133, 51: 0.011445955262740466, 52: 0.009285276816501636, 53: 0.010580497803503442, 54: 0.008161199141255546, 55: 0.008096884416384821, 56: 0.010573575571561068, 57: 0.011382594808259594, 58: 0.011728219524351676, 59: 0.00803974188341634, 60: 0.005583023577584416, 61: 0.011439076724129103, 62: 0.006164150795496484, 63: 0.006677937963191791, 64: 0.008383914312907411, 65: 0.008276204987526504, 66: 0.012852914771730246, 67: 0.009738075719445934, 68: 0.006809608845572128, 69: 0.01048333498102268, 70: 0.009979885615768319, 71: 0.006332113706513734, 72: 0.009576816204535788, 73: 0.008284362771671395, 74: 0.0072762655961688995}","[69, 63, 61, 61, 59, 59, 59, 59, 59, 59, 59, 58, 58, 58, 57, 57, 57, 57, 57, 56, 56, 56, 56, 56, 55, 55, 55, 55, 55, 54, 54, 53, 53, 53, 53, 52, 52, 52, 52, 52, 52, 52, 51, 51, 51, 51, 51, 50, 50, 50, 49, 49, 48, 48, 48, 47, 47, 47, 47, 47, 47, 47, 46, 46, 46, 46, 45, 45, 45, 44, 44, 43, 42, 42, 39]","dict_values([27, 22, 25, 20, 23, 22, 29, 18, 25, 22, 21, 20, 24, 26, 17, 25, 19, 19, 20, 9, 11, 19, 24, 24, 20, 23, 22, 13, 28, 23, 14, 25, 16, 23, 36, 19, 21, 18, 23, 13, 26, 19, 17, 23, 11, 22, 18, 29, 27, 22, 25, 25, 24, 21, 23, 19, 19, 21, 17, 25, 19, 17, 22, 19, 11, 23, 26, 27, 23, 24, 22, 18, 26, 25, 25])",0.07995014947064494
36,51.92,0.35051763501424876,"{0: 0.01224273762151747, 1: 0.007937916425330154, 2: 0.007259622907286081, 3: 0.005814587442307022, 4: 0.011017966907730185, 5: 0.006330311060674022, 6: 0.009914027329418144, 7: 0.011817097575865052, 8: 0.011284219397635997, 9: 0.009143664891352593, 10: 0.009319791234577697, 11: 0.0075148402428388125, 12: 0.010297570702486093, 13: 0.010771068502789525, 14: 0.010030792685909529, 15: 0.011706104868176132, 16: 0.00994993681838968, 17: 0.005425498868286942, 18: 0.011489956826379067, 19: 0.00752949340515515, 20: 0.008380431370963202, 21: 0.006676717308264449, 22: 0.006064528893900369, 23: 0.007457074022650521, 24: 0.005017415752062184, 25: 0.010161769439876156, 26: 0.006721007356636517, 27: 0.009544772936191149, 28: 0.00667887520461753, 29: 0.009817549730979052, 30: 0.011130530345180172, 31: 0.01137008692911191, 32: 0.008699319209996085, 33: 0.009464040779512174, 34: 0.007030161205221641, 35: 0.009868961048759948, 36: 0.008587885341818006, 37: 0.008462818877806788, 38: 0.006241697488675733, 39: 0.011709835013675299, 40: 0.009018267015849612, 41: 0.006840807228599333, 42: 0.006852796120523759, 43: 0.01576922026766168, 44: 0.006583075635251299, 45: 0.0041370828085171354, 46: 0.00649759076562496, 47: 0.011027689659894166, 48: 0.009895801132706853, 49: 0.006770105788034876, 50: 0.009273048959846533, 51: 0.012020755505147477, 52: 0.009513207600488655, 53: 0.009827961853599075, 54: 0.007859042075399855, 55: 0.00818810582609938, 56: 0.01062378290923819, 57: 0.011772766108986898, 58: 0.011924133151973604, 59: 0.00805119256972601, 60: 0.0056663830596673384, 61: 0.011161953920870753, 62: 0.006180975651160985, 63: 0.00677632588390042, 64: 0.008764429172672877, 65: 0.008412212592309289, 66: 0.01267250869386244, 67: 0.009847185674446297, 68: 0.0064039493947877805, 69: 0.010620615018584748, 70: 0.010068518601258679, 71: 0.006670046740913964, 72: 0.009582527254767381, 73: 0.008427034319512798, 74: 0.007391411440565351}","[69, 62, 60, 60, 59, 59, 59, 59, 58, 58, 58, 58, 58, 58, 57, 57, 57, 56, 56, 56, 56, 56, 56, 56, 55, 55, 54, 54, 54, 54, 53, 53, 53, 53, 53, 53, 52, 52, 52, 52, 52, 51, 51, 51, 50, 50, 50, 50, 49, 49, 48, 48, 48, 48, 48, 48, 48, 47, 47, 47, 47, 47, 46, 46, 46, 46, 45, 45, 45, 44, 43, 43, 42, 41, 38]","dict_values([27, 22, 25, 20, 23, 22, 29, 18, 25, 22, 21, 20, 24, 26, 17, 25, 19, 19, 20, 9, 11, 19, 24, 24, 20, 23, 22, 13, 28, 23, 14, 25, 16, 23, 36, 19, 21, 18, 23, 13, 26, 19, 17, 23, 11, 22, 18, 29, 27, 22, 25, 25, 24, 21, 23, 19, 19, 21, 17, 25, 19, 17, 22, 19, 11, 23, 26, 27, 23, 24, 22, 18, 26, 25, 25])",0.07680128436964247
36,51.78666666666667,0.34941988657034345,"{0: 0.01192697490144371, 1: 0.00791796751945521, 2: 0.007443408717582772, 3: 0.005910686017454752, 4: 0.011072603978886191, 5: 0.006327340852224363, 6: 0.010013132918048308, 7: 0.01137943321399907, 8: 0.010777930288405712, 9: 0.00965870617996358, 10: 0.009277689223297605, 11: 0.007557113840765744, 12: 0.009505592180854068, 13: 0.011219341650551624, 14: 0.010113410073119984, 15: 0.01141997935541887, 16: 0.009528364308836341, 17: 0.0052029240849271385, 18: 0.011934118571910674, 19: 0.007566008605852462, 20: 0.0080272472849024, 21: 0.006655475678494042, 22: 0.0062812541962421085, 23: 0.007356985319620642, 24: 0.005111453679553609, 25: 0.010161035031406048, 26: 0.006836549852316001, 27: 0.009671743802485139, 28: 0.007272387708887487, 29: 0.010042719487829544, 30: 0.010893743228913432, 31: 0.01157712215433069, 32: 0.008317954102603579, 33: 0.009855888945332944, 34: 0.006886246592128945, 35: 0.009878291290765452, 36: 0.008587138936962009, 37: 0.008648800400465017, 38: 0.006333773693765636, 39: 0.012127592109514583, 40: 0.009172268636463471, 41: 0.0069591157373188, 42: 0.0068348999564275875, 43: 0.015902629400869367, 44: 0.006713141614430897, 45: 0.003960335114646154, 46: 0.006571608647862019, 47: 0.011159997165287892, 48: 0.009986348236751137, 49: 0.006786791944930542, 50: 0.009519372836307395, 51: 0.011729936217551395, 52: 0.009304864840776033, 53: 0.009782018656970946, 54: 0.007947870931351997, 55: 0.007721961458867182, 56: 0.010317794780929354, 57: 0.011815092179770495, 58: 0.011852281206632537, 59: 0.008454002410489112, 60: 0.005721694512037614, 61: 0.011720952426135007, 62: 0.006033893761585776, 63: 0.006863318476936524, 64: 0.008858208985429319, 65: 0.008530349631276305, 66: 0.013036443400061453, 67: 0.010054217504161446, 68: 0.006112197573072853, 69: 0.0106408290798947, 70: 0.009744441328148366, 71: 0.006128170620928086, 72: 0.00961157737950647, 73: 0.008472891909689483, 74: 0.007603128946803405}","[69, 61, 61, 60, 59, 59, 59, 58, 58, 58, 58, 58, 57, 57, 57, 57, 57, 56, 56, 56, 56, 56, 56, 56, 55, 54, 54, 54, 54, 53, 53, 53, 53, 53, 53, 53, 53, 52, 52, 52, 52, 51, 51, 51, 50, 50, 49, 49, 49, 49, 49, 48, 48, 48, 48, 47, 47, 47, 47, 47, 47, 46, 46, 46, 46, 45, 45, 45, 45, 44, 44, 43, 42, 40, 37]","dict_values([27, 22, 25, 20, 23, 22, 29, 18, 25, 22, 21, 20, 24, 26, 17, 25, 19, 19, 20, 9, 11, 19, 24, 24, 20, 23, 22, 13, 28, 23, 14, 25, 16, 23, 36, 19, 21, 18, 23, 13, 26, 19, 17, 23, 11, 22, 18, 29, 27, 22, 25, 25, 24, 21, 23, 19, 19, 21, 17, 25, 19, 17, 22, 19, 11, 23, 26, 27, 23, 24, 22, 18, 26, 25, 25])",0.07980083598401007
36,51.54666666666667,0.34749387476440585,"{0: 0.012176661966199263, 1: 0.007961093752199324, 2: 0.007047546325346485, 3: 0.006033918846167032, 4: 0.011185222166645392, 5: 0.006334778018256039, 6: 0.009839603987468611, 7: 0.010711473537228587, 8: 0.010512837900025652, 9: 0.008901613975502959, 10: 0.009741659113186746, 11: 0.007533631787723491, 12: 0.009182981156188248, 13: 0.01133926847379496, 14: 0.010190825561494378, 15: 0.011586623508767291, 16: 0.009676095763026934, 17: 0.005249480562789016, 18: 0.011667933031752533, 19: 0.00764010881195572, 20: 0.007717946386358956, 21: 0.006767253091842767, 22: 0.006332050384226049, 23: 0.007685145836137322, 24: 0.005156794801700365, 25: 0.01028483968280941, 26: 0.00674506311699365, 27: 0.00983685474519479, 28: 0.00746871460747063, 29: 0.009878687112931567, 30: 0.011020970200472225, 31: 0.011149814620858768, 32: 0.00848291496961924, 33: 0.010042168764972957, 34: 0.007004473347140552, 35: 0.010067156195585233, 36: 0.00867085186314069, 37: 0.008619570405481598, 38: 0.006525372762278483, 39: 0.011930033084450151, 40: 0.00924231824927359, 41: 0.007117723173323496, 42: 0.006954254613453479, 43: 0.015567900545794012, 44: 0.007223305480759148, 45: 0.0039481822771508515, 46: 0.006699595943456086, 47: 0.0116454020171311, 48: 0.010085965182661397, 49: 0.0067927710705712315, 50: 0.00938767321830641, 51: 0.011776911586847473, 52: 0.009467255927824655, 53: 0.009464845908291348, 54: 0.007862499270637868, 55: 0.0076212401051240705, 56: 0.010015482290865048, 57: 0.01153021749421088, 58: 0.011979771830698503, 59: 0.008909115964917738, 60: 0.005906780389105764, 61: 0.011533593762748947, 62: 0.006243555700699771, 63: 0.006909428701330393, 64: 0.0085976181235619, 65: 0.00868002391471368, 66: 0.01330121010318432, 67: 0.010199852903624403, 68: 0.006038562634462726, 69: 0.010736344500752589, 70: 0.009781269866238621, 71: 0.005757516121599767, 72: 0.010139136896792012, 73: 0.00856586955101523, 74: 0.007983597554561125}","[68, 61, 61, 59, 59, 59, 58, 58, 58, 58, 57, 57, 57, 57, 56, 56, 56, 56, 56, 56, 56, 56, 56, 55, 54, 54, 54, 53, 53, 53, 53, 53, 53, 53, 53, 53, 52, 52, 52, 52, 52, 51, 51, 51, 50, 50, 49, 49, 48, 48, 48, 48, 48, 48, 48, 48, 47, 47, 47, 46, 46, 46, 46, 46, 46, 45, 45, 45, 45, 44, 43, 43, 42, 40, 37]","dict_values([27, 22, 25, 20, 23, 22, 29, 18, 25, 22, 21, 20, 24, 26, 17, 25, 19, 19, 20, 9, 11, 19, 24, 24, 20, 23, 22, 13, 28, 23, 14, 25, 16, 23, 36, 19, 21, 18, 23, 13, 26, 19, 17, 23, 11, 22, 18, 29, 27, 22, 25, 25, 24, 21, 23, 19, 19, 21, 17, 25, 19, 17, 22, 19, 11, 23, 26, 27, 23, 24, 22, 18, 26, 25, 25])",0.08342216449720584
36,51.36,0.3456632274156744,"{0: 0.011838345617608943, 1: 0.007959434791031901, 2: 0.007026045447681225, 3: 0.006013458904272765, 4: 0.011244109040600761, 5: 0.006536842528338279, 6: 0.009717084097623983, 7: 0.0108619469099018, 8: 0.010702683562272603, 9: 0.009289097421004127, 10: 0.009793034602716948, 11: 0.00755845193240665, 12: 0.009797631095979201, 13: 0.010887031634571815, 14: 0.010302225179340409, 15: 0.0108569620871236, 16: 0.010007803477893387, 17: 0.005302924537465867, 18: 0.010880087733431812, 19: 0.007461601184817955, 20: 0.007885054364707872, 21: 0.006840117462652346, 22: 0.0067963046256761, 23: 0.007757022801648454, 24: 0.00523179102395686, 25: 0.009788066850218692, 26: 0.006813100181404604, 27: 0.01020312138865725, 28: 0.007449463913360954, 29: 0.00986866176044046, 30: 0.011180787579266238, 31: 0.010753127590408647, 32: 0.008546002361473756, 33: 0.009757219079338337, 34: 0.006842941678759568, 35: 0.010136170678378926, 36: 0.00883336308024498, 37: 0.008361439849204389, 38: 0.006616454445825921, 39: 0.011487861409401763, 40: 0.009257484370402642, 41: 0.008070111550167958, 42: 0.006612805727484044, 43: 0.016360658711638398, 44: 0.007335337870188797, 45: 0.004033667722225338, 46: 0.006833989581072929, 47: 0.01153296175058124, 48: 0.010128315567477534, 49: 0.007067243272924177, 50: 0.009131841798091428, 51: 0.011961681312310185, 52: 0.009702573905890416, 53: 0.009498535068692837, 54: 0.007786057347902634, 55: 0.007696424779422364, 56: 0.010001405650076078, 57: 0.011778353368857632, 58: 0.011759375921342076, 59: 0.009081580359783422, 60: 0.0056895040688882655, 61: 0.01163557819692516, 62: 0.005970860564990936, 63: 0.007042595111692615, 64: 0.008795433314326325, 65: 0.008616607604319128, 66: 0.012606730651654104, 67: 0.010624046498647979, 68: 0.0061354431352513665, 69: 0.010398475614334143, 70: 0.009850472619768529, 71: 0.006091911918324331, 72: 0.010229589661499413, 73: 0.008705645803805184, 74: 0.007654469153313465}","[69, 60, 60, 59, 58, 58, 58, 58, 57, 57, 57, 57, 57, 56, 56, 56, 56, 56, 55, 55, 55, 55, 55, 55, 55, 54, 54, 54, 54, 53, 53, 53, 53, 52, 52, 52, 52, 52, 52, 52, 52, 51, 51, 50, 49, 49, 49, 48, 48, 48, 48, 48, 48, 48, 48, 47, 47, 47, 47, 47, 46, 46, 46, 46, 46, 45, 45, 45, 44, 44, 44, 44, 42, 40, 37]","dict_values([27, 22, 25, 20, 23, 22, 29, 18, 25, 22, 21, 20, 24, 26, 17, 25, 19, 19, 20, 9, 11, 19, 24, 24, 20, 23, 22, 13, 28, 23, 14, 25, 16, 23, 36, 19, 21, 18, 23, 13, 26, 19, 17, 23, 11, 22, 18, 29, 27, 22, 25, 25, 24, 21, 23, 19, 19, 21, 17, 25, 19, 17, 22, 19, 11, 23, 26, 27, 23, 24, 22, 18, 26, 25, 25])",0.07524944223928126
36,51.14666666666667,0.3439515265597021,"{0: 0.012062776492724752, 1: 0.008240836870379185, 2: 0.006643916298428787, 3: 0.006034028702239823, 4: 0.011488653130833809, 5: 0.006648767297797293, 6: 0.010358920869597742, 7: 0.011067094450867225, 8: 0.011035909409197079, 9: 0.009377938787041306, 10: 0.009855645795465126, 11: 0.007235070102175506, 12: 0.009908845933221439, 13: 0.011285466964514, 14: 0.01048088726875995, 15: 0.010259538202028481, 16: 0.01013382201144617, 17: 0.005344400606339195, 18: 0.01103662804408171, 19: 0.007158068271494551, 20: 0.008117932498472384, 21: 0.007014127653785824, 22: 0.00696417765313817, 23: 0.007301783466473582, 24: 0.005323980434236522, 25: 0.009988172262854322, 26: 0.006908380328054614, 27: 0.009976007558602241, 28: 0.007010397720870103, 29: 0.009957400729114968, 30: 0.01087760208772458, 31: 0.01094000397591517, 32: 0.009059736950550809, 33: 0.010056376827126224, 34: 0.006890306794617835, 35: 0.010484590386186224, 36: 0.009155239172669017, 37: 0.008427427586425, 38: 0.006693193649277453, 39: 0.011404989590027125, 40: 0.00938933116320834, 41: 0.008120048586406362, 42: 0.0067261549091249245, 43: 0.015955628940170268, 44: 0.0075337551918937895, 45: 0.004085117003126673, 46: 0.0069519023601460625, 47: 0.01160010446478278, 48: 0.00985065955352015, 49: 0.007101841509577206, 50: 0.009345756738033765, 51: 0.012201147562050405, 52: 0.009410755292153992, 53: 0.009244237307344309, 54: 0.0075634391458323765, 55: 0.007804404082607146, 56: 0.010187983415219514, 57: 0.011224182181124798, 58: 0.010837115238807421, 59: 0.008731625824695928, 60: 0.0057131951028532735, 61: 0.011903708773274912, 62: 0.006028022950920446, 63: 0.006760069058618617, 64: 0.00879858889262292, 65: 0.008747073070199583, 66: 0.01278971303648983, 67: 0.010204147297523959, 68: 0.005644924076037703, 69: 0.010517746281550017, 70: 0.010060401596820794, 71: 0.006364747988904156, 72: 0.010358614961757589, 73: 0.008895001472612908, 74: 0.007668505211870071}","[68, 60, 60, 59, 58, 58, 58, 57, 56, 56, 56, 56, 56, 56, 56, 56, 56, 56, 56, 55, 55, 55, 55, 55, 54, 54, 54, 54, 54, 53, 53, 53, 53, 52, 52, 52, 52, 52, 52, 52, 51, 51, 50, 49, 49, 49, 49, 48, 48, 48, 48, 48, 47, 47, 47, 47, 47, 47, 47, 46, 46, 46, 46, 45, 45, 45, 45, 45, 44, 44, 44, 44, 42, 40, 37]","dict_values([27, 22, 25, 20, 23, 22, 29, 18, 25, 22, 21, 20, 24, 26, 17, 25, 19, 19, 20, 9, 11, 19, 24, 24, 20, 23, 22, 13, 28, 23, 14, 25, 16, 23, 36, 19, 21, 18, 23, 13, 26, 19, 17, 23, 11, 22, 18, 29, 27, 22, 25, 25, 24, 21, 23, 19, 19, 21, 17, 25, 19, 17, 22, 19, 11, 23, 26, 27, 23, 24, 22, 18, 26, 25, 25])",0.0766094439267529
36,51.093333333333334,0.3436083316825389,"{0: 0.01165549354218297, 1: 0.007864816696816707, 2: 0.006951179677970467, 3: 0.006133374520763722, 4: 0.011443587151037774, 5: 0.006861547798651929, 6: 0.010148659362472503, 7: 0.0109977668490955, 8: 0.010233852699606126, 9: 0.009444744922542042, 10: 0.009824708083222014, 11: 0.0072710970318366, 12: 0.010500109976338823, 13: 0.011325354488762606, 14: 0.010441557466452502, 15: 0.010677869432204999, 16: 0.010148731757472586, 17: 0.005338802826768814, 18: 0.011347580404262196, 19: 0.00676948744984829, 20: 0.00817215300494914, 21: 0.007086206935649235, 22: 0.007314758055088436, 23: 0.007028677446993671, 24: 0.004878021629409656, 25: 0.00978719538904357, 26: 0.007174146533057003, 27: 0.01001318576146813, 28: 0.0070018041899685855, 29: 0.010359435546837471, 30: 0.010926237541010358, 31: 0.010907634279861685, 32: 0.009150913411590286, 33: 0.009464266596407485, 34: 0.006608454709254149, 35: 0.01066528125377009, 36: 0.00873320449504674, 37: 0.008841396840516819, 38: 0.006645655930506858, 39: 0.011513519018873363, 40: 0.009460025804018342, 41: 0.008552663838617441, 42: 0.006876897097538349, 43: 0.016510722324953212, 44: 0.007621098016418004, 45: 0.004655227580288014, 46: 0.007037682230373959, 47: 0.011751755900680795, 48: 0.009896333603339837, 49: 0.007118313078860601, 50: 0.009443927865245562, 51: 0.012361796075841551, 52: 0.009486540888688987, 53: 0.009151492112760612, 54: 0.007541084243340488, 55: 0.007425661409343926, 56: 0.010226791406283752, 57: 0.011281488327270592, 58: 0.009857090438327982, 59: 0.008372052605533668, 60: 0.0056619071234831, 61: 0.01198328996767226, 62: 0.0060984938813196995, 63: 0.006889922955595797, 64: 0.008436895969487608, 65: 0.00880559954152982, 66: 0.012619702344669479, 67: 0.010251886518097055, 68: 0.005675255955684653, 69: 0.010625584574319816, 70: 0.009798583209233713, 71: 0.006431788628064055, 72: 0.010318302556629034, 73: 0.009332681951590727, 74: 0.007687915590869492}","[69, 59, 59, 58, 58, 58, 58, 57, 57, 56, 56, 56, 56, 56, 56, 56, 55, 55, 55, 55, 55, 55, 55, 55, 54, 54, 54, 54, 54, 54, 53, 53, 53, 52, 52, 52, 52, 52, 51, 51, 51, 50, 50, 50, 49, 49, 48, 48, 48, 48, 48, 47, 47, 47, 47, 47, 47, 47, 46, 46, 46, 46, 46, 46, 46, 45, 45, 45, 45, 44, 44, 43, 42, 40, 39]","dict_values([27, 22, 25, 20, 23, 22, 29, 18, 25, 22, 21, 20, 24, 26, 17, 25, 19, 19, 20, 9, 11, 19, 24, 24, 20, 23, 22, 13, 28, 23, 14, 25, 16, 23, 36, 19, 21, 18, 23, 13, 26, 19, 17, 23, 11, 22, 18, 29, 27, 22, 25, 25, 24, 21, 23, 19, 19, 21, 17, 25, 19, 17, 22, 19, 11, 23, 26, 27, 23, 24, 22, 18, 26, 25, 25])",0.07835729010943991
36,51.093333333333334,0.34324229680184987,"{0: 0.011280278729676954, 1: 0.007954941872558324, 2: 0.006801568774260705, 3: 0.005838983226170978, 4: 0.012056455657741896, 5: 0.006959319235061561, 6: 0.009816585511051312, 7: 0.01105232317042587, 8: 0.010028259771410456, 9: 0.009778210666966693, 10: 0.00987127663301377, 11: 0.007318382010628427, 12: 0.010530789373456579, 13: 0.011318502281056214, 14: 0.010057417594662861, 15: 0.010666523540520669, 16: 0.01004112861970959, 17: 0.005323809414313677, 18: 0.011481606152703704, 19: 0.006854526703559273, 20: 0.008112353030765601, 21: 0.007102288750675415, 22: 0.007184731147261365, 23: 0.006973849823672897, 24: 0.004834317885727376, 25: 0.009458190841408556, 26: 0.007241389851702383, 27: 0.010384267476553308, 28: 0.0074376589385321285, 29: 0.00974510162602353, 30: 0.010885935173951325, 31: 0.010540177232636947, 32: 0.009131177014940109, 33: 0.009383767378774175, 34: 0.006628487535483556, 35: 0.010310776912299245, 36: 0.008307728080864659, 37: 0.008484594358404067, 38: 0.006805795912363197, 39: 0.011741249116655784, 40: 0.009596394176675942, 41: 0.00882234604154565, 42: 0.006848122678151519, 43: 0.01646292149820527, 44: 0.007653237704069341, 45: 0.004678415959640778, 46: 0.007348279040769318, 47: 0.012416679853275978, 48: 0.010234769549814978, 49: 0.00709124050779389, 50: 0.009457492749199872, 51: 0.011928219796173414, 52: 0.009600422338186875, 53: 0.009160784842970586, 54: 0.007557133670147371, 55: 0.007427851308794098, 56: 0.010087845986314964, 57: 0.01133210772720506, 58: 0.010395230240828472, 59: 0.008416377649858713, 60: 0.005648137856087727, 61: 0.01201644342211225, 62: 0.006258998715470769, 63: 0.006942846220646382, 64: 0.008161656149525793, 65: 0.008475273752983185, 66: 0.012996381946755939, 67: 0.010844149199051594, 68: 0.005578880526915995, 69: 0.010585577171298714, 70: 0.009149074829060529, 71: 0.006714986524074198, 72: 0.01073724149288057, 73: 0.008910365775849893, 74: 0.00763831239360312}","[69, 60, 59, 59, 58, 58, 58, 57, 57, 57, 56, 56, 56, 56, 56, 56, 56, 55, 55, 55, 55, 55, 55, 54, 54, 54, 54, 54, 54, 53, 53, 52, 52, 52, 52, 52, 52, 51, 51, 51, 50, 50, 50, 49, 49, 49, 49, 49, 49, 48, 48, 47, 47, 47, 47, 47, 47, 46, 46, 46, 46, 46, 46, 46, 46, 46, 45, 45, 44, 44, 44, 43, 43, 40, 39]","dict_values([27, 22, 25, 20, 23, 22, 29, 18, 25, 22, 21, 20, 24, 26, 17, 25, 19, 19, 20, 9, 11, 19, 24, 24, 20, 23, 22, 13, 28, 23, 14, 25, 16, 23, 36, 19, 21, 18, 23, 13, 26, 19, 17, 23, 11, 22, 18, 29, 27, 22, 25, 25, 24, 21, 23, 19, 19, 21, 17, 25, 19, 17, 22, 19, 11, 23, 26, 27, 23, 24, 22, 18, 26, 25, 25])",0.07436606796518494
36,50.88,0.34155618867783294,"{0: 0.011338606828004019, 1: 0.008113195051254341, 2: 0.006873779812746342, 3: 0.006007263692598101, 4: 0.012294059686336711, 5: 0.006691555624928542, 6: 0.00953657056237426, 7: 0.011463138780962223, 8: 0.01015569363172103, 9: 0.009612315289241792, 10: 0.009894367923228349, 11: 0.007467744673786067, 12: 0.010715308051125942, 13: 0.011418547492858337, 14: 0.010402984191876158, 15: 0.010481279457911205, 16: 0.010477856189307785, 17: 0.005385389612880177, 18: 0.010717661620580547, 19: 0.006873424115493171, 20: 0.007942370240919799, 21: 0.007156082546363109, 22: 0.007593390011802582, 23: 0.007192604326971772, 24: 0.004742086456197896, 25: 0.00960544254281551, 26: 0.007441261628883047, 27: 0.010925455961130728, 28: 0.007504827042370884, 29: 0.009876361221217005, 30: 0.010407715237806108, 31: 0.011092542088181228, 32: 0.009186065511609427, 33: 0.009754230602772945, 34: 0.006869295045582223, 35: 0.010440670738246118, 36: 0.00883249348843417, 37: 0.00825049967119925, 38: 0.006616251459120114, 39: 0.01166795695072501, 40: 0.009998005773726075, 41: 0.009039116842314792, 42: 0.006938999471284555, 43: 0.01432688099052379, 44: 0.007794518316695907, 45: 0.004622859321690909, 46: 0.006544332596911164, 47: 0.013011990893792501, 48: 0.010107019406588244, 49: 0.007107966863430079, 50: 0.009639630561544857, 51: 0.012460489918185323, 52: 0.009643459871151885, 53: 0.009316343510609787, 54: 0.007179657083968124, 55: 0.0072999684754318115, 56: 0.009551384833415454, 57: 0.010450331150424453, 58: 0.011052953055595964, 59: 0.008437187088476373, 60: 0.005758312784957258, 61: 0.012092865926603955, 62: 0.006323639068664842, 63: 0.007066070830172361, 64: 0.007669717828916691, 65: 0.008480533979950676, 66: 0.013244495096666555, 67: 0.010917574917403538, 68: 0.0055892936605116935, 69: 0.010091369886897685, 70: 0.009120729788801494, 71: 0.007061932412615222, 72: 0.01074573441578565, 73: 0.008926836587042703, 74: 0.00774931103904979}","[65, 60, 60, 59, 58, 58, 58, 58, 58, 57, 57, 56, 56, 56, 56, 55, 55, 55, 55, 55, 54, 54, 54, 54, 54, 54, 53, 53, 53, 53, 53, 53, 53, 52, 52, 52, 51, 51, 51, 51, 50, 49, 49, 49, 49, 49, 48, 48, 48, 47, 47, 47, 47, 47, 47, 47, 46, 46, 46, 46, 46, 46, 46, 46, 46, 46, 46, 45, 44, 44, 44, 42, 42, 40, 39]","dict_values([27, 22, 25, 20, 23, 22, 29, 18, 25, 22, 21, 20, 24, 26, 17, 25, 19, 19, 20, 9, 11, 19, 24, 24, 20, 23, 22, 13, 28, 23, 14, 25, 16, 23, 36, 19, 21, 18, 23, 13, 26, 19, 17, 23, 11, 22, 18, 29, 27, 22, 25, 25, 24, 21, 23, 19, 19, 21, 17, 25, 19, 17, 22, 19, 11, 23, 26, 27, 23, 24, 22, 18, 26, 25, 25])",0.0760430538524759
36,50.53333333333333,0.3393698254274992,"{0: 0.011382259298307478, 1: 0.008364293761257162, 2: 0.006563809379079324, 3: 0.006148095853978206, 4: 0.012535467718840636, 5: 0.006769865206662781, 6: 0.009738852023300049, 7: 0.01150151021434791, 8: 0.01016716324935503, 9: 0.009810272079664336, 10: 0.010051932806820629, 11: 0.007491761136158693, 12: 0.010040145304045385, 13: 0.011464786825542157, 14: 0.010299405922895043, 15: 0.010584288978728946, 16: 0.010631348632059012, 17: 0.005495213609690476, 18: 0.010855579736522524, 19: 0.0065558798204902805, 20: 0.007976143391131306, 21: 0.00761985936850223, 22: 0.007702594155051852, 23: 0.007342551052260964, 24: 0.004613029298925648, 25: 0.009522542530197646, 26: 0.007103904601943112, 27: 0.010117445980661128, 28: 0.007659215582314525, 29: 0.010061191062558806, 30: 0.01064513477598214, 31: 0.010945584823558868, 32: 0.00978135831580634, 33: 0.010018536292710345, 34: 0.00700297059583925, 35: 0.010674259787877838, 36: 0.008904966152145845, 37: 0.008129037219541483, 38: 0.006754584987864601, 39: 0.011309122028406136, 40: 0.010171034704782955, 41: 0.008692352422207379, 42: 0.006826552526645829, 43: 0.014533681285345905, 44: 0.008030315126406989, 45: 0.0046977628212519435, 46: 0.0063923593284995394, 47: 0.013276014787953379, 48: 0.010310226889598366, 49: 0.007090914529472145, 50: 0.009859706889373118, 51: 0.01253507407818447, 52: 0.009862007959361539, 53: 0.009711813887934588, 54: 0.0073438375664403085, 55: 0.0067973893769623026, 56: 0.009517563833639577, 57: 0.010650229904916276, 58: 0.010266691733250961, 59: 0.00855026947895602, 60: 0.005789250315894789, 61: 0.012293007717166926, 62: 0.006006577144825162, 63: 0.005917784493529861, 64: 0.00787579286375885, 65: 0.008490624173541177, 66: 0.01364111517213854, 67: 0.01084504556502945, 68: 0.005296035918623815, 69: 0.010708866928649361, 70: 0.009259734693913413, 71: 0.007316208276278679, 72: 0.010998730766055507, 73: 0.009056609244011169, 74: 0.007839229450886009}","[65, 60, 60, 59, 58, 58, 58, 57, 57, 56, 56, 56, 55, 55, 55, 55, 55, 55, 55, 55, 54, 54, 54, 54, 53, 53, 53, 53, 53, 53, 53, 52, 52, 52, 52, 52, 51, 51, 51, 50, 50, 50, 49, 49, 49, 48, 48, 48, 47, 47, 47, 47, 47, 47, 47, 47, 46, 46, 46, 46, 46, 45, 45, 45, 45, 44, 44, 44, 44, 43, 42, 42, 41, 40, 39]","dict_values([27, 22, 25, 20, 23, 22, 29, 18, 25, 22, 21, 20, 24, 26, 17, 25, 19, 19, 20, 9, 11, 19, 24, 24, 20, 23, 22, 13, 28, 23, 14, 25, 16, 23, 36, 19, 21, 18, 23, 13, 26, 19, 17, 23, 11, 22, 18, 29, 27, 22, 25, 25, 24, 21, 23, 19, 19, 21, 17, 25, 19, 17, 22, 19, 11, 23, 26, 27, 23, 24, 22, 18, 26, 25, 25])",0.07913757214165873
36,50.45333333333333,0.33862165213782847,"{0: 0.010868586789073357, 1: 0.008420072079472393, 2: 0.006680894794270832, 3: 0.006208250718726141, 4: 0.011988035406649427, 5: 0.006831218093358134, 6: 0.009809463638914884, 7: 0.011289337634876806, 8: 0.009781469199277418, 9: 0.009407429981616757, 10: 0.009729979392602915, 11: 0.0076261049529105845, 12: 0.010094353406198691, 13: 0.011416370172345019, 14: 0.010224316512510974, 15: 0.010639550602282274, 16: 0.010096066954317784, 17: 0.005806014099586884, 18: 0.011005402219019456, 19: 0.006878696322604152, 20: 0.00813624389369756, 21: 0.007707283424325324, 22: 0.007735057040053012, 23: 0.0074098686810209775, 24: 0.005164838823130484, 25: 0.010239272367434058, 26: 0.0073796325517104374, 27: 0.0105679791033127, 28: 0.007715578662233504, 29: 0.010112482793719523, 30: 0.01072223524076085, 31: 0.011172701142361893, 32: 0.009287087575563258, 33: 0.009300453870113811, 34: 0.007031456826862947, 35: 0.010357323561149497, 36: 0.008956365087387643, 37: 0.00804043764043683, 38: 0.007515219823841903, 39: 0.011843573636312511, 40: 0.010281969032806216, 41: 0.008307635563779127, 42: 0.006728827704855102, 43: 0.014161882157389404, 44: 0.008254329121451598, 45: 0.004724936554106579, 46: 0.006415921862134595, 47: 0.013149181279721166, 48: 0.010652717091999386, 49: 0.007119380417969183, 50: 0.010104557604375085, 51: 0.012523082799069909, 52: 0.00869152143829823, 53: 0.009594883532131044, 54: 0.006796396351190871, 55: 0.006827753105956171, 56: 0.009761245830947682, 57: 0.0110813075710336, 58: 0.009934127038114674, 59: 0.008613333240649921, 60: 0.005866462141643446, 61: 0.01223036577967923, 62: 0.005931312119829174, 63: 0.005733348264573083, 64: 0.007889287483417853, 65: 0.008238440434108303, 66: 0.013261312111793974, 67: 0.010992160142823443, 68: 0.005396100753728303, 69: 0.01145400140666055, 70: 0.009176374896552403, 71: 0.007405503579005424, 72: 0.010741457425400608, 73: 0.009870578474526902, 74: 0.00823332625916493}","[64, 60, 59, 58, 58, 58, 58, 57, 56, 56, 56, 56, 56, 55, 55, 55, 55, 55, 55, 55, 54, 54, 54, 54, 53, 53, 53, 53, 53, 53, 53, 52, 52, 52, 52, 51, 51, 51, 50, 50, 50, 50, 49, 49, 48, 48, 48, 47, 47, 47, 47, 47, 47, 47, 47, 47, 46, 46, 46, 46, 46, 45, 45, 45, 44, 44, 44, 44, 44, 43, 42, 42, 42, 41, 39]","dict_values([27, 22, 25, 20, 23, 22, 29, 18, 25, 22, 21, 20, 24, 26, 17, 25, 19, 19, 20, 9, 11, 19, 24, 24, 20, 23, 22, 13, 28, 23, 14, 25, 16, 23, 36, 19, 21, 18, 23, 13, 26, 19, 17, 23, 11, 22, 18, 29, 27, 22, 25, 25, 24, 21, 23, 19, 19, 21, 17, 25, 19, 17, 22, 19, 11, 23, 26, 27, 23, 24, 22, 18, 26, 25, 25])",0.07748855758529292
36,50.10666666666667,0.336001941235985,"{0: 0.011056449488157786, 1: 0.0085493842997872, 2: 0.006418605048742035, 3: 0.005819459576510342, 4: 0.012165924902629174, 5: 0.006948080814922072, 6: 0.009938490664719512, 7: 0.01138639474658814, 8: 0.009069375850197771, 9: 0.00955307210847098, 10: 0.00959635488745078, 11: 0.007775786447220776, 12: 0.009679869601303931, 13: 0.011333797091250755, 14: 0.00980980363534755, 15: 0.010836998830552419, 16: 0.00995150722688998, 17: 0.005832341096241177, 18: 0.011394376347035495, 19: 0.007032873838877061, 20: 0.008369790637115375, 21: 0.007473114549061366, 22: 0.007942231904762122, 23: 0.007440982773376004, 24: 0.005210001745054123, 25: 0.010607450237788672, 26: 0.007910238465234436, 27: 0.010040734849356928, 28: 0.007274114692527263, 29: 0.009679368971270665, 30: 0.011025693232582838, 31: 0.011426828036417078, 32: 0.009716883860719481, 33: 0.009493533380519682, 34: 0.006928537055450836, 35: 0.0106817510624924, 36: 0.009280716376808239, 37: 0.00809185936603342, 38: 0.007269245005949276, 39: 0.01170874169967643, 40: 0.010668478209775553, 41: 0.008540009033562621, 42: 0.00693671044698442, 43: 0.01407856672260379, 44: 0.007938986867270511, 45: 0.004447593906699467, 46: 0.006506802356923228, 47: 0.012869269698439722, 48: 0.010799978331203152, 49: 0.007207497447223474, 50: 0.009542000864523023, 51: 0.013312925571185038, 52: 0.0088330179939769, 53: 0.00990639088946905, 54: 0.0066460504816669205, 55: 0.0070897051003819735, 56: 0.010329195124722928, 57: 0.01060376051814408, 58: 0.009938707778151777, 59: 0.008727079073573838, 60: 0.006055230319936202, 61: 0.012378143703687621, 62: 0.005995061902596149, 63: 0.0058278030780045285, 64: 0.007521527021929922, 65: 0.008404046528542904, 66: 0.013574316047120236, 67: 0.011225385434692446, 68: 0.0050187630667082725, 69: 0.011598736835441109, 70: 0.009302419954112136, 71: 0.007268194309894552, 72: 0.011103992011526256, 73: 0.009866449209720764, 74: 0.007964681146590895}","[63, 59, 59, 59, 58, 58, 57, 57, 56, 56, 56, 56, 56, 55, 55, 55, 54, 54, 54, 54, 54, 54, 53, 53, 53, 53, 53, 53, 53, 52, 52, 52, 51, 51, 51, 51, 51, 50, 50, 50, 50, 50, 49, 48, 48, 47, 47, 47, 47, 47, 47, 47, 47, 47, 47, 46, 46, 46, 46, 46, 45, 45, 44, 44, 44, 44, 44, 43, 43, 42, 42, 42, 41, 41, 38]","dict_values([27, 22, 25, 20, 23, 22, 29, 18, 25, 22, 21, 20, 24, 26, 17, 25, 19, 19, 20, 9, 11, 19, 24, 24, 20, 23, 22, 13, 28, 23, 14, 25, 16, 23, 36, 19, 21, 18, 23, 13, 26, 19, 17, 23, 11, 22, 18, 29, 27, 22, 25, 25, 24, 21, 23, 19, 19, 21, 17, 25, 19, 17, 22, 19, 11, 23, 26, 27, 23, 24, 22, 18, 26, 25, 25])",0.07810847945174831
36,50.026666666666664,0.3359753313068045,"{0: 0.011474959181010318, 1: 0.009201596510218587, 2: 0.006316595047620593, 3: 0.005865051659773657, 4: 0.011807533191497738, 5: 0.007286580478562751, 6: 0.009920002216020029, 7: 0.011432459321993702, 8: 0.009090218165560632, 9: 0.009365720047629795, 10: 0.009929032617388782, 11: 0.007852283773919552, 12: 0.01030651071444786, 13: 0.01130267381029626, 14: 0.01019951875653468, 15: 0.010983340339706176, 16: 0.009935530839689429, 17: 0.005375787483449134, 18: 0.01158951937204001, 19: 0.007066789347861719, 20: 0.008635448094553654, 21: 0.007910900790035967, 22: 0.008051581168019524, 23: 0.007404013462635542, 24: 0.00533416695322961, 25: 0.01062052038841681, 26: 0.008014463870274354, 27: 0.01004814087155595, 28: 0.007237741121705665, 29: 0.009763331833725155, 30: 0.010731542835937724, 31: 0.01096541886989869, 32: 0.009633591612488317, 33: 0.009941479998866153, 34: 0.006820937660550441, 35: 0.010603699552101015, 36: 0.00934867919699246, 37: 0.008270202887937061, 38: 0.006895304830437787, 39: 0.010982528408808437, 40: 0.010499652534193117, 41: 0.008359564407433389, 42: 0.007752285996454822, 43: 0.01458060615317187, 44: 0.007886467321970512, 45: 0.004483777846992997, 46: 0.006485067338209965, 47: 0.01319952276841882, 48: 0.010363630034585234, 49: 0.00719794106039941, 50: 0.009900498981612727, 51: 0.012817214584942225, 52: 0.008837269368091287, 53: 0.009296130343073741, 54: 0.006643980274117262, 55: 0.007066932303636574, 56: 0.010302181258063611, 57: 0.009944466965014909, 58: 0.010084580676491081, 59: 0.009062569744479498, 60: 0.0061344708302806614, 61: 0.012086678265054464, 62: 0.005946191509408836, 63: 0.005738368570761801, 64: 0.007511798330694383, 65: 0.008120343316321933, 66: 0.013528903439230773, 67: 0.010651980073708411, 68: 0.005175114925316376, 69: 0.012082770805574995, 70: 0.009005856975563185, 71: 0.007321999082675956, 72: 0.011102970152859083, 73: 0.009645174693522803, 74: 0.007971233046776962}","[64, 59, 59, 58, 58, 57, 57, 57, 56, 56, 56, 55, 55, 55, 55, 54, 54, 54, 54, 54, 53, 53, 53, 53, 53, 53, 53, 53, 52, 52, 52, 52, 52, 52, 52, 51, 51, 51, 50, 50, 49, 49, 49, 48, 48, 48, 48, 47, 47, 47, 47, 47, 47, 47, 47, 46, 46, 46, 46, 46, 46, 45, 44, 44, 44, 44, 44, 43, 43, 42, 41, 41, 41, 39, 38]","dict_values([27, 22, 25, 20, 23, 22, 29, 18, 25, 22, 21, 20, 24, 26, 17, 25, 19, 19, 20, 9, 11, 19, 24, 24, 20, 23, 22, 13, 28, 23, 14, 25, 16, 23, 36, 19, 21, 18, 23, 13, 26, 19, 17, 23, 11, 22, 18, 29, 27, 22, 25, 25, 24, 21, 23, 19, 19, 21, 17, 25, 19, 17, 22, 19, 11, 23, 26, 27, 23, 24, 22, 18, 26, 25, 25])",0.08242654379640027
36,49.92,0.3352944643454157,"{0: 0.011636484772997245, 1: 0.009367683738151103, 2: 0.006408895874456363, 3: 0.006357976628927474, 4: 0.011343026905073645, 5: 0.007345876000187041, 6: 0.009662377364054795, 7: 0.011675488117206517, 8: 0.009099175537531702, 9: 0.009818777521235219, 10: 0.009621930502268942, 11: 0.00743315766986194, 12: 0.01042108059634248, 13: 0.011438762561777853, 14: 0.01020296031226846, 15: 0.011062739552868482, 16: 0.010071417208437562, 17: 0.005413195974462446, 18: 0.011799702607745875, 19: 0.0073468181552728325, 20: 0.008671607966531414, 21: 0.008647943945608255, 22: 0.00819268361069328, 23: 0.007510905007883252, 24: 0.005242995969040391, 25: 0.010725174217956051, 26: 0.008572375585503913, 27: 0.00994141180404814, 28: 0.006885678440875861, 29: 0.01007107539996453, 30: 0.010357785687270657, 31: 0.010028419466301798, 32: 0.009309108785337633, 33: 0.00994816102939663, 34: 0.00682769391968584, 35: 0.010696426528161503, 36: 0.009383475150518992, 37: 0.008331533063830962, 38: 0.006982704318522209, 39: 0.010997294726482908, 40: 0.010495244583425972, 41: 0.008461016149187886, 42: 0.007860609972860429, 43: 0.014315998771188816, 44: 0.007829811017693346, 45: 0.004501130090372637, 46: 0.006299723659715603, 47: 0.013273697328894753, 48: 0.0103845550691007, 49: 0.008017625842301536, 50: 0.01051437900384116, 51: 0.01282315551554069, 52: 0.00882624237781369, 53: 0.009342204228909634, 54: 0.006735871366209805, 55: 0.0071662467865127024, 56: 0.010275038165852029, 57: 0.009500569260843233, 58: 0.0102290135334392, 59: 0.008883003126556713, 60: 0.00581408376029649, 61: 0.011815289824704088, 62: 0.006047091659912421, 63: 0.005741350851141343, 64: 0.007640156230003128, 65: 0.00739919194716269, 66: 0.013523005005126989, 67: 0.010759747602054465, 68: 0.005215147318289945, 69: 0.011780975127066988, 70: 0.009041684679090903, 71: 0.0073679258409314816, 72: 0.010665118034515727, 73: 0.009969164048535525, 74: 0.007677007752551671}","[64, 59, 59, 58, 58, 57, 56, 56, 56, 56, 56, 55, 55, 55, 55, 54, 54, 53, 53, 53, 53, 53, 53, 53, 53, 53, 53, 52, 52, 52, 52, 52, 52, 52, 51, 51, 51, 51, 50, 50, 50, 49, 49, 48, 48, 48, 48, 47, 47, 47, 47, 47, 47, 47, 46, 46, 46, 46, 46, 46, 46, 45, 44, 44, 44, 44, 44, 43, 43, 41, 41, 41, 41, 39, 38]","dict_values([27, 22, 25, 20, 23, 22, 29, 18, 25, 22, 21, 20, 24, 26, 17, 25, 19, 19, 20, 9, 11, 19, 24, 24, 20, 23, 22, 13, 28, 23, 14, 25, 16, 23, 36, 19, 21, 18, 23, 13, 26, 19, 17, 23, 11, 22, 18, 29, 27, 22, 25, 25, 24, 21, 23, 19, 19, 21, 17, 25, 19, 17, 22, 19, 11, 23, 26, 27, 23, 24, 22, 18, 26, 25, 25])",0.08816328347578348
36,49.70666666666666,0.33428708516471584,"{0: 0.011807821153621553, 1: 0.009472498140910715, 2: 0.0062417618013654134, 3: 0.006532578344625081, 4: 0.01140567387545631, 5: 0.007367629104131926, 6: 0.008921184368340059, 7: 0.012057093295091992, 8: 0.009233841768088344, 9: 0.009936092535810506, 10: 0.010029104625196489, 11: 0.0077053771957075745, 12: 0.009613229541714634, 13: 0.01168211082948254, 14: 0.010338165484152763, 15: 0.011113969741084972, 16: 0.010304932941212024, 17: 0.005471665386777599, 18: 0.011909249972025358, 19: 0.007399385056816435, 20: 0.0082707628739055, 21: 0.008347821305049519, 22: 0.007908289747532292, 23: 0.00748633888742672, 24: 0.005427477067433691, 25: 0.011081273025569835, 26: 0.007863467601882057, 27: 0.009565671696738784, 28: 0.007011051597070937, 29: 0.009634053040515742, 30: 0.010104535783788105, 31: 0.01007691548435972, 32: 0.00945547656869172, 33: 0.010117465982138432, 34: 0.006910824047720339, 35: 0.010814721670543157, 36: 0.009305424982234177, 37: 0.008571152904073334, 38: 0.007256098598765804, 39: 0.011139219003930025, 40: 0.010318164516048858, 41: 0.008616120848341773, 42: 0.008178478774643503, 43: 0.014539558837868373, 44: 0.007963646590268911, 45: 0.004245263738615874, 46: 0.006389038475057814, 47: 0.013466948892009329, 48: 0.010446283284870043, 49: 0.008119491089963599, 50: 0.00996950601914855, 51: 0.013119533541572224, 52: 0.009001611560032187, 53: 0.00960025020151548, 54: 0.006888403614833914, 55: 0.007603705785615537, 56: 0.010361987396636872, 57: 0.0095513158013158, 58: 0.010833748377360251, 59: 0.008944165098476137, 60: 0.005507280980689522, 61: 0.011799078315657257, 62: 0.0060624885056537615, 63: 0.00589830725809775, 64: 0.007912228762349633, 65: 0.007144348108009878, 66: 0.013351874988316945, 67: 0.010896159886764583, 68: 0.005327117550123191, 69: 0.01207921300084878, 70: 0.008583736090936872, 71: 0.007027716843389689, 72: 0.010301219203400012, 73: 0.00967401640749747, 74: 0.00791157536725627}","[64, 59, 58, 58, 58, 57, 56, 56, 56, 56, 56, 55, 55, 55, 55, 55, 54, 54, 53, 53, 53, 52, 52, 52, 52, 52, 52, 52, 52, 52, 52, 52, 51, 51, 51, 51, 51, 50, 50, 49, 49, 49, 49, 48, 48, 48, 47, 47, 47, 47, 47, 47, 46, 46, 46, 46, 46, 46, 46, 45, 45, 45, 45, 44, 44, 44, 44, 42, 42, 42, 41, 41, 41, 39, 37]","dict_values([27, 22, 25, 20, 23, 22, 29, 18, 25, 22, 21, 20, 24, 26, 17, 25, 19, 19, 20, 9, 11, 19, 24, 24, 20, 23, 22, 13, 28, 23, 14, 25, 16, 23, 36, 19, 21, 18, 23, 13, 26, 19, 17, 23, 11, 22, 18, 29, 27, 22, 25, 25, 24, 21, 23, 19, 19, 21, 17, 25, 19, 17, 22, 19, 11, 23, 26, 27, 23, 24, 22, 18, 26, 25, 25])",0.08277776114866732
36,49.733333333333334,0.3340171820857572,"{0: 0.011619625695216523, 1: 0.0099648261161154, 2: 0.006520672783104756, 3: 0.006632151731869701, 4: 0.01143191388457303, 5: 0.00739828076149591, 6: 0.008706920646791832, 7: 0.012154139164642181, 8: 0.009626990876990878, 9: 0.009871430656080135, 10: 0.0099882794131384, 11: 0.007669651988749493, 12: 0.009637302510993082, 13: 0.0115214883168809, 14: 0.010118626072397333, 15: 0.01108771200934779, 16: 0.010023784010736645, 17: 0.0054946487215674685, 18: 0.01248112957488958, 19: 0.007484508239188513, 20: 0.008306109227745006, 21: 0.00828737092224613, 22: 0.008154166962587594, 23: 0.007474708225111126, 24: 0.005340596106231972, 25: 0.011190210786551013, 26: 0.007654733154357848, 27: 0.009553318437972882, 28: 0.0066939864683619715, 29: 0.01004694134295759, 30: 0.009935208177898015, 31: 0.010163539451881266, 32: 0.009360948220738711, 33: 0.00985139227118464, 34: 0.0067785745673386, 35: 0.010680824046647015, 36: 0.009311459340573067, 37: 0.008970729081209468, 38: 0.006771446829867458, 39: 0.011163538286632784, 40: 0.010423980488030692, 41: 0.00860567549439758, 42: 0.00814761251687946, 43: 0.014584921772011282, 44: 0.0079629198711247, 45: 0.004016720016921467, 46: 0.006460280327121583, 47: 0.013375436471729785, 48: 0.010422696736277808, 49: 0.00813038961309247, 50: 0.009485121143306652, 51: 0.012867380207227106, 52: 0.00900674033228425, 53: 0.010169403359274543, 54: 0.006760770696105105, 55: 0.0075674663658144735, 56: 0.010266880623447907, 57: 0.0095799560696821, 58: 0.010063123015627621, 59: 0.008560126187039966, 60: 0.0055068006719900375, 61: 0.011779058144257441, 62: 0.00600859578857327, 63: 0.005852378701895221, 64: 0.007836753001942367, 65: 0.007590328783605306, 66: 0.013245034267767812, 67: 0.010859790883771767, 68: 0.005270132647247876, 69: 0.012451224674230314, 70: 0.00938988924194735, 71: 0.007292822380356738, 72: 0.010233196329114338, 73: 0.009674539353225898, 74: 0.007767842860510065}","[64, 59, 58, 58, 57, 57, 57, 56, 56, 56, 56, 55, 55, 55, 55, 54, 54, 54, 54, 53, 53, 53, 52, 52, 52, 52, 52, 52, 52, 52, 52, 52, 52, 51, 51, 51, 51, 50, 50, 49, 49, 49, 48, 48, 48, 48, 48, 47, 47, 47, 47, 47, 46, 46, 46, 46, 46, 46, 46, 46, 45, 45, 45, 44, 44, 44, 44, 43, 42, 42, 41, 41, 40, 39, 36]","dict_values([27, 22, 25, 20, 23, 22, 29, 18, 25, 22, 21, 20, 24, 26, 17, 25, 19, 19, 20, 9, 11, 19, 24, 24, 20, 23, 22, 13, 28, 23, 14, 25, 16, 23, 36, 19, 21, 18, 23, 13, 26, 19, 17, 23, 11, 22, 18, 29, 27, 22, 25, 25, 24, 21, 23, 19, 19, 21, 17, 25, 19, 17, 22, 19, 11, 23, 26, 27, 23, 24, 22, 18, 26, 25, 25])",0.08199268304954398
36,49.54666666666667,0.33292008548813246,"{0: 0.011891672815149431, 1: 0.009958155400339124, 2: 0.006659667990560762, 3: 0.0066891558984629096, 4: 0.011533172053921448, 5: 0.007151291644643779, 6: 0.008818793000417944, 7: 0.0121705914342206, 8: 0.010309705258335394, 9: 0.009963014223691096, 10: 0.009181793332679714, 11: 0.007722869860259064, 12: 0.009154614870771197, 13: 0.011700258705420003, 14: 0.010218150126003914, 15: 0.010684519825333685, 16: 0.010037865879755066, 17: 0.005535339926577528, 18: 0.01259112154420443, 19: 0.007588468119116374, 20: 0.008394689634617111, 21: 0.008401895836945434, 22: 0.00836150877951845, 23: 0.007211517475417557, 24: 0.0054471986657862875, 25: 0.011299684018084084, 26: 0.0076698108405713495, 27: 0.00974357212131254, 28: 0.006778491518620447, 29: 0.010106090453210405, 30: 0.00961634821859474, 31: 0.010259290483629864, 32: 0.009438505490076802, 33: 0.010013412090609288, 34: 0.006946099375209658, 35: 0.010718327473099767, 36: 0.009380204853127136, 37: 0.009433995880027999, 38: 0.006588921818575323, 39: 0.011188657956420328, 40: 0.010504187543004959, 41: 0.008001904388300233, 42: 0.008266994770857064, 43: 0.014647886937683825, 44: 0.007317235448400527, 45: 0.0040135414279249895, 46: 0.006516302300951777, 47: 0.013665795152499422, 48: 0.010550946577753382, 49: 0.008269165539442567, 50: 0.009489202060543303, 51: 0.012305552182667415, 52: 0.009156236800273868, 53: 0.009817828235955998, 54: 0.007043101724810023, 55: 0.008002972023922871, 56: 0.009900622304933345, 57: 0.009620787959829057, 58: 0.010213728651306802, 59: 0.008619102444646361, 60: 0.0055066237026349845, 61: 0.011967524918009788, 62: 0.0064255045330860175, 63: 0.005922932892110974, 64: 0.008004580748335781, 65: 0.0076291067161541465, 66: 0.013470108088602628, 67: 0.01084654929944463, 68: 0.0053345695267532495, 69: 0.012110087966252351, 70: 0.009522860673559501, 71: 0.007020569264240942, 72: 0.009854208086306781, 73: 0.00972061020409127, 74: 0.00781831449639669}","[64, 59, 58, 58, 57, 56, 56, 56, 56, 56, 56, 55, 55, 55, 54, 54, 54, 54, 54, 53, 53, 52, 52, 52, 52, 52, 52, 52, 52, 52, 52, 51, 51, 51, 50, 50, 50, 50, 50, 49, 49, 49, 49, 48, 48, 48, 48, 47, 47, 47, 47, 46, 46, 46, 46, 46, 46, 46, 45, 45, 45, 45, 45, 44, 44, 44, 43, 42, 42, 42, 41, 41, 39, 39, 36]","dict_values([27, 22, 25, 20, 23, 22, 29, 18, 25, 22, 21, 20, 24, 26, 17, 25, 19, 19, 20, 9, 11, 19, 24, 24, 20, 23, 22, 13, 28, 23, 14, 25, 16, 23, 36, 19, 21, 18, 23, 13, 26, 19, 17, 23, 11, 22, 18, 29, 27, 22, 25, 25, 24, 21, 23, 19, 19, 21, 17, 25, 19, 17, 22, 19, 11, 23, 26, 27, 23, 24, 22, 18, 26, 25, 25])",0.07919728031460849
36,49.333333333333336,0.3315951536845032,"{0: 0.012132395977031554, 1: 0.009990483847252584, 2: 0.00728708563593014, 3: 0.00670395197490282, 4: 0.010885878769641862, 5: 0.006907910726644548, 6: 0.009227397041499422, 7: 0.01210146404208449, 8: 0.01003083289042193, 9: 0.010048181832729694, 10: 0.009894142267005647, 11: 0.007496308065405567, 12: 0.009216565925489646, 13: 0.011418688206022662, 14: 0.010334654891761743, 15: 0.011364687286323064, 16: 0.010184268087746803, 17: 0.005651931565349013, 18: 0.012969977441113141, 19: 0.007637100065292978, 20: 0.008249469245499066, 21: 0.008490493010256681, 22: 0.00828146520632419, 23: 0.006933631153010686, 24: 0.005398605281357666, 25: 0.012066976476755394, 26: 0.007349179432778047, 27: 0.00967839398935339, 28: 0.0070619117951504036, 29: 0.00993887846233245, 30: 0.009829028795096064, 31: 0.010153056062553307, 32: 0.009672136374392619, 33: 0.009751924049869255, 34: 0.0070628235074461625, 35: 0.010945476813956719, 36: 0.009424166830572732, 37: 0.009708298940234523, 38: 0.006718154139588467, 39: 0.011114210575473533, 40: 0.010559215883235851, 41: 0.007781670386939916, 42: 0.00818081232285655, 43: 0.015874360058977858, 44: 0.0074243533788507, 45: 0.0042468784763305305, 46: 0.006581951072281452, 47: 0.013762787201546268, 48: 0.010207137298490727, 49: 0.008414080347958468, 50: 0.00951044656821671, 51: 0.011732019547449938, 52: 0.009128972913219489, 53: 0.009708837711679548, 54: 0.006603415507525097, 55: 0.0073073648214663535, 56: 0.009121017203369431, 57: 0.009670105484749681, 58: 0.010182389205303047, 59: 0.008746071150382192, 60: 0.005532433926873896, 61: 0.011689324900129718, 62: 0.006157621400615231, 63: 0.005943123134600889, 64: 0.008013245866408104, 65: 0.007336632555372243, 66: 0.013359185388483357, 67: 0.010890233488079847, 68: 0.004961454503154745, 69: 0.012060410299590808, 70: 0.010195129715511973, 71: 0.0071662380015532915, 72: 0.0097764094500136, 73: 0.009994641607653522, 74: 0.008169582635738961}","[65, 59, 58, 57, 56, 56, 55, 55, 55, 55, 55, 55, 55, 55, 55, 54, 54, 54, 54, 54, 52, 52, 52, 52, 52, 52, 52, 52, 52, 52, 51, 51, 51, 51, 51, 50, 50, 50, 49, 49, 49, 49, 49, 49, 49, 48, 48, 47, 46, 46, 46, 46, 46, 46, 46, 45, 45, 45, 45, 44, 44, 44, 44, 44, 44, 43, 43, 42, 42, 41, 41, 40, 39, 39, 37]","dict_values([27, 22, 25, 20, 23, 22, 29, 18, 25, 22, 21, 20, 24, 26, 17, 25, 19, 19, 20, 9, 11, 19, 24, 24, 20, 23, 22, 13, 28, 23, 14, 25, 16, 23, 36, 19, 21, 18, 23, 13, 26, 19, 17, 23, 11, 22, 18, 29, 27, 22, 25, 25, 24, 21, 23, 19, 19, 21, 17, 25, 19, 17, 22, 19, 11, 23, 26, 27, 23, 24, 22, 18, 26, 25, 25])",0.08451190650109572
36,49.28,0.33097335523867133,"{0: 0.012491876618588946, 1: 0.009549869043221177, 2: 0.007345022670365136, 3: 0.0066705876536658154, 4: 0.010905958660846484, 5: 0.006986763901550366, 6: 0.009090151898371078, 7: 0.011923216002587477, 8: 0.010293223735004558, 9: 0.009808053945846051, 10: 0.010123794199136666, 11: 0.0075247370332509654, 12: 0.009321349465386533, 13: 0.010733354282964106, 14: 0.010410940719159899, 15: 0.011439150213324267, 16: 0.009773665973303364, 17: 0.005648836385137755, 18: 0.013041248647614483, 19: 0.008020036214086004, 20: 0.008146294190814739, 21: 0.008508572368362858, 22: 0.008300840321388267, 23: 0.007151482665181296, 24: 0.005772659691931076, 25: 0.011091656534900523, 26: 0.007231075115898478, 27: 0.00953586912491022, 28: 0.007046840151244493, 29: 0.009894555317654265, 30: 0.009748695390315051, 31: 0.010374709261695566, 32: 0.009777871250473991, 33: 0.009897189178011093, 34: 0.007651733240975787, 35: 0.011111657324388995, 36: 0.009408308380911121, 37: 0.009727028648261528, 38: 0.00674872643043473, 39: 0.012056463377024047, 40: 0.010332522641144723, 41: 0.007839963576264947, 42: 0.008304221489152995, 43: 0.015667845624586795, 44: 0.008196452364462037, 45: 0.004330590888810068, 46: 0.006547470996504034, 47: 0.013780403648506625, 48: 0.010212650356687426, 49: 0.008374388168908715, 50: 0.009440756500640295, 51: 0.011894884542950618, 52: 0.008864064848203276, 53: 0.00969519803227764, 54: 0.006126464345642429, 55: 0.007217708139343918, 56: 0.008833996485084317, 57: 0.009723566316032068, 58: 0.009774530816029608, 59: 0.00885591261296338, 60: 0.005490674715143521, 61: 0.011509806096885702, 62: 0.006260485702467976, 63: 0.006375985047419374, 64: 0.007602562034471784, 65: 0.007254410810011133, 66: 0.01332658232335912, 67: 0.010922997974770738, 68: 0.005554507171146978, 69: 0.01204920390556974, 70: 0.010289408279940106, 71: 0.006831597535719847, 72: 0.009428917220013112, 73: 0.010048145967820254, 74: 0.008243914312608916}","[64, 59, 59, 57, 57, 56, 56, 56, 55, 55, 55, 55, 54, 54, 54, 54, 54, 53, 53, 53, 53, 52, 52, 52, 52, 52, 52, 52, 51, 51, 51, 51, 51, 51, 50, 50, 50, 50, 50, 49, 49, 49, 49, 48, 48, 48, 47, 47, 46, 46, 46, 46, 46, 46, 45, 45, 45, 45, 45, 44, 44, 44, 44, 44, 44, 43, 43, 42, 42, 42, 42, 42, 39, 39, 37]","dict_values([27, 22, 25, 20, 23, 22, 29, 18, 25, 22, 21, 20, 24, 26, 17, 25, 19, 19, 20, 9, 11, 19, 24, 24, 20, 23, 22, 13, 28, 23, 14, 25, 16, 23, 36, 19, 21, 18, 23, 13, 26, 19, 17, 23, 11, 22, 18, 29, 27, 22, 25, 25, 24, 21, 23, 19, 19, 21, 17, 25, 19, 17, 22, 19, 11, 23, 26, 27, 23, 24, 22, 18, 26, 25, 25])",0.0803152700474129
36,49.093333333333334,0.32985622820252153,"{0: 0.012604442998278615, 1: 0.009613210459302324, 2: 0.007317422129065966, 3: 0.0069158283954819, 4: 0.01127383566444807, 5: 0.006750590054357766, 6: 0.009330427441213448, 7: 0.011945972570429828, 8: 0.010329678651596461, 9: 0.009420134912661691, 10: 0.01026879168254351, 11: 0.007550196827996988, 12: 0.009194393305380768, 13: 0.010573267669359532, 14: 0.009725867937564973, 15: 0.012031307141097633, 16: 0.009723272999248371, 17: 0.005617389224750576, 18: 0.013056068708318304, 19: 0.007352909795496421, 20: 0.008617207726963012, 21: 0.008152328176502232, 22: 0.008368889533273095, 23: 0.007069973251480102, 24: 0.005859452740589155, 25: 0.010644801816236142, 26: 0.007347650121788972, 27: 0.009565533300404959, 28: 0.007058095021822207, 29: 0.009890406994948042, 30: 0.009510147551618962, 31: 0.011061829303949267, 32: 0.009795439247494044, 33: 0.009627929148477096, 34: 0.007828462109284026, 35: 0.011634461601016917, 36: 0.009858359053730779, 37: 0.00973217950957677, 38: 0.006775176980656435, 39: 0.012281157304304546, 40: 0.010140412003828604, 41: 0.007984709860790458, 42: 0.008382706234814229, 43: 0.015213456480579769, 44: 0.008377730403500414, 45: 0.004079714353686956, 46: 0.006548180853176822, 47: 0.01439162705278741, 48: 0.009850374189782981, 49: 0.008447118977940897, 50: 0.01007308908698917, 51: 0.012416323620977712, 52: 0.008178309976255183, 53: 0.009654954860434313, 54: 0.005956844741091317, 55: 0.00749958410615139, 56: 0.009409234619339608, 57: 0.010403269899213507, 58: 0.009602226210788442, 59: 0.008816719423085257, 60: 0.005447016471391975, 61: 0.011372453057586013, 62: 0.006057388067863491, 63: 0.006398972089125662, 64: 0.007259685281833097, 65: 0.007292545551994164, 66: 0.013497158692565627, 67: 0.010771916777340294, 68: 0.005562056750614366, 69: 0.012226801065810875, 70: 0.00996384791324865, 71: 0.006200108372546041, 72: 0.009553271967655527, 73: 0.009825856946289105, 74: 0.00865251806025376}","[63, 60, 59, 57, 57, 57, 56, 56, 55, 55, 55, 54, 54, 54, 53, 53, 53, 53, 53, 53, 52, 52, 52, 52, 52, 51, 51, 51, 51, 51, 51, 51, 51, 50, 50, 50, 50, 50, 50, 49, 49, 49, 49, 48, 48, 47, 47, 47, 46, 46, 46, 46, 46, 46, 45, 45, 45, 45, 45, 44, 44, 44, 44, 43, 43, 43, 42, 42, 42, 42, 42, 41, 39, 39, 36]","dict_values([27, 22, 25, 20, 23, 22, 29, 18, 25, 22, 21, 20, 24, 26, 17, 25, 19, 19, 20, 9, 11, 19, 24, 24, 20, 23, 22, 13, 28, 23, 14, 25, 16, 23, 36, 19, 21, 18, 23, 13, 26, 19, 17, 23, 11, 22, 18, 29, 27, 22, 25, 25, 24, 21, 23, 19, 19, 21, 17, 25, 19, 17, 22, 19, 11, 23, 26, 27, 23, 24, 22, 18, 26, 25, 25])",0.08371952635381957
36,48.96,0.3281733483943504,"{0: 0.012461352872311777, 1: 0.009690719108527328, 2: 0.007171334311745272, 3: 0.007018174549399371, 4: 0.010647039746556265, 5: 0.006747958298099899, 6: 0.009153628891127233, 7: 0.011936350985465779, 8: 0.010357257103832444, 9: 0.00959768492905135, 10: 0.010411695592570708, 11: 0.007664820240364155, 12: 0.009409027852207092, 13: 0.010596922155141332, 14: 0.009787160721460497, 15: 0.01211336680212587, 16: 0.00979438609413262, 17: 0.005669677890052942, 18: 0.013062676677255042, 19: 0.007240768758697848, 20: 0.008679043490853572, 21: 0.0083942781616029, 22: 0.008842420818649666, 23: 0.00717558311736394, 24: 0.005803148489079424, 25: 0.010715422092335872, 26: 0.007414455668046572, 27: 0.009586135204568509, 28: 0.0070978977157344905, 29: 0.01019779010349956, 30: 0.009331284625979245, 31: 0.011233706102538396, 32: 0.0100886980923242, 33: 0.00929612445023404, 34: 0.007943883628815138, 35: 0.012448122774267129, 36: 0.010306890985739866, 37: 0.00984591532536738, 38: 0.006809811604332153, 39: 0.01212583174426896, 40: 0.009939370117653763, 41: 0.008526001142206757, 42: 0.008527797551339871, 43: 0.014952588240259475, 44: 0.008000633806826746, 45: 0.004145971782958084, 46: 0.006474270590910398, 47: 0.014262868876084024, 48: 0.009793594252866057, 49: 0.008517483250561415, 50: 0.010350650313381981, 51: 0.011857009534266365, 52: 0.008277372746550828, 53: 0.009575999302026699, 54: 0.006078536215522517, 55: 0.0070703807659891465, 56: 0.009255762633675838, 57: 0.010394130934595092, 58: 0.00936304770811276, 59: 0.00892093973278502, 60: 0.005427480311646306, 61: 0.01155756300296993, 62: 0.006586876268584569, 63: 0.0067399899815134175, 64: 0.007100035622582426, 65: 0.007649379289166341, 66: 0.013355592455108978, 67: 0.010020426632215983, 68: 0.005195255270799187, 69: 0.011452445839400848, 70: 0.010035490631950191, 71: 0.005899660051348323, 72: 0.009692071753917038, 73: 0.010179624779110002, 74: 0.008663507036794707}","[62, 60, 58, 56, 56, 56, 56, 55, 55, 55, 54, 54, 54, 53, 53, 53, 53, 53, 53, 53, 52, 52, 52, 52, 52, 52, 51, 51, 51, 51, 51, 50, 50, 50, 50, 50, 50, 50, 49, 49, 49, 49, 49, 48, 48, 48, 47, 47, 47, 46, 46, 46, 46, 46, 45, 45, 45, 45, 44, 44, 44, 44, 44, 44, 43, 43, 42, 42, 42, 42, 41, 40, 39, 39, 36]","dict_values([27, 22, 25, 20, 23, 22, 29, 18, 25, 22, 21, 20, 24, 26, 17, 25, 19, 19, 20, 9, 11, 19, 24, 24, 20, 23, 22, 13, 28, 23, 14, 25, 16, 23, 36, 19, 21, 18, 23, 13, 26, 19, 17, 23, 11, 22, 18, 29, 27, 22, 25, 25, 24, 21, 23, 19, 19, 21, 17, 25, 19, 17, 22, 19, 11, 23, 26, 27, 23, 24, 22, 18, 26, 25, 25])",0.08542120551924473
36,48.82666666666667,0.32656457591948557,"{0: 0.012670220889398972, 1: 0.009685345891026794, 2: 0.007792124829796061, 3: 0.007075073921367232, 4: 0.010474914630890288, 5: 0.006776762845457446, 6: 0.00910289094213349, 7: 0.012519408274900449, 8: 0.010431639198762485, 9: 0.00977553808542188, 10: 0.010511574456981386, 11: 0.007808056162259054, 12: 0.009160445023660174, 13: 0.0107341345164196, 14: 0.009947681437407466, 15: 0.012072189192455111, 16: 0.009360402985556723, 17: 0.006137563843043297, 18: 0.013024090068812071, 19: 0.006889584408775215, 20: 0.009006454107232343, 21: 0.008469514281359568, 22: 0.008792644912709377, 23: 0.007725455156962006, 24: 0.005905609139949019, 25: 0.010966073789454764, 26: 0.007525045615348428, 27: 0.009723334380868628, 28: 0.007196945715330719, 29: 0.009838987978699159, 30: 0.008973145235285276, 31: 0.01141072844839968, 32: 0.009461703116014157, 33: 0.009207349351386418, 34: 0.007683632341166589, 35: 0.012037629825703961, 36: 0.009954212921630965, 37: 0.009963361590073919, 38: 0.007320563913029667, 39: 0.01235174947111416, 40: 0.009875131012318765, 41: 0.008656818579313172, 42: 0.008672115425741535, 43: 0.014897239888227632, 44: 0.008383040040977187, 45: 0.004158678025519283, 46: 0.006205390347264472, 47: 0.013708571299277016, 48: 0.009857323707041678, 49: 0.008498106080700762, 50: 0.009470470819287565, 51: 0.01128586374859542, 52: 0.00816684951057698, 53: 0.009656525914636945, 54: 0.006108102169746005, 55: 0.006827087514086541, 56: 0.009465486747973281, 57: 0.010447108477930395, 58: 0.009516509401735663, 59: 0.009014700357367561, 60: 0.005941712066865804, 61: 0.011790238569098993, 62: 0.006627133843088718, 63: 0.007092262551569563, 64: 0.006794404376999057, 65: 0.008044814930444092, 66: 0.012707959615695312, 67: 0.010226067464234902, 68: 0.005342074852550276, 69: 0.011380794322978047, 70: 0.010050490309407141, 71: 0.005993418873258986, 72: 0.009422444429495193, 73: 0.010095844398878877, 74: 0.008789276749644026}","[61, 59, 58, 56, 56, 55, 55, 55, 55, 54, 54, 54, 54, 53, 53, 53, 53, 53, 53, 52, 52, 52, 52, 52, 52, 51, 51, 51, 51, 50, 50, 50, 50, 50, 49, 49, 49, 49, 49, 49, 49, 49, 48, 48, 48, 48, 47, 47, 47, 46, 46, 46, 46, 45, 45, 45, 45, 44, 44, 44, 44, 44, 44, 44, 44, 43, 43, 43, 42, 42, 41, 41, 40, 40, 36]","dict_values([27, 22, 25, 20, 23, 22, 29, 18, 25, 22, 21, 20, 24, 26, 17, 25, 19, 19, 20, 9, 11, 19, 24, 24, 20, 23, 22, 13, 28, 23, 14, 25, 16, 23, 36, 19, 21, 18, 23, 13, 26, 19, 17, 23, 11, 22, 18, 29, 27, 22, 25, 25, 24, 21, 23, 19, 19, 21, 17, 25, 19, 17, 22, 19, 11, 23, 26, 27, 23, 24, 22, 18, 26, 25, 25])",0.08269707844242061
36,48.53333333333333,0.32485494518776387,"{0: 0.01278013298561244, 1: 0.00981010337879798, 2: 0.007797649150388876, 3: 0.007255688999242583, 4: 0.01052511793451825, 5: 0.006802051917746991, 6: 0.008390525846206748, 7: 0.012754349248660013, 8: 0.0106758168402004, 9: 0.00919814587792998, 10: 0.010440025625394764, 11: 0.007887837235190813, 12: 0.009030381643714884, 13: 0.010247974269985383, 14: 0.01008884514730051, 15: 0.012290925883794539, 16: 0.009532079642391125, 17: 0.006195163493226791, 18: 0.01351151800073693, 19: 0.0070281417481256325, 20: 0.008779519377028339, 21: 0.008650439633517795, 22: 0.00891037961948518, 23: 0.007991458847623232, 24: 0.005933737834823108, 25: 0.01123801276002387, 26: 0.007726353840983533, 27: 0.009841223852796833, 28: 0.0073873730314075415, 29: 0.010624720557808666, 30: 0.009071373808515713, 31: 0.011599055390387464, 32: 0.0092560488007708, 33: 0.009747921124834903, 34: 0.007339161106284395, 35: 0.012427189497266468, 36: 0.009713428087271483, 37: 0.009908305370634137, 38: 0.007562471004251826, 39: 0.012008216230357936, 40: 0.010183195361479004, 41: 0.008822399345545308, 42: 0.008992118869268833, 43: 0.014715235254168206, 44: 0.008590897204431893, 45: 0.003917774702424179, 46: 0.006264763532088269, 47: 0.013344190626677164, 48: 0.01009114035559616, 49: 0.008666233646088603, 50: 0.00895473572352363, 51: 0.011796925189038054, 52: 0.008434491901507041, 53: 0.009125490965793778, 54: 0.005837741796645906, 55: 0.006619624815636097, 56: 0.008950223298878445, 57: 0.010612413514515548, 58: 0.009517141266599433, 59: 0.00879512274052967, 60: 0.006090928130666881, 61: 0.011929467989150337, 62: 0.006724267159400117, 63: 0.007104979829284477, 64: 0.007030682353003062, 65: 0.008106942198088104, 66: 0.012248509156244857, 67: 0.01044589262812192, 68: 0.005386815993181827, 69: 0.011505787846648944, 70: 0.009238474609143425, 71: 0.006027114328106519, 72: 0.009439558316472094, 73: 0.010349714285483768, 74: 0.008850262598301106}","[61, 58, 58, 56, 55, 55, 55, 55, 54, 54, 54, 54, 54, 53, 53, 53, 53, 53, 52, 52, 52, 52, 52, 51, 51, 51, 51, 50, 50, 50, 50, 50, 50, 49, 49, 49, 49, 49, 49, 48, 48, 48, 48, 47, 47, 46, 46, 46, 46, 46, 46, 46, 45, 45, 45, 45, 45, 44, 44, 44, 44, 44, 44, 44, 44, 43, 43, 42, 42, 42, 41, 41, 40, 40, 35]","dict_values([27, 22, 25, 20, 23, 22, 29, 18, 25, 22, 21, 20, 24, 26, 17, 25, 19, 19, 20, 9, 11, 19, 24, 24, 20, 23, 22, 13, 28, 23, 14, 25, 16, 23, 36, 19, 21, 18, 23, 13, 26, 19, 17, 23, 11, 22, 18, 29, 27, 22, 25, 25, 24, 21, 23, 19, 19, 21, 17, 25, 19, 17, 22, 19, 11, 23, 26, 27, 23, 24, 22, 18, 26, 25, 25])",0.08306726240792178
36,48.4,0.3236545478004617,"{0: 0.012851243844394532, 1: 0.009813378981388652, 2: 0.007912750635353375, 3: 0.006346647508009311, 4: 0.01053704843491306, 5: 0.006620299075979979, 6: 0.008350660224149344, 7: 0.01263915241050616, 8: 0.010643247800782046, 9: 0.009768326614619925, 10: 0.0102360252088294, 11: 0.00799620036626483, 12: 0.009252106416691433, 13: 0.010985714989542547, 14: 0.009651815388116759, 15: 0.011486006585724554, 16: 0.009560491797598967, 17: 0.0062116372047878905, 18: 0.013885922095027654, 19: 0.007562371467488309, 20: 0.00834612246276227, 21: 0.008794426421340202, 22: 0.008899539026452807, 23: 0.008441867174743888, 24: 0.005876102612605434, 25: 0.011105898424593025, 26: 0.0073822930843478775, 27: 0.010053820156559883, 28: 0.006930446732018046, 29: 0.010999502342169546, 30: 0.009235899692184945, 31: 0.011373218136916765, 32: 0.00872542327014527, 33: 0.009630905596860473, 34: 0.0073727136982576135, 35: 0.012495189101756387, 36: 0.009218826417658007, 37: 0.00986999111999112, 38: 0.007660634106041037, 39: 0.012227952351844372, 40: 0.009738049368387805, 41: 0.008391836987727398, 42: 0.008589647706287515, 43: 0.014985342725068755, 44: 0.008579674312953924, 45: 0.0036676956852218744, 46: 0.00630621964223898, 47: 0.013616380452601246, 48: 0.010080200299781282, 49: 0.008628221964241302, 50: 0.00955562031307398, 51: 0.012221182824526906, 52: 0.008525957412943715, 53: 0.008599939593090277, 54: 0.006407113085195278, 55: 0.006728079033679354, 56: 0.009775514549890056, 57: 0.011356484387306303, 58: 0.009233631559376928, 59: 0.00890769322981249, 60: 0.006128524143230025, 61: 0.011920653263320468, 62: 0.006742621116110238, 63: 0.007563227577329107, 64: 0.006819501148671173, 65: 0.008164634655367934, 66: 0.012110759703426911, 67: 0.010280738247096022, 68: 0.005840413878286561, 69: 0.011680916369675436, 70: 0.00892272180044138, 71: 0.006427486106172651, 72: 0.008782095843941132, 73: 0.01035150030415945, 74: 0.00882849040081111}","[61, 58, 58, 56, 55, 55, 55, 55, 55, 54, 54, 54, 54, 53, 53, 53, 52, 52, 52, 52, 52, 52, 52, 51, 51, 51, 51, 50, 50, 50, 50, 49, 49, 49, 49, 49, 49, 49, 48, 48, 48, 48, 47, 47, 46, 46, 46, 46, 46, 45, 45, 45, 45, 45, 45, 45, 44, 44, 44, 44, 44, 44, 43, 43, 43, 43, 43, 43, 42, 42, 42, 42, 41, 40, 34]","dict_values([27, 22, 25, 20, 23, 22, 29, 18, 25, 22, 21, 20, 24, 26, 17, 25, 19, 19, 20, 9, 11, 19, 24, 24, 20, 23, 22, 13, 28, 23, 14, 25, 16, 23, 36, 19, 21, 18, 23, 13, 26, 19, 17, 23, 11, 22, 18, 29, 27, 22, 25, 25, 24, 21, 23, 19, 19, 21, 17, 25, 19, 17, 22, 19, 11, 23, 26, 27, 23, 24, 22, 18, 26, 25, 25])",0.08380514385022277
36,48.24,0.32219262966155443,"{0: 0.013088107437422506, 1: 0.009941223030465577, 2: 0.008003920418303981, 3: 0.0064603272550492535, 4: 0.011110785728029886, 5: 0.006467455087519551, 6: 0.008459947148504765, 7: 0.012282533067182546, 8: 0.01011552621141662, 9: 0.009083321573249052, 10: 0.009683217635473881, 11: 0.008059264279046711, 12: 0.009335571226183635, 13: 0.011136861459182166, 14: 0.009677622092005652, 15: 0.011299186279041237, 16: 0.00960626925070922, 17: 0.006450246423050614, 18: 0.01260658769220413, 19: 0.008157466089577289, 20: 0.008741612241813692, 21: 0.008427770393926719, 22: 0.00916152533295966, 23: 0.008515684019310129, 24: 0.005444741297883925, 25: 0.011050450071400916, 26: 0.007025351107744339, 27: 0.010049303199988131, 28: 0.007114056751445953, 29: 0.010812256692595132, 30: 0.009364752646380365, 31: 0.011379467543851106, 32: 0.008551263517016941, 33: 0.009226428394438064, 34: 0.007508681053201601, 35: 0.013230954991631867, 36: 0.009744484915717791, 37: 0.009886614167436084, 38: 0.007749643784091811, 39: 0.011793902547327205, 40: 0.009743607925517676, 41: 0.008177235831345421, 42: 0.008885842447486286, 43: 0.014702559973510823, 44: 0.008509808147197349, 45: 0.0037681314977850034, 46: 0.006574506060807431, 47: 0.013343667080572805, 48: 0.009997689505143174, 49: 0.009060164272694491, 50: 0.00973316742857436, 51: 0.011309581494915903, 52: 0.008678094883775784, 53: 0.008295525076346994, 54: 0.006880128797937015, 55: 0.006743930248160708, 56: 0.009909366642847707, 57: 0.011127491949409759, 58: 0.009356147188540422, 59: 0.008905373878178073, 60: 0.006012244081341584, 61: 0.011815462575937997, 62: 0.006835861106610501, 63: 0.007765374354818351, 64: 0.006709296863406452, 65: 0.008240801703734823, 66: 0.013427732766975314, 67: 0.010326861162880504, 68: 0.006238575074191512, 69: 0.011680171762766445, 70: 0.009034150442289042, 71: 0.006617488340896883, 72: 0.008977717282511802, 73: 0.010184840634075123, 74: 0.009148305874736175}","[60, 58, 57, 56, 56, 55, 55, 54, 54, 54, 53, 53, 53, 53, 53, 53, 52, 52, 52, 52, 52, 52, 51, 51, 51, 51, 50, 50, 50, 50, 49, 49, 49, 49, 49, 49, 48, 48, 48, 48, 48, 48, 47, 47, 46, 46, 46, 46, 46, 46, 46, 45, 45, 45, 45, 45, 45, 44, 44, 44, 44, 43, 43, 43, 43, 42, 42, 42, 42, 42, 42, 41, 41, 41, 34]","dict_values([27, 22, 25, 20, 23, 22, 29, 18, 25, 22, 21, 20, 24, 26, 17, 25, 19, 19, 20, 9, 11, 19, 24, 24, 20, 23, 22, 13, 28, 23, 14, 25, 16, 23, 36, 19, 21, 18, 23, 13, 26, 19, 17, 23, 11, 22, 18, 29, 27, 22, 25, 25, 24, 21, 23, 19, 19, 21, 17, 25, 19, 17, 22, 19, 11, 23, 26, 27, 23, 24, 22, 18, 26, 25, 25])",0.08793572827466378
36,48.0,0.32060242367515085,"{0: 0.012659886290023277, 1: 0.010067408088157485, 2: 0.007711814133047009, 3: 0.0062744118294078, 4: 0.010890017356576583, 5: 0.006469919816011678, 6: 0.00856266283341223, 7: 0.012349575685595025, 8: 0.010325610154377276, 9: 0.009285337614306189, 10: 0.009691438362872689, 11: 0.007734381933616421, 12: 0.00946696776168976, 13: 0.011697254057246, 14: 0.009392280710773863, 15: 0.010784419668384213, 16: 0.009192089555707605, 17: 0.006629027594982471, 18: 0.012622810824865622, 19: 0.008193059019005836, 20: 0.008796666920156041, 21: 0.008538199785178027, 22: 0.009356051383650093, 23: 0.008562107267788173, 24: 0.005662756241926265, 25: 0.011328956428674396, 26: 0.007082404075756211, 27: 0.010168580545292872, 28: 0.007171944994265704, 29: 0.010353910172604773, 30: 0.009453920543767442, 31: 0.011513530177913739, 32: 0.008736313873300176, 33: 0.009422720029085863, 34: 0.007714951293718419, 35: 0.013517020174957324, 36: 0.009936403172704543, 37: 0.010133647976113729, 38: 0.0071730884130158925, 39: 0.011296448368366177, 40: 0.009854010090714365, 41: 0.008577883149800956, 42: 0.008923400532989576, 43: 0.015279463375756693, 44: 0.008686719967944786, 45: 0.0038905408667697147, 46: 0.006583570795899564, 47: 0.013375855982624718, 48: 0.009988296002598982, 49: 0.009178351548416014, 50: 0.009525533573680231, 51: 0.011455829586369471, 52: 0.008201432934511095, 53: 0.008360992950034046, 54: 0.007407344650495335, 55: 0.0064912981462135365, 56: 0.009816571258956434, 57: 0.011496955161338725, 58: 0.009214101926632143, 59: 0.008895245785858196, 60: 0.006111201286463173, 61: 0.012026221005874513, 62: 0.007283738438049478, 63: 0.007900556853014547, 64: 0.006321560345532948, 65: 0.007764283847079979, 66: 0.01367196177832761, 67: 0.009879184687806769, 68: 0.006309663330211275, 69: 0.011822226784958452, 70: 0.009249699630440969, 71: 0.0062175042080360385, 72: 0.009257758829676638, 73: 0.009990213641502923, 74: 0.00925816994007969}","[61, 57, 57, 56, 56, 55, 55, 54, 54, 53, 53, 53, 53, 52, 52, 52, 52, 52, 52, 51, 51, 51, 51, 51, 51, 51, 50, 50, 49, 49, 49, 49, 49, 49, 48, 48, 48, 48, 48, 48, 48, 47, 47, 47, 46, 46, 46, 46, 46, 46, 46, 45, 45, 45, 45, 45, 45, 45, 44, 43, 43, 43, 43, 43, 42, 42, 42, 42, 41, 41, 41, 41, 41, 40, 34]","dict_values([27, 22, 25, 20, 23, 22, 29, 18, 25, 22, 21, 20, 24, 26, 17, 25, 19, 19, 20, 9, 11, 19, 24, 24, 20, 23, 22, 13, 28, 23, 14, 25, 16, 23, 36, 19, 21, 18, 23, 13, 26, 19, 17, 23, 11, 22, 18, 29, 27, 22, 25, 25, 24, 21, 23, 19, 19, 21, 17, 25, 19, 17, 22, 19, 11, 23, 26, 27, 23, 24, 22, 18, 26, 25, 25])",0.08934197530864199
36,47.653333333333336,0.3188785990569381,"{0: 0.012981194830509898, 1: 0.009341415743563843, 2: 0.008238637776309008, 3: 0.006469243017389674, 4: 0.01097894038169283, 5: 0.00623300382567103, 6: 0.008177484023575885, 7: 0.012332994923700637, 8: 0.010364572693339815, 9: 0.009188776721061803, 10: 0.009424283986129272, 11: 0.007398394859165038, 12: 0.009565315976476333, 13: 0.011788416648408594, 14: 0.009521398220028359, 15: 0.010839670066100364, 16: 0.009979126986580654, 17: 0.006787644277571756, 18: 0.013011194346810787, 19: 0.008207542671737508, 20: 0.008934837863121506, 21: 0.008654843908671467, 22: 0.009389085320793621, 23: 0.008322126453726608, 24: 0.006282514643768302, 25: 0.01169900413560026, 26: 0.005865754400202426, 27: 0.010065355270834724, 28: 0.007330327078567037, 29: 0.010347709310239527, 30: 0.00971616822850972, 31: 0.011024399979879432, 32: 0.007966610706336735, 33: 0.009613832805815079, 34: 0.007482736677942158, 35: 0.01328122241302402, 36: 0.010500102871227598, 37: 0.010284208058180661, 38: 0.007462791870527567, 39: 0.010898387011400711, 40: 0.010125133050193484, 41: 0.008394550860304282, 42: 0.00919544917832589, 43: 0.015151284651687552, 44: 0.008848143245806421, 45: 0.0036060481165235392, 46: 0.006830326341862029, 47: 0.013354118803353292, 48: 0.01036879989337685, 49: 0.009401879254820429, 50: 0.00905357043048421, 51: 0.01212239146868478, 52: 0.008338356872804898, 53: 0.0077185618281508704, 54: 0.007038911662199334, 55: 0.00738753234724226, 56: 0.010048086473348362, 57: 0.011663105241872368, 58: 0.009390971110350643, 59: 0.009010490849733396, 60: 0.00622198949656645, 61: 0.012309683018788582, 62: 0.007789546135637998, 63: 0.008014349432560552, 64: 0.006088782201795901, 65: 0.007928440004386823, 66: 0.013251511357877194, 67: 0.010128150681185163, 68: 0.006593685437412908, 69: 0.011889791997620998, 70: 0.008921651519407998, 71: 0.006309296756569754, 72: 0.009102604736166382, 73: 0.009392809020125702, 74: 0.009652579666681198}","[60, 57, 57, 55, 55, 55, 55, 54, 54, 53, 53, 53, 52, 52, 52, 52, 52, 51, 51, 51, 51, 50, 50, 50, 50, 50, 50, 50, 49, 49, 49, 49, 48, 48, 48, 48, 48, 48, 48, 47, 47, 47, 47, 47, 46, 46, 46, 46, 46, 45, 45, 45, 45, 45, 44, 44, 44, 44, 43, 43, 43, 43, 43, 43, 42, 42, 42, 41, 41, 41, 41, 41, 40, 39, 33]","dict_values([27, 22, 25, 20, 23, 22, 29, 18, 25, 22, 21, 20, 24, 26, 17, 25, 19, 19, 20, 9, 11, 19, 24, 24, 20, 23, 22, 13, 28, 23, 14, 25, 16, 23, 36, 19, 21, 18, 23, 13, 26, 19, 17, 23, 11, 22, 18, 29, 27, 22, 25, 25, 24, 21, 23, 19, 19, 21, 17, 25, 19, 17, 22, 19, 11, 23, 26, 27, 23, 24, 22, 18, 26, 25, 25])",0.09055483409527679
36,47.46666666666667,0.3180038170794424,"{0: 0.013390663390663393, 1: 0.009447905137925918, 2: 0.008345153293783429, 3: 0.006458524684753533, 4: 0.011752382507874682, 5: 0.006002572259623025, 6: 0.00811451881657361, 7: 0.013582735632546906, 8: 0.009837266686581757, 9: 0.00900757885150777, 10: 0.009048153911167612, 11: 0.0068806493071729095, 12: 0.00979617948796031, 13: 0.012471292406828266, 14: 0.009130627795011358, 15: 0.010616180630282161, 16: 0.01005100454133492, 17: 0.006851734410155039, 18: 0.013209201041594272, 19: 0.008228450483741209, 20: 0.00856727181767472, 21: 0.008744539375079262, 22: 0.010048662692699762, 23: 0.008099232395216108, 24: 0.006249291665339844, 25: 0.011814618730465461, 26: 0.0060890696920108695, 27: 0.01012754420288667, 28: 0.007438082152075535, 29: 0.010492886082128628, 30: 0.009374897082444052, 31: 0.01127571392982352, 32: 0.007965669095806082, 33: 0.00930109115040622, 34: 0.007680944924095609, 35: 0.013135197856242004, 36: 0.010597293721843109, 37: 0.010718169793512259, 38: 0.0072480009778559335, 39: 0.011010793192501495, 40: 0.009205571514193593, 41: 0.008250393010666983, 42: 0.009296951505855617, 43: 0.014301350925041499, 44: 0.008560063258894846, 45: 0.003579919912514595, 46: 0.007195149052575152, 47: 0.013520180195240632, 48: 0.010475572698578337, 49: 0.00991993860144545, 50: 0.00914329594829192, 51: 0.011850785118311308, 52: 0.008130226965843406, 53: 0.008230572956600353, 54: 0.00695413332399634, 55: 0.007593207981000084, 56: 0.009785580122002363, 57: 0.011654407801668076, 58: 0.009611094789378431, 59: 0.008532010405499526, 60: 0.006194219766943376, 61: 0.012489711709091241, 62: 0.007868068645667354, 63: 0.008238904204859081, 64: 0.006133472486212214, 65: 0.007880236274676242, 66: 0.012832481829258627, 67: 0.010058816783285589, 68: 0.006700383318083392, 69: 0.01193478485083303, 70: 0.009069012026357544, 71: 0.006103217536590454, 72: 0.009137117099445865, 73: 0.009439567714144668, 74: 0.00981752435217383}","[59, 57, 57, 55, 55, 55, 55, 54, 54, 53, 53, 53, 53, 53, 52, 52, 51, 51, 51, 51, 50, 50, 50, 50, 50, 50, 50, 50, 49, 49, 49, 48, 48, 48, 48, 47, 47, 47, 47, 47, 47, 47, 47, 47, 46, 46, 46, 46, 45, 45, 45, 45, 45, 44, 44, 44, 44, 44, 43, 43, 42, 42, 42, 42, 42, 42, 42, 41, 41, 41, 40, 40, 40, 39, 33]","dict_values([27, 22, 25, 20, 23, 22, 29, 18, 25, 22, 21, 20, 24, 26, 17, 25, 19, 19, 20, 9, 11, 19, 24, 24, 20, 23, 22, 13, 28, 23, 14, 25, 16, 23, 36, 19, 21, 18, 23, 13, 26, 19, 17, 23, 11, 22, 18, 29, 27, 22, 25, 25, 24, 21, 23, 19, 19, 21, 17, 25, 19, 17, 22, 19, 11, 23, 26, 27, 23, 24, 22, 18, 26, 25, 25])",0.08396540840802928
36,47.17333333333333,0.31577853248084553,"{0: 0.01403613740942508, 1: 0.009152041143431787, 2: 0.00844215664421144, 3: 0.006802621946659014, 4: 0.012040616272135847, 5: 0.00503473687397942, 6: 0.008236448133708408, 7: 0.013374381495909127, 8: 0.009933164042753085, 9: 0.009071978487825217, 10: 0.008798077976160166, 11: 0.00687275914517316, 12: 0.008654447952393158, 13: 0.012814145489407376, 14: 0.008495233837699593, 15: 0.010594389437056645, 16: 0.010409441820602173, 17: 0.00690139542879269, 18: 0.012851676197768057, 19: 0.00853442110095276, 20: 0.008721613752838572, 21: 0.008788606134496545, 22: 0.010341609827911196, 23: 0.007546996569007681, 24: 0.0062695883566679595, 25: 0.011963997047651997, 26: 0.006091449660144262, 27: 0.01036634469853648, 28: 0.007573543845756406, 29: 0.010627001627203076, 30: 0.008816068804034788, 31: 0.011346861004395255, 32: 0.008002717078059544, 33: 0.009780314146752503, 34: 0.0080774978035252, 35: 0.013394470033322402, 36: 0.010777582600762125, 37: 0.010220108422163214, 38: 0.007433478913132417, 39: 0.011170245920447372, 40: 0.009461737972011944, 41: 0.008631568049376268, 42: 0.009403303410152726, 43: 0.01416070901365019, 44: 0.008670487513154716, 45: 0.003638436666236827, 46: 0.007559555666981767, 47: 0.01330574342258468, 48: 0.010342581232992192, 49: 0.009418796833180396, 50: 0.009215457321823155, 51: 0.01259581953075104, 52: 0.008280303657015986, 53: 0.007888594703663201, 54: 0.006931910699033987, 55: 0.007638623200669938, 56: 0.01006942648763761, 57: 0.011675912532076914, 58: 0.009765792128805826, 59: 0.008326822529078775, 60: 0.0057477475084243826, 61: 0.012837868478480887, 62: 0.0074819188689051715, 63: 0.008380620623771309, 64: 0.006182517655120396, 65: 0.00805560435395246, 66: 0.01229360269448908, 67: 0.010311632713982263, 68: 0.006770628080108976, 69: 0.011506299918923444, 70: 0.009956549300881122, 71: 0.00612668511142789, 72: 0.009710090446391817, 73: 0.009749630201886447, 74: 0.009657724363606717}","[58, 58, 56, 55, 55, 54, 54, 54, 53, 53, 53, 53, 52, 52, 52, 52, 51, 51, 51, 51, 50, 50, 50, 50, 50, 50, 49, 49, 48, 48, 48, 48, 48, 48, 47, 47, 47, 47, 47, 47, 47, 47, 46, 46, 46, 46, 45, 45, 45, 45, 45, 45, 45, 44, 44, 44, 43, 43, 43, 43, 42, 42, 42, 42, 42, 42, 41, 41, 41, 41, 40, 40, 40, 36, 33]","dict_values([27, 22, 25, 20, 23, 22, 29, 18, 25, 22, 21, 20, 24, 26, 17, 25, 19, 19, 20, 9, 11, 19, 24, 24, 20, 23, 22, 13, 28, 23, 14, 25, 16, 23, 36, 19, 21, 18, 23, 13, 26, 19, 17, 23, 11, 22, 18, 29, 27, 22, 25, 25, 24, 21, 23, 19, 19, 21, 17, 25, 19, 17, 22, 19, 11, 23, 26, 27, 23, 24, 22, 18, 26, 25, 25])",0.09039225579918712
36,46.906666666666666,0.31461464361739283,"{0: 0.014114346562976703, 1: 0.0082087215454824, 2: 0.009167263533701888, 3: 0.007031048544948627, 4: 0.012319660215563352, 5: 0.005090630423023655, 6: 0.008746300737370618, 7: 0.013175918009557662, 8: 0.010332135674601428, 9: 0.009199518732627468, 10: 0.008804940018092438, 11: 0.007060536216511874, 12: 0.008247262784934019, 13: 0.012883385969606764, 14: 0.008894301017588688, 15: 0.010722109941489477, 16: 0.01071771992712894, 17: 0.006373767124590778, 18: 0.012761590833710092, 19: 0.00858132957728728, 20: 0.008839308391081154, 21: 0.00889112973493934, 22: 0.010325743755169802, 23: 0.00778113293328103, 24: 0.006103497608385433, 25: 0.012623288851603067, 26: 0.006122943527254566, 27: 0.00946860722523979, 28: 0.007146398384364372, 29: 0.010887896579878854, 30: 0.008839704140657817, 31: 0.011376221992660349, 32: 0.008126079358956071, 33: 0.009595404069350662, 34: 0.008072598141091292, 35: 0.013602283504097555, 36: 0.0108643376532706, 37: 0.010477310450216638, 38: 0.006894432084853756, 39: 0.011372750232540725, 40: 0.009619311647012357, 41: 0.008756696941628448, 42: 0.009142673526235169, 43: 0.01439557945400008, 44: 0.008758934700396771, 45: 0.0037659121361780516, 46: 0.00762726018674108, 47: 0.013711270951183126, 48: 0.010206706782049246, 49: 0.009588927389560303, 50: 0.009380723098542026, 51: 0.012674478743275345, 52: 0.008488615337930406, 53: 0.007936802286117357, 54: 0.007100078391477734, 55: 0.0072967692629255865, 56: 0.01016515695010988, 57: 0.010664246794383778, 58: 0.009848844951584678, 59: 0.00843823308569481, 60: 0.00538427043261854, 61: 0.012962497619496367, 62: 0.007121428953620734, 63: 0.008725986208862923, 64: 0.006226248359289802, 65: 0.0079280965599803, 66: 0.011843586319815169, 67: 0.010173934631078699, 68: 0.006392558391739304, 69: 0.011610438036760191, 70: 0.010180182127036924, 71: 0.006193362785613802, 72: 0.010059699186411515, 73: 0.009989161948267511, 74: 0.009760006021506546}","[58, 58, 56, 55, 55, 54, 54, 53, 53, 53, 53, 52, 52, 51, 51, 51, 51, 51, 51, 50, 50, 50, 50, 50, 50, 49, 49, 48, 48, 48, 48, 48, 48, 47, 47, 47, 47, 47, 47, 46, 46, 46, 46, 46, 46, 46, 45, 45, 45, 45, 45, 45, 44, 44, 44, 43, 43, 43, 43, 43, 42, 42, 42, 42, 41, 41, 41, 40, 40, 40, 40, 40, 39, 36, 33]","dict_values([27, 22, 25, 20, 23, 22, 29, 18, 25, 22, 21, 20, 24, 26, 17, 25, 19, 19, 20, 9, 11, 19, 24, 24, 20, 23, 22, 13, 28, 23, 14, 25, 16, 23, 36, 19, 21, 18, 23, 13, 26, 19, 17, 23, 11, 22, 18, 29, 27, 22, 25, 25, 24, 21, 23, 19, 19, 21, 17, 25, 19, 17, 22, 19, 11, 23, 26, 27, 23, 24, 22, 18, 26, 25, 25])",0.09120931223196804
36,46.586666666666666,0.3121759024284101,"{0: 0.014481677836271275, 1: 0.008312869651172092, 2: 0.009267926646492687, 3: 0.007119852229642723, 4: 0.0119228728116389, 5: 0.0051243105936901266, 6: 0.009092814686421993, 7: 0.01278425525761698, 8: 0.009866029729043425, 9: 0.008858166123658095, 10: 0.009039742059148453, 11: 0.007000412449646938, 12: 0.008518476412312029, 13: 0.013329009844286808, 14: 0.008318954521983304, 15: 0.01095715129991276, 16: 0.010693839707739787, 17: 0.006534992037275142, 18: 0.013474425877165972, 19: 0.008603761818575141, 20: 0.009036998284165038, 21: 0.009087709544330547, 22: 0.010305774346084765, 23: 0.00789796054199761, 24: 0.006233707850347657, 25: 0.012772968211452516, 26: 0.006405685847668119, 27: 0.010097591290513666, 28: 0.007477986396197516, 29: 0.01064977468079805, 30: 0.008737648270988626, 31: 0.011758256475957872, 32: 0.00741640279232965, 33: 0.009688955435363212, 34: 0.007784273906870365, 35: 0.013828671188697015, 36: 0.011011809897225252, 37: 0.010484897241840811, 38: 0.0073102733960912865, 39: 0.012725643193451788, 40: 0.009310062933444862, 41: 0.009529752963993257, 42: 0.00909505255756984, 43: 0.014856284536421892, 44: 0.008848680383578748, 45: 0.0038317539828418156, 46: 0.007723151730001044, 47: 0.012959718331314311, 48: 0.010094768656412493, 49: 0.009682732428166219, 50: 0.009408051692499718, 51: 0.012936764649093416, 52: 0.007780823191782097, 53: 0.007976129294622445, 54: 0.006924974390727816, 55: 0.0071541879559607205, 56: 0.01091070275699607, 57: 0.01007468595834186, 58: 0.009526310468091291, 59: 0.008263908223202296, 60: 0.005466361751985213, 61: 0.013203225691320397, 62: 0.006855156084608139, 63: 0.008861162028970249, 64: 0.005999110051621467, 65: 0.008099427542752818, 66: 0.01159992751451253, 67: 0.009893669462565516, 68: 0.006003911796243498, 69: 0.011942148792055275, 70: 0.009751374674185884, 71: 0.006105494374363566, 72: 0.009437718026853384, 73: 0.010182482688747984, 74: 0.010064554362043685}","[59, 58, 55, 55, 55, 55, 54, 54, 53, 52, 52, 52, 52, 51, 51, 51, 50, 50, 50, 50, 50, 49, 49, 49, 49, 49, 49, 48, 48, 48, 47, 47, 47, 47, 46, 46, 46, 46, 46, 46, 46, 46, 46, 46, 46, 46, 45, 45, 45, 45, 45, 44, 44, 44, 44, 43, 43, 43, 42, 42, 42, 41, 41, 41, 41, 41, 40, 40, 40, 40, 39, 39, 39, 36, 33]","dict_values([27, 22, 25, 20, 23, 22, 29, 18, 25, 22, 21, 20, 24, 26, 17, 25, 19, 19, 20, 9, 11, 19, 24, 24, 20, 23, 22, 13, 28, 23, 14, 25, 16, 23, 36, 19, 21, 18, 23, 13, 26, 19, 17, 23, 11, 22, 18, 29, 27, 22, 25, 25, 24, 21, 23, 19, 19, 21, 17, 25, 19, 17, 22, 19, 11, 23, 26, 27, 23, 24, 22, 18, 26, 25, 25])",0.08443651378485449
36,46.32,0.3106311182655162,"{0: 0.014281291336085853, 1: 0.007914864926400617, 2: 0.009404097640399012, 3: 0.007234494981271775, 4: 0.012180762494070949, 5: 0.005135316084147672, 6: 0.00902565542976502, 7: 0.012905970052530554, 8: 0.009887521873823243, 9: 0.008966701763947194, 10: 0.00913732771609484, 11: 0.007038020964343116, 12: 0.008235415341579726, 13: 0.013528059956343597, 14: 0.008379505639779614, 15: 0.011132036669909353, 16: 0.010813910195510349, 17: 0.006532079648518005, 18: 0.013750831343498552, 19: 0.008488216079982057, 20: 0.008691195942457658, 21: 0.00893781672891262, 22: 0.010493083626645272, 23: 0.007871924814967353, 24: 0.006154941419901767, 25: 0.012860788560881867, 26: 0.006295649693111418, 27: 0.009924285780450166, 28: 0.007541347162673343, 29: 0.010314935980782711, 30: 0.008796415275167554, 31: 0.012067989550866264, 32: 0.007526565643004001, 33: 0.009977680902338438, 34: 0.0085102077567831, 35: 0.013633098031821472, 36: 0.009890071943965238, 37: 0.010824387262743427, 38: 0.00733492085224559, 39: 0.012370275255098618, 40: 0.009866425226014268, 41: 0.009552349834433468, 42: 0.0092205859157914, 43: 0.015581300896570841, 44: 0.008971941633101986, 45: 0.0035436698863370907, 46: 0.007817235795786625, 47: 0.013359736130686979, 48: 0.011084827951266307, 49: 0.009827124210685855, 50: 0.00952307517179861, 51: 0.013018185792158398, 52: 0.008560165409480477, 53: 0.007646474332667556, 54: 0.006946569104103354, 55: 0.0072070193555413475, 56: 0.010668894135909279, 57: 0.009763522040919303, 58: 0.009607659769880393, 59: 0.008289135916049694, 60: 0.005695647200535024, 61: 0.012471243813911022, 62: 0.007305691295417321, 63: 0.009066650933089289, 64: 0.005776084286358259, 65: 0.007348892603780429, 66: 0.011769927513279651, 67: 0.010084128473638208, 68: 0.005138311550532171, 69: 0.011976326933068101, 70: 0.009735053988680097, 71: 0.006159405446376903, 72: 0.009104230593956623, 73: 0.010278320268247747, 74: 0.01026444281581268}","[59, 57, 56, 55, 54, 54, 54, 53, 53, 52, 52, 52, 51, 51, 51, 51, 51, 50, 50, 50, 49, 49, 49, 49, 48, 48, 48, 48, 48, 47, 47, 47, 47, 47, 46, 46, 46, 46, 46, 46, 46, 45, 45, 45, 45, 45, 45, 45, 45, 45, 44, 44, 44, 44, 43, 43, 43, 43, 42, 42, 42, 42, 41, 41, 41, 40, 40, 40, 40, 39, 39, 39, 36, 36, 32]","dict_values([27, 22, 25, 20, 23, 22, 29, 18, 25, 22, 21, 20, 24, 26, 17, 25, 19, 19, 20, 9, 11, 19, 24, 24, 20, 23, 22, 13, 28, 23, 14, 25, 16, 23, 36, 19, 21, 18, 23, 13, 26, 19, 17, 23, 11, 22, 18, 29, 27, 22, 25, 25, 24, 21, 23, 19, 19, 21, 17, 25, 19, 17, 22, 19, 11, 23, 26, 27, 23, 24, 22, 18, 26, 25, 25])",0.08719730316730684
36,46.266666666666666,0.31052153728964804,"{0: 0.013691281157034581, 1: 0.007861689359526417, 2: 0.0099649925848556, 3: 0.007308706528086061, 4: 0.012639721343440758, 5: 0.0053601781240782045, 6: 0.009723616401698594, 7: 0.012381818518105046, 8: 0.009814249882743034, 9: 0.00888814216483965, 10: 0.01011654359257099, 11: 0.006749792593922965, 12: 0.00765171492911219, 13: 0.013335654763938406, 14: 0.008482854202032283, 15: 0.011174578459026484, 16: 0.011041166843999873, 17: 0.0064466335014280235, 18: 0.013429453145408023, 19: 0.008551657667396248, 20: 0.00925572345903997, 21: 0.008676089326774258, 22: 0.010779392714324222, 23: 0.007324957487178107, 24: 0.006690199489406411, 25: 0.012615605404739804, 26: 0.0067263761512351364, 27: 0.009937757540497265, 28: 0.007659175362693322, 29: 0.01037946224393911, 30: 0.00877090882842823, 31: 0.012092919370316632, 32: 0.0073634708908681505, 33: 0.009259813883101554, 34: 0.00848284187325283, 35: 0.013720391954731832, 36: 0.009825305783308669, 37: 0.010697346485017719, 38: 0.006816101669042846, 39: 0.012067971219917867, 40: 0.009759615410300342, 41: 0.009319298608231557, 42: 0.01002264503976833, 43: 0.014918801809414217, 44: 0.008891866929739613, 45: 0.003562272987131972, 46: 0.00822722576057111, 47: 0.012976640781838205, 48: 0.011137692987008055, 49: 0.010149277272564943, 50: 0.009499033024468796, 51: 0.013622627578107031, 52: 0.008516953551200126, 53: 0.007719312247971224, 54: 0.007216782045549169, 55: 0.00719838124758817, 56: 0.010610275156057423, 57: 0.009780885380200449, 58: 0.009568525912253384, 59: 0.007878669854898704, 60: 0.005716398591149429, 61: 0.013036314824187505, 62: 0.006938179369686219, 63: 0.008538202716284908, 64: 0.006030140876031288, 65: 0.0073686533255959445, 66: 0.01167601560429925, 67: 0.010237615356577147, 68: 0.005125223523745513, 69: 0.012129115544760824, 70: 0.009367486326591888, 71: 0.005892719049553521, 72: 0.009377302271137887, 73: 0.010447947681025844, 74: 0.010190679625611133}","[58, 56, 55, 55, 54, 54, 54, 54, 53, 53, 52, 51, 51, 51, 51, 51, 51, 50, 50, 50, 49, 49, 48, 48, 48, 48, 48, 48, 48, 48, 48, 47, 47, 46, 46, 46, 46, 46, 46, 46, 46, 46, 45, 45, 45, 45, 45, 45, 45, 45, 44, 44, 43, 43, 43, 43, 43, 43, 42, 42, 42, 42, 41, 41, 41, 40, 40, 40, 40, 40, 38, 38, 37, 36, 32]","dict_values([27, 22, 25, 20, 23, 22, 29, 18, 25, 22, 21, 20, 24, 26, 17, 25, 19, 19, 20, 9, 11, 19, 24, 24, 20, 23, 22, 13, 28, 23, 14, 25, 16, 23, 36, 19, 21, 18, 23, 13, 26, 19, 17, 23, 11, 22, 18, 29, 27, 22, 25, 25, 24, 21, 23, 19, 19, 21, 17, 25, 19, 17, 22, 19, 11, 23, 26, 27, 23, 24, 22, 18, 26, 25, 25])",0.08881562009484338
36,46.10666666666667,0.31002396726486914,"{0: 0.014088340286970428, 1: 0.008255191122891194, 2: 0.010096617716480731, 3: 0.007410574095707053, 4: 0.012762816682088068, 5: 0.005383733798318811, 6: 0.009803259289560662, 7: 0.01183126386697361, 8: 0.009698623397253534, 9: 0.008547197312359107, 10: 0.01001404828459623, 11: 0.007016745268208434, 12: 0.007747365195995333, 13: 0.013452205575493247, 14: 0.00885092374818402, 15: 0.011606390363441127, 16: 0.011122282012692972, 17: 0.006393026427273002, 18: 0.012921010352517207, 19: 0.008540768110724429, 20: 0.009435553442402758, 21: 0.008790974544399203, 22: 0.010946623361006923, 23: 0.007411285141998913, 24: 0.006143873771847817, 25: 0.012602905734505888, 26: 0.006199586593422209, 27: 0.009990352113639784, 28: 0.007378614133300507, 29: 0.010509489790311707, 30: 0.008787557655459176, 31: 0.010981785553703365, 32: 0.007371213364364047, 33: 0.009214785584648598, 34: 0.008545299983656149, 35: 0.013705111973698426, 36: 0.009903192685276322, 37: 0.010273308389746747, 38: 0.006543783256112023, 39: 0.012257941110680836, 40: 0.009882946355549095, 41: 0.00947480699193028, 42: 0.010178495709317628, 43: 0.014988090244939564, 44: 0.008519062618579137, 45: 0.0036090737289367434, 46: 0.008274059549293871, 47: 0.013863756747519843, 48: 0.011298610784912155, 49: 0.01115426286659163, 50: 0.009492782866070538, 51: 0.013742595335061092, 52: 0.008719996733695364, 53: 0.007415020505323319, 54: 0.007530545373011127, 55: 0.007293746762924847, 56: 0.010570707830981805, 57: 0.00974405366528654, 58: 0.008968154772949292, 59: 0.007898951210796498, 60: 0.005770908253784965, 61: 0.013112917308122786, 62: 0.0072494091329707785, 63: 0.00860811768346015, 64: 0.006083391956679628, 65: 0.007075456989840552, 66: 0.012041176072199443, 67: 0.010261801177446454, 68: 0.004748679482817912, 69: 0.012285222550182901, 70: 0.009309836440174876, 71: 0.005353292662975008, 72: 0.009534798319044895, 73: 0.010571583944871617, 74: 0.010353801192842287}","[58, 56, 56, 55, 54, 54, 54, 53, 53, 53, 53, 52, 52, 51, 51, 50, 50, 50, 50, 49, 49, 49, 48, 48, 48, 48, 48, 48, 47, 47, 47, 47, 47, 47, 46, 46, 46, 46, 46, 46, 46, 46, 45, 45, 45, 45, 45, 45, 45, 44, 44, 44, 44, 43, 43, 43, 42, 42, 42, 42, 41, 41, 41, 40, 40, 40, 40, 40, 40, 40, 37, 37, 36, 35, 32]","dict_values([27, 22, 25, 20, 23, 22, 29, 18, 25, 22, 21, 20, 24, 26, 17, 25, 19, 19, 20, 9, 11, 19, 24, 24, 20, 23, 22, 13, 28, 23, 14, 25, 16, 23, 36, 19, 21, 18, 23, 13, 26, 19, 17, 23, 11, 22, 18, 29, 27, 22, 25, 25, 24, 21, 23, 19, 19, 21, 17, 25, 19, 17, 22, 19, 11, 23, 26, 27, 23, 24, 22, 18, 26, 25, 25])",0.08434720738760192
36,45.973333333333336,0.30868648782924457,"{0: 0.014324988708247282, 1: 0.00837132573237794, 2: 0.010047529221823077, 3: 0.007513922144260581, 4: 0.01179945062272998, 5: 0.005228940321607525, 6: 0.009810685324383953, 7: 0.011888874253108667, 8: 0.009721829756076331, 9: 0.008501463800447879, 10: 0.010174277725647588, 11: 0.007032919674995249, 12: 0.007867250247387235, 13: 0.013577730673519467, 14: 0.008837268152033577, 15: 0.0117610729493275, 16: 0.011220528001349917, 17: 0.006471360923415717, 18: 0.012942207215755527, 19: 0.008415600691036461, 20: 0.009629357930444338, 21: 0.008484007456610196, 22: 0.01100924331391661, 23: 0.007384882622647159, 24: 0.006108041715467815, 25: 0.012659644955083147, 26: 0.005823472004978855, 27: 0.00973030065495819, 28: 0.00754282635935802, 29: 0.010569530432544128, 30: 0.008782619609323623, 31: 0.010432680346457775, 32: 0.007432923056028887, 33: 0.009563441994645776, 34: 0.008697658635529895, 35: 0.013691356795458071, 36: 0.009954325852544774, 37: 0.010415469018026906, 38: 0.006731971800464951, 39: 0.012206443880737735, 40: 0.009910612191191657, 41: 0.009397430112819858, 42: 0.010258812165861506, 43: 0.01510778326831788, 44: 0.008324173464422192, 45: 0.0036716540997362916, 46: 0.008215085165178469, 47: 0.013982958688154686, 48: 0.011466664891322427, 49: 0.011403275444371332, 50: 0.009674736130215585, 51: 0.013775863519014208, 52: 0.008046139552988866, 53: 0.007431689015142512, 54: 0.007648227223327235, 55: 0.007752659577657972, 56: 0.010290121838268496, 57: 0.009329402462661042, 58: 0.00916530325776901, 59: 0.007993033276935782, 60: 0.0057923948297023825, 61: 0.013127040020451343, 62: 0.0073028050767776805, 63: 0.008590689926306364, 64: 0.006930886126091606, 65: 0.007184628407432599, 66: 0.012549872813772896, 67: 0.009946851794205373, 68: 0.004788120275683361, 69: 0.011719652306247004, 70: 0.009449650004342908, 71: 0.005337541695370696, 72: 0.009311195869415046, 73: 0.010720612230643752, 74: 0.010484326733800823}","[58, 56, 56, 55, 54, 54, 54, 53, 53, 53, 52, 52, 51, 51, 51, 50, 50, 50, 49, 49, 49, 48, 48, 48, 48, 48, 47, 47, 47, 47, 47, 47, 47, 47, 47, 46, 46, 46, 46, 46, 46, 45, 45, 45, 45, 45, 44, 44, 44, 44, 44, 44, 44, 43, 43, 43, 43, 42, 42, 42, 41, 41, 41, 40, 40, 40, 40, 40, 40, 39, 37, 36, 36, 35, 32]","dict_values([27, 22, 25, 20, 23, 22, 29, 18, 25, 22, 21, 20, 24, 26, 17, 25, 19, 19, 20, 9, 11, 19, 24, 24, 20, 23, 22, 13, 28, 23, 14, 25, 16, 23, 36, 19, 21, 18, 23, 13, 26, 19, 17, 23, 11, 22, 18, 29, 27, 22, 25, 25, 24, 21, 23, 19, 19, 21, 17, 25, 19, 17, 22, 19, 11, 23, 26, 27, 23, 24, 22, 18, 26, 25, 25])",0.08838507544640697
36,45.76,0.3072959754375697,"{0: 0.014523512040635327, 1: 0.008434872371267044, 2: 0.0097717137956864, 3: 0.007607780628530025, 4: 0.011919538335787965, 5: 0.0054280763084147456, 6: 0.009999981917790137, 7: 0.011776511062422255, 8: 0.009272710813806706, 9: 0.008036502024266558, 10: 0.010212634613319544, 11: 0.007309815917846369, 12: 0.007475246430725882, 13: 0.013851975903748669, 14: 0.0088680250495319, 15: 0.01158736474510044, 16: 0.011026372992529319, 17: 0.006543085652674694, 18: 0.012637018020781113, 19: 0.008651521464829916, 20: 0.009045473323273484, 21: 0.008543393132434228, 22: 0.011001933347823761, 23: 0.00720677850618688, 24: 0.005855762267982888, 25: 0.01278935283876121, 26: 0.005869932058489673, 27: 0.010568732144074609, 28: 0.007476616447257696, 29: 0.011274958943170063, 30: 0.00905211286562277, 31: 0.010077781396274545, 32: 0.007417021714966922, 33: 0.00962506964219293, 34: 0.008548286116779267, 35: 0.013212695204085849, 36: 0.010426975305150802, 37: 0.009941257115914651, 38: 0.006773061386276536, 39: 0.012200705598167326, 40: 0.010369502150324068, 41: 0.009079643487379184, 42: 0.010345099129345704, 43: 0.014991979279851965, 44: 0.007862920866546975, 45: 0.0036873202012202818, 46: 0.009423319753751493, 47: 0.013592102184970839, 48: 0.010847670265478488, 49: 0.011594400293030431, 50: 0.00853326159530833, 51: 0.01419479544479545, 52: 0.007742673068015534, 53: 0.007057221346154295, 54: 0.008343767409037353, 55: 0.008040374201736008, 56: 0.010273270270248512, 57: 0.009754422425655301, 58: 0.008928616377246512, 59: 0.008128692108345614, 60: 0.0058508068580590735, 61: 0.013167440640244835, 62: 0.007248490638901599, 63: 0.00867426826330936, 64: 0.0070018541765117116, 65: 0.007263883089829908, 66: 0.012759071139409578, 67: 0.01012121394479637, 68: 0.004910053445561737, 69: 0.012198058155000772, 70: 0.009504723878213002, 71: 0.005425210951049621, 72: 0.00917938118280584, 73: 0.010771547062844404, 74: 0.011213036288580206}","[57, 56, 55, 55, 54, 54, 53, 53, 53, 52, 52, 51, 51, 51, 50, 50, 50, 50, 50, 49, 49, 49, 49, 48, 48, 48, 48, 47, 47, 47, 47, 47, 46, 46, 46, 46, 46, 46, 46, 45, 45, 45, 45, 45, 45, 44, 44, 44, 44, 44, 44, 44, 44, 43, 42, 42, 42, 42, 41, 41, 41, 41, 40, 40, 40, 40, 39, 39, 39, 39, 37, 37, 36, 35, 32]","dict_values([27, 22, 25, 20, 23, 22, 29, 18, 25, 22, 21, 20, 24, 26, 17, 25, 19, 19, 20, 9, 11, 19, 24, 24, 20, 23, 22, 13, 28, 23, 14, 25, 16, 23, 36, 19, 21, 18, 23, 13, 26, 19, 17, 23, 11, 22, 18, 29, 27, 22, 25, 25, 24, 21, 23, 19, 19, 21, 17, 25, 19, 17, 22, 19, 11, 23, 26, 27, 23, 24, 22, 18, 26, 25, 25])",0.09204504702756452
36,45.733333333333334,0.3070546008083744,"{0: 0.014585329533496878, 1: 0.008599790695882558, 2: 0.009644514654233279, 3: 0.007684857075469485, 4: 0.011900027769830892, 5: 0.005728158286578915, 6: 0.010043035556734189, 7: 0.011410459461970885, 8: 0.009312038079161368, 9: 0.007983064335559056, 10: 0.011024854603621728, 11: 0.007490284353700954, 12: 0.007542915505244271, 13: 0.013747576278338305, 14: 0.008954273559975152, 15: 0.011176004709989945, 16: 0.01135185115342247, 17: 0.006570746296773695, 18: 0.011956931350211617, 19: 0.008692358918990667, 20: 0.008695540972802118, 21: 0.008751455669263889, 22: 0.011035513846972565, 23: 0.007211672944952558, 24: 0.006131677183248497, 25: 0.012969332835341065, 26: 0.005799161192996809, 27: 0.011325705332554645, 28: 0.007514163069159041, 29: 0.011158421669098542, 30: 0.009155357977417348, 31: 0.009771385736306138, 32: 0.006992687194464313, 33: 0.00960183352965438, 34: 0.008573461428885347, 35: 0.013252947958367518, 36: 0.01141707035507262, 37: 0.010427377786689155, 38: 0.00697699627494148, 39: 0.012216673380703045, 40: 0.010480618329563166, 41: 0.009012808187405833, 42: 0.010275872977187307, 43: 0.015165158952182279, 44: 0.007419498042524372, 45: 0.0037364148665518532, 46: 0.009205927326394693, 47: 0.01327602485112231, 48: 0.010884346329551813, 49: 0.011750785209689323, 50: 0.008809925495058452, 51: 0.014216116527760368, 52: 0.007741192587082997, 53: 0.007026683386473878, 54: 0.008292218110341027, 55: 0.008557212574107189, 56: 0.010938886175590447, 57: 0.009427880033674185, 58: 0.00893677905664207, 59: 0.008145819289023332, 60: 0.005230589254207957, 61: 0.012986440677573591, 62: 0.007371917645890248, 63: 0.008535150315972235, 64: 0.0069662799971019155, 65: 0.007200770451173352, 66: 0.01234713785076396, 67: 0.009579009548791982, 68: 0.0048909190176313466, 69: 0.012296426261842124, 70: 0.008976997630845878, 71: 0.00511253444875524, 72: 0.008846253452417838, 73: 0.010883257002749782, 74: 0.011206007259892535}","[58, 56, 55, 55, 54, 54, 53, 53, 53, 51, 51, 51, 51, 50, 50, 50, 50, 50, 50, 50, 49, 49, 48, 48, 48, 48, 48, 47, 47, 47, 47, 47, 47, 46, 46, 46, 46, 46, 46, 46, 45, 45, 45, 45, 45, 45, 44, 44, 44, 44, 44, 43, 43, 43, 42, 42, 42, 42, 42, 41, 41, 40, 40, 40, 40, 40, 39, 39, 38, 38, 38, 38, 35, 35, 32]","dict_values([27, 22, 25, 20, 23, 22, 29, 18, 25, 22, 21, 20, 24, 26, 17, 25, 19, 19, 20, 9, 11, 19, 24, 24, 20, 23, 22, 13, 28, 23, 14, 25, 16, 23, 36, 19, 21, 18, 23, 13, 26, 19, 17, 23, 11, 22, 18, 29, 27, 22, 25, 25, 24, 21, 23, 19, 19, 21, 17, 25, 19, 17, 22, 19, 11, 23, 26, 27, 23, 24, 22, 18, 26, 25, 25])",0.09667672483404029
36,45.653333333333336,0.3058350145396691,"{0: 0.014605023509133098, 1: 0.00798544599914463, 2: 0.009130758017744321, 3: 0.009158515569675924, 4: 0.011403753260119096, 5: 0.005750870466825341, 6: 0.010124221596824336, 7: 0.011363087445883577, 8: 0.00934000591534838, 9: 0.007982298972427903, 10: 0.010993669983396012, 11: 0.00722696466552228, 12: 0.007436364542528925, 13: 0.013174390989660934, 14: 0.009018762100953884, 15: 0.01133309163123829, 16: 0.011407833572418586, 17: 0.006689696415723813, 18: 0.011782304761756814, 19: 0.009098442201786279, 20: 0.00879768951384584, 21: 0.008779667769393797, 22: 0.011103585161804338, 23: 0.007554238280467127, 24: 0.00617819007222714, 25: 0.012891240097122454, 26: 0.005815921911812324, 27: 0.011073932649275114, 28: 0.007527986123876535, 29: 0.011245332886146747, 30: 0.00926109597040298, 31: 0.00945308008664173, 32: 0.007005126440057948, 33: 0.009691360280602829, 34: 0.008999545129682115, 35: 0.01342355279704192, 36: 0.011395557703978333, 37: 0.010436231669108384, 38: 0.007049580422868094, 39: 0.012338232105556844, 40: 0.009912264706785256, 41: 0.009142902273442163, 42: 0.010591085248619497, 43: 0.015361003203468955, 44: 0.007253830360196194, 45: 0.004150291479058601, 46: 0.009271219696280133, 47: 0.013328041818170749, 48: 0.010895257042517316, 49: 0.012640474883625573, 50: 0.0088600319663978, 51: 0.014849339592490282, 52: 0.007397616216109366, 53: 0.0071085947697551236, 54: 0.008300049995255476, 55: 0.008565455634351687, 56: 0.010741982136019203, 57: 0.009460705950431981, 58: 0.008594568354842328, 59: 0.008139289721682952, 60: 0.005282310580457236, 61: 0.012940757204455835, 62: 0.007072245085943718, 63: 0.008529302878617947, 64: 0.006795960734316899, 65: 0.006918501685826424, 66: 0.012537009273512093, 67: 0.009547284698372531, 68: 0.004904495572303792, 69: 0.011798141668206131, 70: 0.009099098044504974, 71: 0.005116979411902861, 72: 0.008973495702947762, 73: 0.010834013316890028, 74: 0.010722467914248735}","[58, 56, 56, 55, 54, 54, 53, 53, 53, 51, 51, 50, 50, 50, 50, 50, 50, 50, 49, 49, 49, 49, 48, 48, 48, 48, 48, 47, 47, 47, 47, 47, 46, 46, 46, 46, 46, 46, 46, 45, 45, 45, 45, 45, 45, 45, 45, 44, 44, 44, 44, 44, 43, 42, 42, 42, 42, 42, 41, 41, 41, 41, 40, 40, 40, 39, 39, 38, 38, 38, 38, 37, 35, 35, 33]","dict_values([27, 22, 25, 20, 23, 22, 29, 18, 25, 22, 21, 20, 24, 26, 17, 25, 19, 19, 20, 9, 11, 19, 24, 24, 20, 23, 22, 13, 28, 23, 14, 25, 16, 23, 36, 19, 21, 18, 23, 13, 26, 19, 17, 23, 11, 22, 18, 29, 27, 22, 25, 25, 24, 21, 23, 19, 19, 21, 17, 25, 19, 17, 22, 19, 11, 23, 26, 27, 23, 24, 22, 18, 26, 25, 25])",0.09265171903659708
36,45.49333333333333,0.304832620624378,"{0: 0.014732540075005825, 1: 0.007959924398280563, 2: 0.009631467765029407, 3: 0.00871418173493113, 4: 0.011622920174491487, 5: 0.005788058688945072, 6: 0.009947875872533407, 7: 0.012160585589272136, 8: 0.009914435085667963, 9: 0.008046009995043034, 10: 0.01101698781493302, 11: 0.007290399061148457, 12: 0.007483306883991816, 13: 0.01188154226530536, 14: 0.009164003855784678, 15: 0.011406655403432196, 16: 0.011441749530992078, 17: 0.006701214064227765, 18: 0.01228868882978472, 19: 0.00878667151330326, 20: 0.00868328049532723, 21: 0.008737409336724407, 22: 0.011176761604843795, 23: 0.007560247789901296, 24: 0.006621306696850613, 25: 0.012926106399112042, 26: 0.0058544611626803415, 27: 0.01125374995238009, 28: 0.0075418177301738954, 29: 0.01141365617090839, 30: 0.008700578543447197, 31: 0.009771976809648041, 32: 0.007112550177618672, 33: 0.010199280309070802, 34: 0.008929064579749511, 35: 0.012835807517515818, 36: 0.011522815365482572, 37: 0.010280668157380487, 38: 0.006720849443452184, 39: 0.012486295352935158, 40: 0.009571793647136112, 41: 0.009297644893938204, 42: 0.010853832600407945, 43: 0.01527316886905928, 44: 0.0073142516534942, 45: 0.004172150148177545, 46: 0.00944227817213313, 47: 0.013546462070837576, 48: 0.010985602852041209, 49: 0.012759171235198631, 50: 0.008764773651961403, 51: 0.014137346414743679, 52: 0.007412241230734382, 53: 0.007214582718208825, 54: 0.008313210453621413, 55: 0.00859290257960685, 56: 0.010908070829505158, 57: 0.009549457751512546, 58: 0.008688125811413483, 59: 0.008235482968561131, 60: 0.005567780129625416, 61: 0.013058055780658521, 62: 0.007133803709146175, 63: 0.008673741207987782, 64: 0.0062300707848653054, 65: 0.006939276449751876, 66: 0.01249806471401959, 67: 0.009028871337493418, 68: 0.005198240044130455, 69: 0.012514121665008043, 70: 0.008888050401950481, 71: 0.005133035592342602, 72: 0.008477124658631511, 73: 0.010533272262724316, 74: 0.010559455764935216}","[58, 56, 55, 54, 54, 54, 53, 52, 52, 51, 51, 51, 51, 50, 50, 50, 50, 49, 49, 49, 49, 48, 48, 48, 48, 48, 47, 47, 47, 47, 47, 46, 46, 46, 46, 46, 46, 45, 45, 45, 45, 45, 45, 45, 45, 44, 44, 44, 44, 44, 44, 43, 42, 42, 42, 42, 42, 41, 41, 41, 41, 41, 40, 40, 40, 39, 39, 39, 38, 38, 37, 37, 36, 35, 33]","dict_values([27, 22, 25, 20, 23, 22, 29, 18, 25, 22, 21, 20, 24, 26, 17, 25, 19, 19, 20, 9, 11, 19, 24, 24, 20, 23, 22, 13, 28, 23, 14, 25, 16, 23, 36, 19, 21, 18, 23, 13, 26, 19, 17, 23, 11, 22, 18, 29, 27, 22, 25, 25, 24, 21, 23, 19, 19, 21, 17, 25, 19, 17, 22, 19, 11, 23, 26, 27, 23, 24, 22, 18, 26, 25, 25])",0.09629931735313883
36,45.306666666666665,0.30385565987168667,"{0: 0.014805695199530814, 1: 0.008038496223427732, 2: 0.009319714542317281, 3: 0.008912176282240745, 4: 0.011774175548349601, 5: 0.005871501409374093, 6: 0.010066200819625476, 7: 0.012775116864560862, 8: 0.009993621808690302, 9: 0.007835027078580662, 10: 0.011083659799413224, 11: 0.007439727806367612, 12: 0.007074781475466406, 13: 0.012042080182692592, 14: 0.009264741542138804, 15: 0.01095417815300974, 16: 0.011524977963334128, 17: 0.006756686893673196, 18: 0.012426594703991963, 19: 0.008834158814013768, 20: 0.009086466182558045, 21: 0.00893948419633351, 22: 0.012101188128585388, 23: 0.0075458898988310765, 24: 0.006793933239340169, 25: 0.012906683177634024, 26: 0.0063510530976284415, 27: 0.011260928897915199, 28: 0.00735855761540693, 29: 0.011496241451922354, 30: 0.00873891223911369, 31: 0.009911992959938169, 32: 0.006824735848708451, 33: 0.010295252408467556, 34: 0.009013351307871856, 35: 0.012943551803342298, 36: 0.010906923406923409, 37: 0.01040330124234234, 38: 0.006706596347007306, 39: 0.012645567183238417, 40: 0.008832569277774758, 41: 0.009324395958159053, 42: 0.010877105740119438, 43: 0.015019146954078461, 44: 0.007352553832207337, 45: 0.0037905841844198007, 46: 0.01021851859885704, 47: 0.01259334313826659, 48: 0.011337400464112796, 49: 0.01282626393927764, 50: 0.008748932635918936, 51: 0.014953827539443975, 52: 0.007496273677780527, 53: 0.0072770654861710445, 54: 0.008308651373719866, 55: 0.008235320382782105, 56: 0.010739105858968874, 57: 0.009304406564680536, 58: 0.008803309488240995, 59: 0.008352243958609796, 60: 0.005538765299039271, 61: 0.013077421467832426, 62: 0.007486446870008516, 63: 0.00876852794661014, 64: 0.006036555180390798, 65: 0.006655023007762735, 66: 0.012610376812633056, 67: 0.008803296207607244, 68: 0.005235623985623985, 69: 0.012742692612757078, 70: 0.008502273903160286, 71: 0.005088371944737779, 72: 0.008497924850664581, 73: 0.010184605903783988, 74: 0.01042638482706976}","[57, 56, 55, 54, 54, 53, 53, 52, 52, 52, 51, 51, 51, 50, 50, 50, 49, 49, 49, 49, 49, 49, 48, 48, 48, 47, 47, 47, 47, 46, 46, 46, 46, 46, 46, 45, 45, 45, 45, 45, 45, 45, 45, 44, 44, 44, 44, 44, 44, 44, 43, 43, 43, 42, 41, 41, 41, 41, 41, 41, 41, 40, 40, 40, 40, 39, 39, 38, 38, 38, 37, 37, 36, 35, 32]","dict_values([27, 22, 25, 20, 23, 22, 29, 18, 25, 22, 21, 20, 24, 26, 17, 25, 19, 19, 20, 9, 11, 19, 24, 24, 20, 23, 22, 13, 28, 23, 14, 25, 16, 23, 36, 19, 21, 18, 23, 13, 26, 19, 17, 23, 11, 22, 18, 29, 27, 22, 25, 25, 24, 21, 23, 19, 19, 21, 17, 25, 19, 17, 22, 19, 11, 23, 26, 27, 23, 24, 22, 18, 26, 25, 25])",0.09474984592605634
36,45.306666666666665,0.30423666474080274,"{0: 0.015360258474894379, 1: 0.008141341509657904, 2: 0.009681336696738931, 3: 0.008846158767040731, 4: 0.011810153771323429, 5: 0.005976749266499989, 6: 0.01062697266851045, 7: 0.012948988775995863, 8: 0.01078878919135216, 9: 0.007359512124875372, 10: 0.011650533482725264, 11: 0.007274714285189708, 12: 0.007051806794957479, 13: 0.012156194729936197, 14: 0.009231134079088588, 15: 0.011046592126188652, 16: 0.011397270955932027, 17: 0.006735080707683448, 18: 0.012614868143887613, 19: 0.00844366296118915, 20: 0.009033947366520845, 21: 0.009542050980407144, 22: 0.011585134012134733, 23: 0.007998012705129754, 24: 0.006757397564271576, 25: 0.013106034805137614, 26: 0.006430703947827235, 27: 0.011591032995142584, 28: 0.007368761735200092, 29: 0.010745692344656499, 30: 0.008257086842904732, 31: 0.009609078431176483, 32: 0.0069521016979560615, 33: 0.010289825055347344, 34: 0.008605045978874386, 35: 0.012506888914066433, 36: 0.010755182235896008, 37: 0.010707469051365139, 38: 0.0068584221837646505, 39: 0.011871637983924889, 40: 0.009285494617320093, 41: 0.009116642554833866, 42: 0.011597341720809637, 43: 0.014771463273248284, 44: 0.007290754692710918, 45: 0.004091516218670439, 46: 0.009891898806925712, 47: 0.012495220483628363, 48: 0.011500618069099593, 49: 0.01247517805736984, 50: 0.00907060810673272, 51: 0.014676229559680735, 52: 0.007361382446998886, 53: 0.007349620353246462, 54: 0.008484024790249643, 55: 0.008011255333554838, 56: 0.010565577003933168, 57: 0.00922761664019775, 58: 0.008687425382630858, 59: 0.008524944203408092, 60: 0.004981223920481312, 61: 0.012994993749319637, 62: 0.007224258422888559, 63: 0.009128487724378135, 64: 0.006113463274864069, 65: 0.006616414821783802, 66: 0.013282841868659759, 67: 0.008483816949771827, 68: 0.005126087917183807, 69: 0.012702959227674017, 70: 0.008497850318167124, 71: 0.005192854762985511, 72: 0.008421004054565698, 73: 0.010283961891196116, 74: 0.010015692676110844}","[57, 56, 55, 54, 53, 53, 53, 52, 52, 52, 52, 51, 51, 50, 50, 50, 50, 50, 49, 48, 48, 48, 48, 48, 48, 47, 47, 47, 47, 47, 47, 46, 46, 46, 45, 45, 45, 45, 45, 45, 45, 45, 45, 45, 45, 45, 44, 44, 44, 43, 43, 43, 42, 42, 42, 41, 41, 41, 41, 40, 40, 40, 40, 40, 40, 39, 39, 38, 38, 38, 37, 37, 35, 35, 33]","dict_values([27, 22, 25, 20, 23, 22, 29, 18, 25, 22, 21, 20, 24, 26, 17, 25, 19, 19, 20, 9, 11, 19, 24, 24, 20, 23, 22, 13, 28, 23, 14, 25, 16, 23, 36, 19, 21, 18, 23, 13, 26, 19, 17, 23, 11, 22, 18, 29, 27, 22, 25, 25, 24, 21, 23, 19, 19, 21, 17, 25, 19, 17, 22, 19, 11, 23, 26, 27, 23, 24, 22, 18, 26, 25, 25])",0.09345662944064662
36,45.28,0.3045370037447715,"{0: 0.015441848656673357, 1: 0.008040617522889884, 2: 0.009697173802546042, 3: 0.008509114910202745, 4: 0.011731053960786, 5: 0.00592970303888918, 6: 0.010545163343309998, 7: 0.012966853676915278, 8: 0.010661950589428431, 9: 0.0075266202923470835, 10: 0.012043522985303807, 11: 0.007906420036758474, 12: 0.007093177555506322, 13: 0.012217725987546663, 14: 0.009156632132738061, 15: 0.012060261801073613, 16: 0.011910615370526734, 17: 0.006710827943704655, 18: 0.012667454819765014, 19: 0.00786375113127732, 20: 0.00870769077882327, 21: 0.009497766621054294, 22: 0.01148117000595524, 23: 0.008106352012476106, 24: 0.006761079852336904, 25: 0.013123630124254965, 26: 0.006422421833380739, 27: 0.011059250100345992, 28: 0.00693653373447894, 29: 0.010817328262936642, 30: 0.007840662025794984, 31: 0.009607970696025026, 32: 0.007133956173310713, 33: 0.010332732457846843, 34: 0.008641770569736673, 35: 0.012408974365741053, 36: 0.010905380711800495, 37: 0.009909599245359089, 38: 0.006829033147526299, 39: 0.01189303888620323, 40: 0.00938042767496188, 41: 0.009086760592141708, 42: 0.011639837796385279, 43: 0.014905302578498748, 44: 0.006866226447892409, 45: 0.004098078448400769, 46: 0.009838168893366318, 47: 0.012596531065319905, 48: 0.011504541898462875, 49: 0.012612313331491416, 50: 0.009046068318507848, 51: 0.014655800862489018, 52: 0.008186760671651888, 53: 0.0073723972595850125, 54: 0.008399266741875898, 55: 0.008035060157562514, 56: 0.010532453683138616, 57: 0.009185781612935083, 58: 0.008582227503460379, 59: 0.008513280978249087, 60: 0.0055918035994075, 61: 0.013225181523881318, 62: 0.00735654540449061, 63: 0.008794765644080712, 64: 0.006291202599623229, 65: 0.006539936359638213, 66: 0.01348817563563736, 67: 0.008150303945025944, 68: 0.0048909402847759015, 69: 0.012778201494910957, 70: 0.008505730323496205, 71: 0.005183336589460683, 72: 0.008415568090225624, 73: 0.010277123447629054, 74: 0.010001650865361103}","[57, 56, 55, 54, 54, 53, 53, 52, 52, 52, 52, 51, 51, 51, 51, 50, 50, 49, 49, 49, 48, 48, 48, 48, 48, 47, 47, 47, 47, 47, 47, 46, 46, 45, 45, 45, 45, 45, 45, 45, 45, 45, 45, 45, 44, 44, 44, 43, 43, 43, 43, 43, 42, 42, 41, 41, 41, 41, 41, 40, 40, 40, 40, 40, 40, 40, 39, 39, 38, 38, 38, 36, 35, 34, 33]","dict_values([27, 22, 25, 20, 23, 22, 29, 18, 25, 22, 21, 20, 24, 26, 17, 25, 19, 19, 20, 9, 11, 19, 24, 24, 20, 23, 22, 13, 28, 23, 14, 25, 16, 23, 36, 19, 21, 18, 23, 13, 26, 19, 17, 23, 11, 22, 18, 29, 27, 22, 25, 25, 24, 21, 23, 19, 19, 21, 17, 25, 19, 17, 22, 19, 11, 23, 26, 27, 23, 24, 22, 18, 26, 25, 25])",0.09100292591159002
36,45.06666666666667,0.3037961479673482,"{0: 0.015676238278978, 1: 0.007739006570594, 2: 0.009046957626732004, 3: 0.008664544603303669, 4: 0.01173574480887132, 5: 0.006553643560089976, 6: 0.010593381816186008, 7: 0.012057797397241393, 8: 0.011859616513121752, 9: 0.007701986962663838, 10: 0.011748215172872707, 11: 0.007355531746144158, 12: 0.006845290235701194, 13: 0.012842228243114626, 14: 0.00930730394872216, 15: 0.012228513326418245, 16: 0.012077074184245818, 17: 0.006714565618675208, 18: 0.01210360970634943, 19: 0.00789637354403672, 20: 0.008784627610171528, 21: 0.008431205349013569, 22: 0.011605274276507156, 23: 0.007862528309748294, 24: 0.00708520885797276, 25: 0.013006078764539688, 26: 0.00697375971348574, 27: 0.011270105619420689, 28: 0.006102467146987696, 29: 0.011058643572745105, 30: 0.007920121266213125, 31: 0.010592410078711447, 32: 0.00723973823288892, 33: 0.010281298798623538, 34: 0.008792501771953827, 35: 0.012567275898258979, 36: 0.01119619946674741, 37: 0.0098861768281591, 38: 0.006065523702510005, 39: 0.0118777982597483, 40: 0.009390428477857971, 41: 0.008717752623876715, 42: 0.01108799901608121, 43: 0.015649591616553743, 44: 0.006804298736208485, 45: 0.004148492625527274, 46: 0.009951607534202217, 47: 0.012739385614083438, 48: 0.01152115483300012, 49: 0.012317821221930814, 50: 0.009255423840435924, 51: 0.01497248169286848, 52: 0.008178391896159825, 53: 0.007174492095926424, 54: 0.0084795457982404, 55: 0.007589899531881803, 56: 0.01070076155692594, 57: 0.009053097494878318, 58: 0.008188199455322741, 59: 0.008854392063497623, 60: 0.005580916368587601, 61: 0.013808678877172026, 62: 0.007969634339497354, 63: 0.008975593393401614, 64: 0.0067176740877385515, 65: 0.006654831594396461, 66: 0.01354180736735128, 67: 0.008173147632253191, 68: 0.004967101628060533, 69: 0.012955355068570219, 70: 0.00876649916738555, 71: 0.005182372889866847, 72: 0.007509793468697578, 73: 0.010448988178641686, 74: 0.00991645392330324}","[57, 57, 55, 55, 54, 53, 53, 52, 52, 51, 51, 51, 50, 50, 50, 50, 50, 49, 49, 49, 49, 48, 48, 48, 48, 47, 47, 47, 47, 47, 46, 46, 46, 46, 45, 45, 45, 45, 45, 45, 44, 44, 44, 44, 44, 43, 43, 43, 43, 43, 43, 42, 42, 41, 41, 41, 41, 40, 40, 40, 40, 40, 40, 40, 39, 39, 39, 39, 38, 38, 36, 36, 35, 34, 33]","dict_values([27, 22, 25, 20, 23, 22, 29, 18, 25, 22, 21, 20, 24, 26, 17, 25, 19, 19, 20, 9, 11, 19, 24, 24, 20, 23, 22, 13, 28, 23, 14, 25, 16, 23, 36, 19, 21, 18, 23, 13, 26, 19, 17, 23, 11, 22, 18, 29, 27, 22, 25, 25, 24, 21, 23, 19, 19, 21, 17, 25, 19, 17, 22, 19, 11, 23, 26, 27, 23, 24, 22, 18, 26, 25, 25])",0.09176149294492486
36,44.93333333333333,0.3032442667098671,"{0: 0.014988068222727633, 1: 0.007811079205806173, 2: 0.009067433040035782, 3: 0.008882778050787719, 4: 0.011665335542249324, 5: 0.006636630599160817, 6: 0.0107517062269361, 7: 0.012002544944728665, 8: 0.011180522653125392, 9: 0.007738302409938188, 10: 0.011764561403330402, 11: 0.006617336126169591, 12: 0.006735649372635674, 13: 0.012741382423090723, 14: 0.008947408776175897, 15: 0.012686944894455413, 16: 0.011257462040911092, 17: 0.007123814315595137, 18: 0.011253914336106119, 19: 0.007986770758659867, 20: 0.008872119919469054, 21: 0.008203059392306904, 22: 0.011648209701315351, 23: 0.00857266095984871, 24: 0.006546169721028705, 25: 0.012606652055685097, 26: 0.007071003862146666, 27: 0.011473097530519184, 28: 0.0061883519931465155, 29: 0.011087809536641124, 30: 0.008108187648687464, 31: 0.010721858153365002, 32: 0.006578974729659662, 33: 0.009573325478527865, 34: 0.009134843083520134, 35: 0.013423779595213922, 36: 0.011191179598713845, 37: 0.010431579095962658, 38: 0.006058306454722292, 39: 0.012011110983713725, 40: 0.010381381604875695, 41: 0.009107546245625348, 42: 0.011065660808811493, 43: 0.015705332143688303, 44: 0.006650823592805864, 45: 0.004291571072392989, 46: 0.010192339976788003, 47: 0.01273120316658449, 48: 0.011503405167788727, 49: 0.012582046971707322, 50: 0.009381616059698252, 51: 0.01459020024182344, 52: 0.008186016877844612, 53: 0.0071899318373935634, 54: 0.009229415834782694, 55: 0.007741036146238535, 56: 0.010094141943457013, 57: 0.00920903960287522, 58: 0.008233884261281521, 59: 0.008835047694838189, 60: 0.00565828674995498, 61: 0.013854132103334577, 62: 0.00759952146000185, 63: 0.00946173155077265, 64: 0.006284916644505684, 65: 0.0066735982104719205, 66: 0.013500837292134636, 67: 0.008365995427840712, 68: 0.004830318605182557, 69: 0.013184048825599499, 70: 0.009103657894955234, 71: 0.005635864529901598, 72: 0.007661045503511256, 73: 0.01039495594290115, 74: 0.009948856010499848}","[57, 56, 55, 54, 53, 53, 53, 52, 52, 52, 51, 51, 50, 50, 50, 50, 49, 49, 49, 48, 48, 48, 48, 48, 47, 47, 47, 47, 46, 46, 46, 46, 46, 46, 46, 46, 46, 45, 45, 45, 45, 44, 44, 44, 43, 43, 43, 43, 43, 43, 42, 42, 42, 41, 41, 41, 41, 40, 40, 40, 40, 40, 40, 39, 39, 38, 38, 38, 38, 38, 36, 36, 35, 34, 33]","dict_values([27, 22, 25, 20, 23, 22, 29, 18, 25, 22, 21, 20, 24, 26, 17, 25, 19, 19, 20, 9, 11, 19, 24, 24, 20, 23, 22, 13, 28, 23, 14, 25, 16, 23, 36, 19, 21, 18, 23, 13, 26, 19, 17, 23, 11, 22, 18, 29, 27, 22, 25, 25, 24, 21, 23, 19, 19, 21, 17, 25, 19, 17, 22, 19, 11, 23, 26, 27, 23, 24, 22, 18, 26, 25, 25])",0.09003090632126724
36,44.77333333333333,0.30171325101241125,"{0: 0.015143438259876614, 1: 0.007758390486204662, 2: 0.00909501499882679, 3: 0.008790914483641244, 4: 0.011730257264407497, 5: 0.007035831363162058, 6: 0.010802907259131203, 7: 0.011373008698754064, 8: 0.011287880145831309, 9: 0.007905448296262156, 10: 0.01179634004976471, 11: 0.007008747837716413, 12: 0.006937935362592897, 13: 0.012720094730570152, 14: 0.008995183734611965, 15: 0.013072668140022657, 16: 0.01118594157605474, 17: 0.00718382824547208, 18: 0.009959409445710818, 19: 0.008003341116757717, 20: 0.008973736189691066, 21: 0.007896634608963376, 22: 0.011434686092220342, 23: 0.008816025839902097, 24: 0.006291748427298298, 25: 0.012717229526298298, 26: 0.007102680732817718, 27: 0.011473435959737328, 28: 0.006563288669453053, 29: 0.010789855523678178, 30: 0.007990043938875526, 31: 0.01057893626386777, 32: 0.007307126827674774, 33: 0.009404860764651257, 34: 0.008682752518368957, 35: 0.013405776316341081, 36: 0.011314374927388628, 37: 0.009805931262155206, 38: 0.006261710028833317, 39: 0.011675902883466911, 40: 0.010547437170427047, 41: 0.009199628308078717, 42: 0.011446757251551773, 43: 0.01559011366932749, 44: 0.006200163776452183, 45: 0.004670440540005757, 46: 0.009015408714984794, 47: 0.011939929809897928, 48: 0.01138878678336689, 49: 0.011968051180379951, 50: 0.009540116411766206, 51: 0.014605879465915208, 52: 0.009136502022892729, 53: 0.006678732867290481, 54: 0.010250776540234551, 55: 0.007372284245773366, 56: 0.010270080818026025, 57: 0.009234623875034835, 58: 0.008331698228958503, 59: 0.008831279197919003, 60: 0.005695317167919907, 61: 0.013920174194146798, 62: 0.007843030103304078, 63: 0.0089944543711667, 64: 0.006369556507287298, 65: 0.007398428251614671, 66: 0.014795106908322057, 67: 0.008467475666307253, 68: 0.005005953721707148, 69: 0.013313881625726913, 70: 0.009040127180739588, 71: 0.006174896344990589, 72: 0.007201038707888024, 73: 0.010410106181398619, 74: 0.00983512610224939}","[57, 56, 55, 54, 53, 53, 53, 52, 51, 51, 51, 51, 50, 50, 50, 49, 49, 48, 48, 48, 48, 47, 47, 47, 47, 47, 47, 46, 46, 46, 46, 46, 46, 46, 46, 46, 45, 45, 44, 44, 44, 44, 44, 44, 43, 43, 43, 43, 43, 42, 42, 42, 41, 41, 41, 41, 41, 40, 40, 40, 40, 40, 40, 39, 39, 39, 39, 38, 38, 38, 37, 36, 34, 34, 34]","dict_values([27, 22, 25, 20, 23, 22, 29, 18, 25, 22, 21, 20, 24, 26, 17, 25, 19, 19, 20, 9, 11, 19, 24, 24, 20, 23, 22, 13, 28, 23, 14, 25, 16, 23, 36, 19, 21, 18, 23, 13, 26, 19, 17, 23, 11, 22, 18, 29, 27, 22, 25, 25, 24, 21, 23, 19, 19, 21, 17, 25, 19, 17, 22, 19, 11, 23, 26, 27, 23, 24, 22, 18, 26, 25, 25])",0.08452661738513204
36,44.586666666666666,0.29992172868894057,"{0: 0.014871998604875314, 1: 0.008028827657326763, 2: 0.009237015825759125, 3: 0.008848848188835225, 4: 0.01180327009426964, 5: 0.007407919064016882, 6: 0.011064132006657318, 7: 0.011449556806124089, 8: 0.011428627546852681, 9: 0.008050727294280881, 10: 0.011446448261516754, 11: 0.006937258896364456, 12: 0.007036590769467482, 13: 0.012894014767503887, 14: 0.00905367377597872, 15: 0.013005072524481838, 16: 0.011282121980454321, 17: 0.0068777385558207475, 18: 0.01008446128309142, 19: 0.008139814540902375, 20: 0.00892893956955198, 21: 0.007925236863593027, 22: 0.011614608446800229, 23: 0.00785853198857263, 24: 0.005914830927093128, 25: 0.012850419899214701, 26: 0.006551698332520251, 27: 0.011556716864936045, 28: 0.006557864006494145, 29: 0.01084018622469381, 30: 0.007795417460002474, 31: 0.010695130386911209, 32: 0.008580591628536834, 33: 0.009432884080345805, 34: 0.008321982123351987, 35: 0.014076362517749198, 36: 0.011448882938608967, 37: 0.009923625900397788, 38: 0.0062689991628347794, 39: 0.01142490485849628, 40: 0.010603141164487207, 41: 0.009299485770949877, 42: 0.011628122843876269, 43: 0.01568606907350207, 44: 0.00705933330000527, 45: 0.0046778732529179235, 46: 0.009266309650817236, 47: 0.01216940075854696, 48: 0.011046252194256959, 49: 0.012033665972022135, 50: 0.009639304010953805, 51: 0.014056342101309344, 52: 0.009089028773364687, 53: 0.006309588148830696, 54: 0.010293932919007367, 55: 0.007471928009800693, 56: 0.010289908063880669, 57: 0.009275423658985302, 58: 0.007896965944911152, 59: 0.008863171695564926, 60: 0.005659576549987508, 61: 0.014059114401580159, 62: 0.007390930164902766, 63: 0.009073621059922429, 64: 0.0061803888523662195, 65: 0.007386521219159691, 66: 0.014876916836022398, 67: 0.008448358352669393, 68: 0.004937949972196548, 69: 0.013400534452105766, 70: 0.008630559219801765, 71: 0.005900182371646478, 72: 0.007312763134680945, 73: 0.010842294627285696, 74: 0.00979649130334062}","[57, 55, 55, 53, 53, 53, 53, 53, 51, 51, 51, 51, 50, 49, 49, 49, 49, 49, 48, 48, 47, 47, 47, 47, 47, 47, 47, 46, 46, 46, 46, 46, 46, 46, 45, 45, 45, 45, 45, 44, 44, 44, 43, 43, 43, 43, 43, 43, 43, 42, 41, 41, 41, 41, 41, 40, 40, 40, 40, 40, 39, 39, 39, 39, 39, 39, 38, 38, 38, 38, 36, 36, 35, 34, 34]","dict_values([27, 22, 25, 20, 23, 22, 29, 18, 25, 22, 21, 20, 24, 26, 17, 25, 19, 19, 20, 9, 11, 19, 24, 24, 20, 23, 22, 13, 28, 23, 14, 25, 16, 23, 36, 19, 21, 18, 23, 13, 26, 19, 17, 23, 11, 22, 18, 29, 27, 22, 25, 25, 24, 21, 23, 19, 19, 21, 17, 25, 19, 17, 22, 19, 11, 23, 26, 27, 23, 24, 22, 18, 26, 25, 25])",0.08383543474279435
36,44.53333333333333,0.2998912561350988,"{0: 0.014880931319287482, 1: 0.008721368053559836, 2: 0.009554918116561952, 3: 0.008894302120530967, 4: 0.011863701237190358, 5: 0.007487632820026053, 6: 0.011190355368437559, 7: 0.011793972561498748, 8: 0.011566158141500608, 9: 0.008002758581928605, 10: 0.011507510651346267, 11: 0.006928479264297154, 12: 0.006675700168850854, 13: 0.012830929430445948, 14: 0.008982851705454447, 15: 0.012475042773189431, 16: 0.011263562119726503, 17: 0.006659191419465392, 18: 0.009748902728354783, 19: 0.008152008731178755, 20: 0.009242765054610342, 21: 0.007958193232165836, 22: 0.011821809510165676, 23: 0.0074128770089688725, 24: 0.005965673250121276, 25: 0.012797018170708744, 26: 0.006250013613027312, 27: 0.011822994870940077, 28: 0.0061458814027307174, 29: 0.011009261855353714, 30: 0.007740665350455841, 31: 0.010617569007979966, 32: 0.008457619245290478, 33: 0.009451952592565004, 34: 0.008861781293288143, 35: 0.014230587508186222, 36: 0.011621653830557941, 37: 0.010387733332938813, 38: 0.006101147453887179, 39: 0.011084248755481634, 40: 0.010929716237935417, 41: 0.00868491141456492, 42: 0.011647073205292385, 43: 0.015249027577794703, 44: 0.006784020643811136, 45: 0.0047457746087883074, 46: 0.009404354770994577, 47: 0.013222618681925695, 48: 0.011086419134364343, 49: 0.011846095921438387, 50: 0.009758334244635614, 51: 0.01388164470356251, 52: 0.008492574417231953, 53: 0.006700614909720472, 54: 0.009977358093796454, 55: 0.0070288034228404885, 56: 0.009430729807442138, 57: 0.009224710765806658, 58: 0.007989620318387443, 59: 0.008954283430512279, 60: 0.005681596263788044, 61: 0.013683002381632522, 62: 0.0074338101735362, 63: 0.009306926258981054, 64: 0.006609276044207551, 65: 0.007201820044285798, 66: 0.015387659127586606, 67: 0.008501972104913281, 68: 0.004941569496364017, 69: 0.013069530353978382, 70: 0.009103784008095049, 71: 0.00586477862867871, 72: 0.007311452174465873, 73: 0.01140259838889976, 74: 0.009737430285375494}","[56, 55, 54, 54, 53, 53, 53, 53, 52, 51, 50, 50, 50, 50, 50, 49, 49, 49, 48, 48, 47, 47, 47, 47, 47, 47, 46, 46, 46, 46, 46, 46, 46, 46, 46, 46, 46, 45, 45, 45, 44, 44, 44, 44, 43, 43, 43, 43, 43, 41, 41, 41, 41, 41, 40, 40, 40, 39, 39, 39, 39, 39, 39, 39, 38, 38, 38, 38, 38, 37, 36, 36, 34, 34, 34]","dict_values([27, 22, 25, 20, 23, 22, 29, 18, 25, 22, 21, 20, 24, 26, 17, 25, 19, 19, 20, 9, 11, 19, 24, 24, 20, 23, 22, 13, 28, 23, 14, 25, 16, 23, 36, 19, 21, 18, 23, 13, 26, 19, 17, 23, 11, 22, 18, 29, 27, 22, 25, 25, 24, 21, 23, 19, 19, 21, 17, 25, 19, 17, 22, 19, 11, 23, 26, 27, 23, 24, 22, 18, 26, 25, 25])",0.08883466599734666
36,44.29333333333334,0.2980912511762211,"{0: 0.015025941395804411, 1: 0.008743942801197288, 2: 0.00983048199428674, 3: 0.008908321469395002, 4: 0.01253840780857839, 5: 0.0073386654440665885, 6: 0.01142741877596209, 7: 0.011805647326396721, 8: 0.011599936667465126, 9: 0.007606615815721376, 10: 0.011753952164911069, 11: 0.007066130086879483, 12: 0.006819243634312127, 13: 0.01326671420849503, 14: 0.008616146276526366, 15: 0.012132335573931969, 16: 0.011836232883406338, 17: 0.006435717908320649, 18: 0.009242915236065923, 19: 0.008162395138623987, 20: 0.009689332891387686, 21: 0.008005244477847217, 22: 0.01210652982913257, 23: 0.007609895184658836, 24: 0.006064010326744265, 25: 0.013075103707516232, 26: 0.006274379904516892, 27: 0.01048962966771186, 28: 0.0062562835679274035, 29: 0.01175502347000514, 30: 0.007733448391184088, 31: 0.01074300098272701, 32: 0.008000893446098927, 33: 0.009357224596950625, 34: 0.008441509126440632, 35: 0.013879339018793797, 36: 0.01187227582775528, 37: 0.00998961211917029, 38: 0.006198928031119812, 39: 0.0118466345241379, 40: 0.011074256778964479, 41: 0.009424788099059757, 42: 0.01149303640741997, 43: 0.01496778215136309, 44: 0.006530631848554696, 45: 0.005095390526125622, 46: 0.009513080132171394, 47: 0.012005077395110988, 48: 0.010759141909055088, 49: 0.011541307945417533, 50: 0.009609645293612107, 51: 0.013390889136113913, 52: 0.00870097648749009, 53: 0.006715887109722727, 54: 0.01029507560233009, 55: 0.007136894380045065, 56: 0.008681241215487792, 57: 0.009161934161934164, 58: 0.008103406219844579, 59: 0.009012469618835452, 60: 0.005707531906162044, 61: 0.01403206608686061, 62: 0.007863538514223443, 63: 0.009840812751771654, 64: 0.006452810976011826, 65: 0.007426256972851609, 66: 0.015294283520512368, 67: 0.008156465177013123, 68: 0.004952289883796733, 69: 0.013478972126232402, 70: 0.009279994115812007, 71: 0.005950644460734008, 72: 0.00736240599254298, 73: 0.011483659838859529, 74: 0.01006355886492873}","[55, 55, 54, 54, 53, 53, 52, 52, 51, 51, 50, 50, 50, 49, 49, 49, 49, 48, 48, 48, 47, 47, 47, 47, 47, 47, 46, 46, 46, 46, 46, 46, 46, 46, 45, 45, 45, 45, 45, 45, 44, 44, 43, 43, 43, 43, 43, 43, 42, 41, 41, 41, 41, 40, 40, 40, 39, 39, 39, 39, 39, 38, 38, 38, 38, 38, 38, 38, 38, 37, 36, 36, 35, 34, 33]","dict_values([27, 22, 25, 20, 23, 22, 29, 18, 25, 22, 21, 20, 24, 26, 17, 25, 19, 19, 20, 9, 11, 19, 24, 24, 20, 23, 22, 13, 28, 23, 14, 25, 16, 23, 36, 19, 21, 18, 23, 13, 26, 19, 17, 23, 11, 22, 18, 29, 27, 22, 25, 25, 24, 21, 23, 19, 19, 21, 17, 25, 19, 17, 22, 19, 11, 23, 26, 27, 23, 24, 22, 18, 26, 25, 25])",0.08534350929221965
36,44.026666666666664,0.29580036013937583,"{0: 0.016011896491348546, 1: 0.008740144270966189, 2: 0.009490171476472846, 3: 0.00900095274088022, 4: 0.01260289632570052, 5: 0.007407203972473918, 6: 0.011484843162925355, 7: 0.012552138740696356, 8: 0.0110286341450725, 9: 0.008032496292971716, 10: 0.011964480971330287, 11: 0.0062486739612041785, 12: 0.006841036293091089, 13: 0.013841411272918122, 14: 0.008585856787911583, 15: 0.01135929439716708, 16: 0.012271686415522034, 17: 0.006224198176252971, 18: 0.008420490612271434, 19: 0.00852362041423282, 20: 0.009806456553031896, 21: 0.008188377708925654, 22: 0.012444131365364241, 23: 0.0076985016197344954, 24: 0.0058306717553292895, 25: 0.011459679685908535, 26: 0.006330992118663352, 27: 0.010520696137134493, 28: 0.0063725157047074855, 29: 0.012130328226218637, 30: 0.007849359979698418, 31: 0.011154577764166805, 32: 0.008167131112336593, 33: 0.009629519047327268, 34: 0.008123725589479013, 35: 0.01439640650962166, 36: 0.011541134058257347, 37: 0.00996403530650106, 38: 0.006313735680174035, 39: 0.01215692140349675, 40: 0.011573376641869791, 41: 0.00973914552681676, 42: 0.011286614111956578, 43: 0.015078914565215935, 44: 0.006753790990293811, 45: 0.004587851163193629, 46: 0.00981861889396136, 47: 0.012545249521478369, 48: 0.010977864744988032, 49: 0.011314677753033917, 50: 0.009387157332362813, 51: 0.013023066961423127, 52: 0.009011308326376819, 53: 0.0068900663078745265, 54: 0.00997854679361529, 55: 0.007277952312198888, 56: 0.00884872306105183, 57: 0.009139159310392189, 58: 0.007927696455093716, 59: 0.00902478606950807, 60: 0.006380607236771621, 61: 0.013880132373283057, 62: 0.007881742984482711, 63: 0.009926321056458043, 64: 0.006206609374417594, 65: 0.00738212176568341, 66: 0.014039216854486801, 67: 0.008331719033773829, 68: 0.004553334176621847, 69: 0.013230145764392338, 70: 0.009797040523269374, 71: 0.006351404286537246, 72: 0.007445846144476281, 73: 0.011449556141336964, 74: 0.010203442737689314}","[56, 55, 53, 53, 52, 52, 51, 51, 51, 51, 50, 50, 50, 49, 49, 48, 48, 48, 48, 48, 47, 47, 47, 47, 46, 46, 46, 46, 46, 46, 46, 46, 45, 45, 45, 45, 45, 45, 44, 44, 44, 44, 43, 43, 43, 43, 43, 42, 42, 41, 41, 41, 41, 40, 40, 40, 39, 39, 39, 39, 39, 38, 38, 38, 38, 38, 37, 37, 37, 37, 36, 35, 34, 33, 33]","dict_values([27, 22, 25, 20, 23, 22, 29, 18, 25, 22, 21, 20, 24, 26, 17, 25, 19, 19, 20, 9, 11, 19, 24, 24, 20, 23, 22, 13, 28, 23, 14, 25, 16, 23, 36, 19, 21, 18, 23, 13, 26, 19, 17, 23, 11, 22, 18, 29, 27, 22, 25, 25, 24, 21, 23, 19, 19, 21, 17, 25, 19, 17, 22, 19, 11, 23, 26, 27, 23, 24, 22, 18, 26, 25, 25])",0.08765643566790088
36,43.973333333333336,0.29625974920158415,"{0: 0.016577924526444188, 1: 0.008655391840529651, 2: 0.00947588850042678, 3: 0.009174136003592586, 4: 0.012502643783589484, 5: 0.00755591693968489, 6: 0.011853539644841841, 7: 0.012667700308553157, 8: 0.010840175778696986, 9: 0.008413587407179983, 10: 0.011884158857203488, 11: 0.005908032791594435, 12: 0.007310415032465407, 13: 0.013948804603203021, 14: 0.008596061556566857, 15: 0.010711035827597967, 16: 0.013014864762930822, 17: 0.005799436278888333, 18: 0.008656522277821438, 19: 0.008579006502117417, 20: 0.009830704693718393, 21: 0.008171110225904749, 22: 0.012701266554006283, 23: 0.008125541439187096, 24: 0.005310776948010815, 25: 0.01226284376456874, 26: 0.006226667014338248, 27: 0.010480317081068299, 28: 0.0063192352272113655, 29: 0.012347806125257954, 30: 0.008164149088806623, 31: 0.010656606049889302, 32: 0.00827588378958242, 33: 0.009652131056240647, 34: 0.008165143096649945, 35: 0.014980995259965763, 36: 0.012502485019608309, 37: 0.009989554502382663, 38: 0.006429374759578029, 39: 0.00973288932010695, 40: 0.011834542437377997, 41: 0.009398509086989037, 42: 0.011716586095176463, 43: 0.015404397458486548, 44: 0.006872868052551434, 45: 0.004493348883924888, 46: 0.009823527938142828, 47: 0.012699352028242936, 48: 0.010885363837583675, 49: 0.01103029596180281, 50: 0.009275200261749194, 51: 0.012930741256372552, 52: 0.009476286001942318, 53: 0.006307077882420349, 54: 0.009455498034471465, 55: 0.007481066385175976, 56: 0.008942454661632744, 57: 0.009352455430670188, 58: 0.007991712615000285, 59: 0.0075599758597991035, 60: 0.006889034799993703, 61: 0.013269102553238654, 62: 0.007776175755627812, 63: 0.009804305694716657, 64: 0.006169079604258679, 65: 0.007405861245191168, 66: 0.01415243452914686, 67: 0.009005777646436171, 68: 0.0038319469826319148, 69: 0.013285247968190961, 70: 0.010488727612015282, 71: 0.006292664198292455, 72: 0.006724263247683486, 73: 0.011348553352184316, 74: 0.010685021815158803}","[57, 55, 53, 53, 52, 52, 51, 51, 51, 51, 51, 50, 50, 49, 49, 49, 48, 48, 48, 48, 47, 47, 47, 47, 47, 46, 46, 46, 46, 46, 46, 45, 45, 45, 45, 44, 44, 44, 44, 44, 44, 44, 43, 43, 43, 43, 43, 42, 42, 42, 41, 41, 40, 40, 40, 40, 40, 40, 39, 39, 38, 38, 38, 38, 38, 38, 37, 37, 36, 36, 35, 35, 34, 33, 31]","dict_values([27, 22, 25, 20, 23, 22, 29, 18, 25, 22, 21, 20, 24, 26, 17, 25, 19, 19, 20, 9, 11, 19, 24, 24, 20, 23, 22, 13, 28, 23, 14, 25, 16, 23, 36, 19, 21, 18, 23, 13, 26, 19, 17, 23, 11, 22, 18, 29, 27, 22, 25, 25, 24, 21, 23, 19, 19, 21, 17, 25, 19, 17, 22, 19, 11, 23, 26, 27, 23, 24, 22, 18, 26, 25, 25])",0.08651622296402509
36,43.81333333333333,0.2956134220765962,"{0: 0.01587800877184439, 1: 0.008788339612345627, 2: 0.008946778930908568, 3: 0.009228803820350762, 4: 0.012848397901020686, 5: 0.007411668030194591, 6: 0.01144876307756361, 7: 0.012890599620051674, 8: 0.010831916929477907, 9: 0.008488802067569188, 10: 0.012053542019295446, 11: 0.0061499031533278105, 12: 0.0075060624718158945, 13: 0.014302260503814132, 14: 0.008361273962259596, 15: 0.011264176710635112, 16: 0.01291040017234471, 17: 0.0054073790375160245, 18: 0.00870523764359381, 19: 0.007686242189666849, 20: 0.009958082560822286, 21: 0.008323297193160207, 22: 0.012968846273640797, 23: 0.008235107071976434, 24: 0.005287159467747505, 25: 0.01119684849429253, 26: 0.006389488838118976, 27: 0.01107386895058128, 28: 0.006398103572761109, 29: 0.013219787553649897, 30: 0.00814208802222501, 31: 0.0109091240940556, 32: 0.008254905857645583, 33: 0.009856707630680233, 34: 0.007507212387349371, 35: 0.014981827124743932, 36: 0.01244480174274695, 37: 0.00965159727271321, 38: 0.006459012880245757, 39: 0.00971925588531001, 40: 0.012630875732279008, 41: 0.009447819500442288, 42: 0.011712958716383374, 43: 0.01595363501477768, 44: 0.006786636599950999, 45: 0.004597193057767732, 46: 0.010416244938463447, 47: 0.012424051843112988, 48: 0.010923860343339128, 49: 0.010655777436599356, 50: 0.00893505696796709, 51: 0.01274710947906738, 52: 0.009457713809534725, 53: 0.006309952029130111, 54: 0.009436117314917851, 55: 0.0075303840714799645, 56: 0.009065943826217797, 57: 0.008860652182569992, 58: 0.008680953543967244, 59: 0.007645612440132989, 60: 0.006649939184185759, 61: 0.013262624135911807, 62: 0.007419521118151256, 63: 0.009930550341509246, 64: 0.006532586826188564, 65: 0.007558741517144458, 66: 0.014286565998894768, 67: 0.008687391378253388, 68: 0.0035765121381559745, 69: 0.014723656162012324, 70: 0.010539097097316274, 71: 0.006458709165023898, 72: 0.006313364532542614, 73: 0.010784960530199422, 74: 0.01059243268147378}","[56, 56, 53, 53, 52, 52, 52, 51, 51, 50, 50, 50, 49, 49, 49, 49, 48, 48, 48, 48, 47, 47, 47, 47, 47, 47, 46, 46, 46, 46, 46, 45, 45, 44, 44, 44, 44, 44, 44, 43, 43, 43, 43, 43, 43, 43, 42, 42, 42, 41, 41, 41, 40, 40, 40, 39, 39, 39, 39, 39, 39, 38, 38, 38, 38, 38, 37, 36, 36, 36, 35, 35, 34, 33, 30]","dict_values([27, 22, 25, 20, 23, 22, 29, 18, 25, 22, 21, 20, 24, 26, 17, 25, 19, 19, 20, 9, 11, 19, 24, 24, 20, 23, 22, 13, 28, 23, 14, 25, 16, 23, 36, 19, 21, 18, 23, 13, 26, 19, 17, 23, 11, 22, 18, 29, 27, 22, 25, 25, 24, 21, 23, 19, 19, 21, 17, 25, 19, 17, 22, 19, 11, 23, 26, 27, 23, 24, 22, 18, 26, 25, 25])",0.0886373478439489
36,43.68,0.2940516181065369,"{0: 0.015566840117052352, 1: 0.007966058310612267, 2: 0.008700121649232957, 3: 0.009201693080332437, 4: 0.012876442535229703, 5: 0.008016473771986634, 6: 0.011558370550184783, 7: 0.013003061707962348, 8: 0.009985823103932024, 9: 0.008263258348874787, 10: 0.012184940595127747, 11: 0.006153410434232351, 12: 0.00728845102036304, 13: 0.014275307737135338, 14: 0.00796882373380705, 15: 0.011562406803385756, 16: 0.01299561332431457, 17: 0.0056691334088594374, 18: 0.00875656440001414, 19: 0.007793276011489402, 20: 0.010129195745634104, 21: 0.008452449377106912, 22: 0.011466176106587067, 23: 0.008020456835620622, 24: 0.005342140687112286, 25: 0.011391986610277646, 26: 0.006634984117860831, 27: 0.011453967268649883, 28: 0.007012388847233532, 29: 0.013139163724714284, 30: 0.008622284735298432, 31: 0.011174083933586152, 32: 0.008132817036926625, 33: 0.010258528237980293, 34: 0.0076162522224166055, 35: 0.014841938596132653, 36: 0.012705697979670584, 37: 0.00991461662458072, 38: 0.006617770052315682, 39: 0.009805373429945788, 40: 0.012095055133271063, 41: 0.009655194194118352, 42: 0.011456223681286386, 43: 0.01610158703905616, 44: 0.006572184152235963, 45: 0.004827617945726867, 46: 0.010458324596595585, 47: 0.012570192571445498, 48: 0.010562789434323015, 49: 0.010185593233538438, 50: 0.008925407129550129, 51: 0.014094591879993729, 52: 0.009599071221054202, 53: 0.0059181059181059184, 54: 0.009460349530930888, 55: 0.007257906744208115, 56: 0.009606755497166457, 57: 0.009254195031013476, 58: 0.008780919911056896, 59: 0.0069547877549999875, 60: 0.005822724829574145, 61: 0.013090048681163865, 62: 0.00783252546951177, 63: 0.010379779454157228, 64: 0.006598890231533067, 65: 0.007619534214923456, 66: 0.013619603688096837, 67: 0.008611707826542442, 68: 0.003880849856877254, 69: 0.015215127276192302, 70: 0.010107599063078515, 71: 0.006663988725889028, 72: 0.005801946972601035, 73: 0.011474439815569117, 74: 0.010972502753324672}","[56, 56, 53, 52, 52, 52, 51, 51, 51, 51, 50, 50, 50, 49, 49, 48, 48, 48, 48, 47, 47, 47, 47, 47, 46, 46, 46, 46, 46, 46, 45, 45, 44, 44, 44, 44, 44, 43, 43, 43, 43, 43, 43, 43, 43, 43, 41, 41, 41, 41, 41, 41, 40, 40, 40, 40, 40, 40, 39, 39, 38, 38, 38, 38, 37, 37, 37, 36, 36, 36, 35, 35, 35, 32, 31]","dict_values([27, 22, 25, 20, 23, 22, 29, 18, 25, 22, 21, 20, 24, 26, 17, 25, 19, 19, 20, 9, 11, 19, 24, 24, 20, 23, 22, 13, 28, 23, 14, 25, 16, 23, 36, 19, 21, 18, 23, 13, 26, 19, 17, 23, 11, 22, 18, 29, 27, 22, 25, 25, 24, 21, 23, 19, 19, 21, 17, 25, 19, 17, 22, 19, 11, 23, 26, 27, 23, 24, 22, 18, 26, 25, 25])",0.0860518873339386
36,43.49333333333333,0.29333254770466705,"{0: 0.01654968579167885, 1: 0.008028855963988923, 2: 0.00870606622584242, 3: 0.009149219456340287, 4: 0.01300429586192341, 5: 0.007594392782748948, 6: 0.01141793914865292, 7: 0.013102825455728556, 8: 0.009957252936704991, 9: 0.008410006669580866, 10: 0.012419196407970437, 11: 0.006131916234655961, 12: 0.00701291769688451, 13: 0.014443737808013226, 14: 0.008025123418774609, 15: 0.012278815437611399, 16: 0.013644450620724271, 17: 0.0059685034000102515, 18: 0.008783125322393375, 19: 0.007894084331475804, 20: 0.009853858141529377, 21: 0.008496934695564829, 22: 0.011038687569710937, 23: 0.0078119464787985175, 24: 0.004830201063077776, 25: 0.010264535689000287, 26: 0.006676490494983644, 27: 0.010923802526156375, 28: 0.007137838801450611, 29: 0.013509023317849237, 30: 0.008137369257433722, 31: 0.011253877659738927, 32: 0.007791234846029369, 33: 0.009913016924552612, 34: 0.007194029539919949, 35: 0.015758267338731192, 36: 0.012804225799899918, 37: 0.009771540161758184, 38: 0.006780290369687774, 39: 0.009919796556396982, 40: 0.012127401923623377, 41: 0.01032306396401566, 42: 0.011726465606178633, 43: 0.01665110208907238, 44: 0.006609222098562249, 45: 0.005224920455634227, 46: 0.010723875442667646, 47: 0.012986646895262617, 48: 0.01071689341336061, 49: 0.010357344946386042, 50: 0.008565456510661991, 51: 0.013355245350470123, 52: 0.009221337114988305, 53: 0.00604261220699577, 54: 0.009111682313737109, 55: 0.006476117939708424, 56: 0.009918604024588162, 57: 0.009566033856559443, 58: 0.009213165891248083, 59: 0.006940737902110489, 60: 0.005581815342089316, 61: 0.013238564862484663, 62: 0.007868814204430643, 63: 0.010619967870264894, 64: 0.0067435110243329426, 65: 0.007695106947089643, 66: 0.012932123497934182, 67: 0.00877586254298583, 68: 0.0038940437812315337, 69: 0.015286286530841103, 70: 0.010190034035404916, 71: 0.006704642224611357, 72: 0.005179277089850119, 73: 0.011990476202804972, 74: 0.011079562954112344}","[57, 57, 54, 52, 52, 52, 51, 51, 51, 50, 50, 49, 49, 49, 49, 49, 48, 48, 47, 47, 47, 47, 47, 47, 47, 46, 46, 46, 46, 45, 45, 45, 44, 44, 44, 43, 43, 43, 43, 43, 43, 43, 43, 42, 42, 42, 41, 41, 41, 41, 41, 41, 40, 40, 39, 39, 39, 39, 39, 39, 38, 38, 37, 37, 37, 37, 36, 36, 36, 36, 35, 34, 34, 32, 31]","dict_values([27, 22, 25, 20, 23, 22, 29, 18, 25, 22, 21, 20, 24, 26, 17, 25, 19, 19, 20, 9, 11, 19, 24, 24, 20, 23, 22, 13, 28, 23, 14, 25, 16, 23, 36, 19, 21, 18, 23, 13, 26, 19, 17, 23, 11, 22, 18, 29, 27, 22, 25, 25, 24, 21, 23, 19, 19, 21, 17, 25, 19, 17, 22, 19, 11, 23, 26, 27, 23, 24, 22, 18, 26, 25, 25])",0.08594780541478507
36,43.413333333333334,0.2933631374883638,"{0: 0.01668432941947316, 1: 0.008166428115058253, 2: 0.00863758447927848, 3: 0.009198814999807497, 4: 0.012813616741900387, 5: 0.007651953874758065, 6: 0.011692388918416315, 7: 0.013304964825135409, 8: 0.009507452315671494, 9: 0.007590915115089168, 10: 0.012577516672635333, 11: 0.0056090224653883, 12: 0.006826768024433469, 13: 0.013973899162255325, 14: 0.00793896418172899, 15: 0.012285055768133933, 16: 0.013372469932377323, 17: 0.005990621230347259, 18: 0.008464255717294498, 19: 0.007945345417184916, 20: 0.009800155005634458, 21: 0.007963767381575603, 22: 0.011702685247205795, 23: 0.008291379245701069, 24: 0.004836077781283261, 25: 0.010312362695932852, 26: 0.006714528889186423, 27: 0.011488949152946841, 28: 0.007021257421179109, 29: 0.012939263591636734, 30: 0.008073744536274755, 31: 0.011252857128797703, 32: 0.007449583819446834, 33: 0.010244335244335243, 34: 0.007047189667052681, 35: 0.01515041818997909, 36: 0.01226555182034634, 37: 0.009235218221326653, 38: 0.006675949562549987, 39: 0.00997666048312392, 40: 0.012699115923599817, 41: 0.009280683938218185, 42: 0.011791724701718917, 43: 0.017240036068417314, 44: 0.0067212322176231345, 45: 0.005223538442716525, 46: 0.011643515060937403, 47: 0.012733628648213662, 48: 0.010449988532180314, 49: 0.010332226599349886, 50: 0.008508325460380257, 51: 0.013721778422482652, 52: 0.00940274013180631, 53: 0.006686604460577065, 54: 0.008959063839200827, 55: 0.006482444496143127, 56: 0.009841610526542033, 57: 0.009962328526625265, 58: 0.009333273888068408, 59: 0.0059852340493378505, 60: 0.005661155661155662, 61: 0.013904880571145285, 62: 0.007649461074118609, 63: 0.010107235859695822, 64: 0.007130010040968947, 65: 0.00748478299848163, 66: 0.014005106974486509, 67: 0.008794473862967013, 68: 0.003703205501150707, 69: 0.015819334044782626, 70: 0.010804382198419267, 71: 0.006764638764261401, 72: 0.0057266379111835415, 73: 0.012399929865683295, 74: 0.010768998782697414}","[58, 57, 53, 53, 53, 51, 51, 51, 51, 50, 49, 49, 49, 49, 49, 49, 48, 48, 48, 48, 48, 48, 47, 46, 46, 46, 46, 46, 46, 46, 44, 44, 44, 44, 44, 43, 43, 43, 43, 43, 43, 43, 43, 42, 42, 42, 41, 41, 40, 40, 40, 40, 40, 40, 39, 39, 39, 39, 39, 38, 38, 38, 37, 37, 37, 36, 36, 36, 36, 35, 35, 35, 34, 32, 30]","dict_values([27, 22, 25, 20, 23, 22, 29, 18, 25, 22, 21, 20, 24, 26, 17, 25, 19, 19, 20, 9, 11, 19, 24, 24, 20, 23, 22, 13, 28, 23, 14, 25, 16, 23, 36, 19, 21, 18, 23, 13, 26, 19, 17, 23, 11, 22, 18, 29, 27, 22, 25, 25, 24, 21, 23, 19, 19, 21, 17, 25, 19, 17, 22, 19, 11, 23, 26, 27, 23, 24, 22, 18, 26, 25, 25])",0.08216281112472758
36,43.413333333333334,0.2932453836692165,"{0: 0.016503632857806587, 1: 0.008185621713018973, 2: 0.009814161484839011, 3: 0.009290757098622378, 4: 0.012331054701119167, 5: 0.007773796875966301, 6: 0.012011863296109872, 7: 0.012781653429253342, 8: 0.008587325196914238, 9: 0.008366797569053811, 10: 0.012453286965465554, 11: 0.005543455704616059, 12: 0.006911235133698383, 13: 0.014366116777684483, 14: 0.007921218174365158, 15: 0.012373018769708742, 16: 0.013785784486450908, 17: 0.006024937874252944, 18: 0.0085485552489818, 19: 0.008868517443228335, 20: 0.009774571232703587, 21: 0.007868945197712321, 22: 0.011822538192401207, 23: 0.008273495539785803, 24: 0.004825988473248747, 25: 0.01031393396639384, 26: 0.00679239078211681, 27: 0.011023361773084099, 28: 0.007565532803053766, 29: 0.012970339749773293, 30: 0.007874659904911522, 31: 0.011808861410274034, 32: 0.006612253701294797, 33: 0.010199398384329891, 34: 0.006960522167689832, 35: 0.014531105394783334, 36: 0.01300693396487338, 37: 0.009371979952320567, 38: 0.006611603080503488, 39: 0.009668015622252706, 40: 0.01204797881302671, 41: 0.008408376797823065, 42: 0.011923427221425876, 43: 0.017401363513327783, 44: 0.0072867541807364955, 45: 0.00515103443185635, 46: 0.011904269734833273, 47: 0.01261908812271423, 48: 0.010137845911046762, 49: 0.01075664791418216, 50: 0.008378819337723449, 51: 0.013091658163351743, 52: 0.00973159695392202, 53: 0.006716578548770331, 54: 0.008295602388068141, 55: 0.006563171788427433, 56: 0.009860622010921067, 57: 0.01009800389196909, 58: 0.008931196944895574, 59: 0.006013086140816611, 60: 0.006122184204375985, 61: 0.01412978569297173, 62: 0.007644155567655471, 63: 0.010183694421013932, 64: 0.006892582663130609, 65: 0.007571863475780127, 66: 0.013954736957398373, 67: 0.00928429909594293, 68: 0.0037100138127535384, 69: 0.015693163735555443, 70: 0.010921924011166557, 71: 0.006518541280312521, 72: 0.005757566438795614, 73: 0.012381968375119061, 74: 0.010179922494219234}","[58, 57, 53, 53, 52, 52, 51, 50, 50, 50, 49, 49, 49, 49, 49, 48, 48, 48, 48, 48, 48, 47, 47, 47, 47, 46, 46, 46, 46, 44, 44, 44, 44, 44, 44, 44, 43, 43, 43, 43, 43, 43, 43, 42, 42, 42, 42, 41, 41, 40, 40, 40, 40, 40, 40, 39, 39, 39, 38, 38, 38, 38, 37, 37, 37, 37, 36, 36, 35, 35, 35, 35, 34, 33, 30]","dict_values([27, 22, 25, 20, 23, 22, 29, 18, 25, 22, 21, 20, 24, 26, 17, 25, 19, 19, 20, 9, 11, 19, 24, 24, 20, 23, 22, 13, 28, 23, 14, 25, 16, 23, 36, 19, 21, 18, 23, 13, 26, 19, 17, 23, 11, 22, 18, 29, 27, 22, 25, 25, 24, 21, 23, 19, 19, 21, 17, 25, 19, 17, 22, 19, 11, 23, 26, 27, 23, 24, 22, 18, 26, 25, 25])",0.0882777740885849
36,43.306666666666665,0.29194938985000285,"{0: 0.015781433142804883, 1: 0.008403090633886542, 2: 0.00992014643176426, 3: 0.009425686709917986, 4: 0.011919310226170252, 5: 0.007743522724046796, 6: 0.01206643745767207, 7: 0.012921319228097895, 8: 0.009255391486187394, 9: 0.008491475433457706, 10: 0.012610174181294467, 11: 0.005569313264720195, 12: 0.007041615070795029, 13: 0.014344174175871886, 14: 0.008921319833622592, 15: 0.012403787734147076, 16: 0.012602131667503612, 17: 0.006174039564450524, 18: 0.008582864782433183, 19: 0.009302266826440881, 20: 0.00976516323438823, 21: 0.008772121272121274, 22: 0.012245396834437932, 23: 0.009036654024299247, 24: 0.005276189265915292, 25: 0.009803732797388382, 26: 0.006593863015095892, 27: 0.010329828138047318, 28: 0.007026339978596225, 29: 0.013001577167304578, 30: 0.007971943622876917, 31: 0.011828213413876763, 32: 0.006971163478012794, 33: 0.01024397462753627, 34: 0.007091903039782567, 35: 0.01346655563829342, 36: 0.012574631337532442, 37: 0.009342630690385155, 38: 0.006557315632658101, 39: 0.009776594043419224, 40: 0.011967845077460251, 41: 0.00850199012686453, 42: 0.011852166916437888, 43: 0.017495382248637063, 44: 0.007262204757839009, 45: 0.005105172952407218, 46: 0.011402236818902496, 47: 0.01263353516984725, 48: 0.010276333209751026, 49: 0.010783296057268662, 50: 0.00891527997211373, 51: 0.01301535032017097, 52: 0.00975460201227498, 53: 0.006451469722017668, 54: 0.008336134583533578, 55: 0.006602505331159864, 56: 0.009402462421321495, 57: 0.010187812927538956, 58: 0.009326973881768404, 59: 0.005896346649771308, 60: 0.006280127684237272, 61: 0.014256701715652744, 62: 0.007820834514398039, 63: 0.010300476910065953, 64: 0.0065748839450504104, 65: 0.007555220947995378, 66: 0.013395419134549091, 67: 0.009430159669668947, 68: 0.004047061581308157, 69: 0.015192462110270331, 70: 0.01102845750811101, 71: 0.006612783153560292, 72: 0.005786795170356814, 73: 0.012292099584019129, 74: 0.010240220387527576}","[58, 56, 53, 52, 52, 51, 50, 50, 50, 49, 49, 49, 49, 48, 48, 48, 48, 48, 47, 47, 47, 47, 47, 47, 46, 46, 46, 46, 45, 45, 44, 44, 44, 44, 44, 44, 44, 44, 44, 43, 43, 43, 43, 43, 42, 42, 42, 41, 41, 41, 40, 40, 40, 39, 39, 39, 39, 38, 38, 38, 37, 37, 37, 37, 37, 37, 36, 36, 36, 35, 35, 35, 35, 33, 31]","dict_values([27, 22, 25, 20, 23, 22, 29, 18, 25, 22, 21, 20, 24, 26, 17, 25, 19, 19, 20, 9, 11, 19, 24, 24, 20, 23, 22, 13, 28, 23, 14, 25, 16, 23, 36, 19, 21, 18, 23, 13, 26, 19, 17, 23, 11, 22, 18, 29, 27, 22, 25, 25, 24, 21, 23, 19, 19, 21, 17, 25, 19, 17, 22, 19, 11, 23, 26, 27, 23, 24, 22, 18, 26, 25, 25])",0.09022111371302388
36,43.413333333333334,0.2933371695835831,"{0: 0.015732929859642187, 1: 0.008434711037450764, 2: 0.009983814367376012, 3: 0.008726946953175801, 4: 0.011978490855404634, 5: 0.008180830516648408, 6: 0.012022468101235228, 7: 0.012811538315164425, 8: 0.009185829494048673, 9: 0.008511428021903442, 10: 0.012896193290028907, 11: 0.00554420827386178, 12: 0.006951093252463117, 13: 0.01492763571530695, 14: 0.008955949384031577, 15: 0.012256348564769195, 16: 0.013498515450570247, 17: 0.006122856636555268, 18: 0.008540714191399124, 19: 0.008700088142070413, 20: 0.009667438006479102, 21: 0.009069703590251534, 22: 0.012047135163573522, 23: 0.009100787371335316, 24: 0.00516822460315611, 25: 0.009800173214758229, 26: 0.007153422649997993, 27: 0.010241316748166064, 28: 0.00698882709861759, 29: 0.012218625660406485, 30: 0.007855621201713063, 31: 0.011797737311435944, 32: 0.007111465501876463, 33: 0.01018997765573108, 34: 0.007213895570059952, 35: 0.013429730440205867, 36: 0.01248778988505016, 37: 0.00877130377130377, 38: 0.006601905232042219, 39: 0.010110330761015694, 40: 0.012137337907885853, 41: 0.0084636732410705, 42: 0.011770204578423758, 43: 0.017754241007665667, 44: 0.007201289057654891, 45: 0.005094440299919752, 46: 0.011330618710755698, 47: 0.012469003417835007, 48: 0.010278134541833173, 49: 0.010341389450978494, 50: 0.00890641702285538, 51: 0.012913094351450516, 52: 0.00967463107874067, 53: 0.006266237516237515, 54: 0.008233799244073216, 55: 0.006180718937568253, 56: 0.009334963958251629, 57: 0.010578260749493626, 58: 0.009234891769138347, 59: 0.005875733957925739, 60: 0.0062130550144248765, 61: 0.014327427940441641, 62: 0.008009324533297136, 63: 0.010321506211917172, 64: 0.0064982054536849064, 65: 0.007461011724710355, 66: 0.013318580174946013, 67: 0.009319780090328036, 68: 0.004010719421678326, 69: 0.016083626871298107, 70: 0.011079681018238632, 71: 0.007005136943694557, 72: 0.005518095586588737, 73: 0.011754657473835556, 74: 0.010449739388095552}","[59, 56, 53, 53, 53, 50, 50, 50, 50, 50, 49, 49, 49, 49, 48, 48, 48, 48, 48, 47, 47, 47, 47, 47, 46, 46, 46, 45, 45, 45, 44, 44, 44, 44, 44, 44, 44, 44, 44, 43, 43, 43, 43, 43, 42, 42, 41, 41, 41, 41, 41, 41, 40, 40, 39, 39, 39, 39, 38, 38, 38, 38, 37, 37, 37, 37, 37, 36, 35, 35, 35, 35, 34, 33, 31]","dict_values([27, 22, 25, 20, 23, 22, 29, 18, 25, 22, 21, 20, 24, 26, 17, 25, 19, 19, 20, 9, 11, 19, 24, 24, 20, 23, 22, 13, 28, 23, 14, 25, 16, 23, 36, 19, 21, 18, 23, 13, 26, 19, 17, 23, 11, 22, 18, 29, 27, 22, 25, 25, 24, 21, 23, 19, 19, 21, 17, 25, 19, 17, 22, 19, 11, 23, 26, 27, 23, 24, 22, 18, 26, 25, 25])",0.09573480672989271
36,43.49333333333333,0.29331414155856955,"{0: 0.015807257578006974, 1: 0.008362680280488498, 2: 0.009024664830944933, 3: 0.008580182342940872, 4: 0.012015697206192057, 5: 0.008103536242506693, 6: 0.011998723043243592, 7: 0.012590051954158453, 8: 0.008258018224709913, 9: 0.007987051716906673, 10: 0.012894540466552104, 11: 0.005689877375258697, 12: 0.006883852764881101, 13: 0.014491547158415278, 14: 0.008945891337443846, 15: 0.011307403614135372, 16: 0.013467378688339473, 17: 0.005586091887461751, 18: 0.008478278683758134, 19: 0.009109179722596323, 20: 0.009778966713898222, 21: 0.008520744650881637, 22: 0.012265678739219741, 23: 0.009094628244171624, 24: 0.004830607240768622, 25: 0.009561753462841294, 26: 0.007122570468662332, 27: 0.010340740135260684, 28: 0.007086375997536353, 29: 0.0120854918699399, 30: 0.007521735326932748, 31: 0.012309955974339535, 32: 0.007887502636361086, 33: 0.010445502559407606, 34: 0.0070467035263570305, 35: 0.013488754232106371, 36: 0.012623041542632463, 37: 0.008925210054252404, 38: 0.006253402486279198, 39: 0.009942067704624783, 40: 0.011781475679877506, 41: 0.008662674378177599, 42: 0.011463145411822464, 43: 0.017646961939199384, 44: 0.007786112599099437, 45: 0.0053041823018991985, 46: 0.011780339320293659, 47: 0.013265827566601362, 48: 0.009580533809985865, 49: 0.010401028992697224, 50: 0.008875666181602255, 51: 0.013452875835294085, 52: 0.009719216670176827, 53: 0.006865222019331608, 54: 0.008075606572133163, 55: 0.006214748423652533, 56: 0.0095556811021858, 57: 0.01050253327650588, 58: 0.009154821997287751, 59: 0.006659040391917104, 60: 0.006835032177497929, 61: 0.014295093223376867, 62: 0.008756433030452548, 63: 0.009990143425121846, 64: 0.006819956049408106, 65: 0.007468695431962462, 66: 0.013276243660006756, 67: 0.009068831186411094, 68: 0.003940926714899318, 69: 0.016009365882700466, 70: 0.011039712605230916, 71: 0.007250764175324205, 72: 0.005456505951439334, 73: 0.011656375916399685, 74: 0.010702284674887414}","[59, 56, 53, 53, 52, 51, 50, 50, 50, 50, 49, 49, 49, 49, 49, 48, 48, 48, 48, 48, 47, 47, 47, 47, 46, 45, 45, 45, 45, 45, 45, 44, 44, 44, 44, 44, 44, 43, 43, 43, 43, 43, 43, 43, 42, 42, 41, 41, 41, 41, 40, 40, 40, 40, 40, 40, 39, 39, 39, 39, 39, 38, 38, 38, 38, 37, 37, 36, 36, 35, 35, 34, 34, 34, 31]","dict_values([27, 22, 25, 20, 23, 22, 29, 18, 25, 22, 21, 20, 24, 26, 17, 25, 19, 19, 20, 9, 11, 19, 24, 24, 20, 23, 22, 13, 28, 23, 14, 25, 16, 23, 36, 19, 21, 18, 23, 13, 26, 19, 17, 23, 11, 22, 18, 29, 27, 22, 25, 25, 24, 21, 23, 19, 19, 21, 17, 25, 19, 17, 22, 19, 11, 23, 26, 27, 23, 24, 22, 18, 26, 25, 25])",0.09095201380668312
36,43.413333333333334,0.2934123472127345,"{0: 0.015849278167972772, 1: 0.008328215554242952, 2: 0.008521198783259536, 3: 0.008291965525043686, 4: 0.011941954191017005, 5: 0.008080704107707226, 6: 0.011949280254074776, 7: 0.012407054602163733, 8: 0.008007911943290147, 9: 0.007938208174912446, 10: 0.013091148726199351, 11: 0.005901873656445706, 12: 0.006970754997854463, 13: 0.013993394377157475, 14: 0.008993275791220999, 15: 0.011082942811256232, 16: 0.01344828371481141, 17: 0.005588155416922542, 18: 0.008555657699493317, 19: 0.00916044741085031, 20: 0.009889566653265283, 21: 0.009024742072687279, 22: 0.011747283970333406, 23: 0.009016727595494723, 24: 0.004642342793772216, 25: 0.00879003128700953, 26: 0.007201024656705558, 27: 0.010731376998500285, 28: 0.007545935361205305, 29: 0.012611030751643158, 30: 0.006908702179653026, 31: 0.012364811851113221, 32: 0.007919971652848365, 33: 0.010021871576368302, 34: 0.006569011096609808, 35: 0.013466479963256759, 36: 0.012849431335137114, 37: 0.00939086523065082, 38: 0.006535338042187357, 39: 0.010028543590187426, 40: 0.011664668017407745, 41: 0.008878949697145052, 42: 0.01070586875381396, 43: 0.0178276759441143, 44: 0.007751723854665032, 45: 0.005483285380545656, 46: 0.0117056041884809, 47: 0.013367024333723701, 48: 0.009150768345973826, 49: 0.01090451263917613, 50: 0.008820191594164197, 51: 0.013710856488901892, 52: 0.010296570451424533, 53: 0.006841862064464803, 54: 0.008249193766220707, 55: 0.0063404208095988925, 56: 0.009134975384581245, 57: 0.011329242664859103, 58: 0.00893863222630346, 59: 0.0065822824384468214, 60: 0.006246416691622171, 61: 0.01432258023716525, 62: 0.00892647961215561, 63: 0.009933059471475193, 64: 0.00690546870341391, 65: 0.008029096330912889, 66: 0.012641264257904064, 67: 0.00909004047702678, 68: 0.004069468624263144, 69: 0.015623975778829863, 70: 0.01106059708125013, 71: 0.007370906041946227, 72: 0.005502705495260587, 73: 0.01242061972407416, 74: 0.011398964994855407}","[59, 56, 53, 52, 51, 51, 51, 50, 50, 50, 50, 49, 49, 49, 49, 49, 48, 48, 48, 47, 47, 47, 46, 46, 46, 46, 46, 46, 45, 45, 44, 44, 44, 44, 44, 44, 43, 43, 43, 42, 42, 42, 42, 42, 42, 42, 42, 42, 41, 41, 41, 40, 40, 40, 40, 39, 39, 39, 39, 39, 38, 38, 38, 38, 37, 37, 37, 36, 36, 35, 35, 35, 34, 33, 31]","dict_values([27, 22, 25, 20, 23, 22, 29, 18, 25, 22, 21, 20, 24, 26, 17, 25, 19, 19, 20, 9, 11, 19, 24, 24, 20, 23, 22, 13, 28, 23, 14, 25, 16, 23, 36, 19, 21, 18, 23, 13, 26, 19, 17, 23, 11, 22, 18, 29, 27, 22, 25, 25, 24, 21, 23, 19, 19, 21, 17, 25, 19, 17, 22, 19, 11, 23, 26, 27, 23, 24, 22, 18, 26, 25, 25])",0.08911312473966035
36,43.44,0.2940700770655056,"{0: 0.016022508847692272, 1: 0.008291531444018828, 2: 0.008418750145498524, 3: 0.008455402736065612, 4: 0.011846727479069816, 5: 0.008314498635175933, 6: 0.012009533400124605, 7: 0.012054905644328436, 8: 0.00801453952319129, 9: 0.007867533960402615, 10: 0.012931899979484697, 11: 0.005641030466775833, 12: 0.0068095993816974345, 13: 0.01373990197784676, 14: 0.00979064928686414, 15: 0.011283826934352828, 16: 0.013504179226962213, 17: 0.005419404220774083, 18: 0.008387284099252375, 19: 0.009192978436532025, 20: 0.01096849533223001, 21: 0.009043480790056133, 22: 0.011745941848681574, 23: 0.008584486184522235, 24: 0.004610468565948018, 25: 0.010179921272789928, 26: 0.006895057470781632, 27: 0.010308413561838219, 28: 0.007616095362872157, 29: 0.012529767142982295, 30: 0.006978454466420453, 31: 0.01206816411394638, 32: 0.008174687951183987, 33: 0.009976468469619155, 34: 0.0073931369432662965, 35: 0.013471580828126908, 36: 0.01295324614178255, 37: 0.009369800649541097, 38: 0.00651925720418871, 39: 0.010413315739559432, 40: 0.011628492774851822, 41: 0.008924807490056228, 42: 0.010742313896603732, 43: 0.017973310159683627, 44: 0.007630795526274556, 45: 0.00550710310083057, 46: 0.011596059946816978, 47: 0.013123797098944475, 48: 0.009180284847191841, 49: 0.01005196518895149, 50: 0.008712998637295686, 51: 0.013221179894596917, 52: 0.010187210920808615, 53: 0.006832034486144076, 54: 0.008591031803742266, 55: 0.005911817726886219, 56: 0.009016617204093347, 57: 0.01138977543087132, 58: 0.008553010094105985, 59: 0.006591972345397002, 60: 0.006289085056208344, 61: 0.015140296456828116, 62: 0.008838469755917486, 63: 0.00987011209613949, 64: 0.006862140067799766, 65: 0.007898660459943807, 66: 0.012795763074082766, 67: 0.009070212949989446, 68: 0.00407123163972479, 69: 0.016119566393539, 70: 0.010620403339984322, 71: 0.00659678605212767, 72: 0.0055793643807342435, 73: 0.0119665170151832, 74: 0.01151551732842288}","[59, 56, 54, 53, 51, 50, 50, 50, 50, 50, 50, 49, 49, 49, 49, 48, 48, 48, 48, 47, 47, 47, 47, 46, 46, 46, 46, 45, 45, 45, 45, 45, 45, 44, 44, 44, 43, 43, 43, 42, 42, 42, 42, 42, 42, 42, 42, 42, 42, 41, 41, 40, 40, 40, 40, 40, 39, 39, 39, 39, 39, 38, 38, 37, 37, 37, 37, 35, 35, 35, 35, 35, 34, 33, 31]","dict_values([27, 22, 25, 20, 23, 22, 29, 18, 25, 22, 21, 20, 24, 26, 17, 25, 19, 19, 20, 9, 11, 19, 24, 24, 20, 23, 22, 13, 28, 23, 14, 25, 16, 23, 36, 19, 21, 18, 23, 13, 26, 19, 17, 23, 11, 22, 18, 29, 27, 22, 25, 25, 24, 21, 23, 19, 19, 21, 17, 25, 19, 17, 22, 19, 11, 23, 26, 27, 23, 24, 22, 18, 26, 25, 25])",0.09221104135789279
36,43.28,0.29270724398001613,"{0: 0.016233694193044997, 1: 0.00831750985860575, 2: 0.008069419370789234, 3: 0.00850199470767561, 4: 0.012658274891353058, 5: 0.008511281785158043, 6: 0.012271775028624348, 7: 0.012238252717310629, 8: 0.008585484099182729, 9: 0.00785884260904406, 10: 0.01283080851276206, 11: 0.005761332977287853, 12: 0.006834254258316199, 13: 0.014151033437066788, 14: 0.00995238600584044, 15: 0.0112721422217183, 16: 0.013643385133111162, 17: 0.005133933387358045, 18: 0.007712682541449664, 19: 0.009206183768029055, 20: 0.011133434186590825, 21: 0.009131188754476424, 22: 0.01203042709892025, 23: 0.008616790209255964, 24: 0.004624846491284848, 25: 0.01020147354756541, 26: 0.006780518189839213, 27: 0.009478151430206227, 28: 0.0072342489193818775, 29: 0.01283218714725564, 30: 0.007413745584882118, 31: 0.011717373413323386, 32: 0.008450333450333448, 33: 0.010108738704629115, 34: 0.00774762788610317, 35: 0.013628710878912332, 36: 0.012511830569454156, 37: 0.009963717326731026, 38: 0.006062262226645789, 39: 0.010897970222717098, 40: 0.011241569341628902, 41: 0.009284506853744493, 42: 0.010728370138733453, 43: 0.01669612927802326, 44: 0.0076896633228308265, 45: 0.005591883845308503, 46: 0.011124929182552768, 47: 0.013257282254059043, 48: 0.009471820110593188, 49: 0.010088193821070535, 50: 0.008854274149836985, 51: 0.013111164845828334, 52: 0.010453145213419189, 53: 0.00697174678339062, 54: 0.007955968144324308, 55: 0.005990918919001112, 56: 0.009073411839195043, 57: 0.011568804205790506, 58: 0.008210622422951192, 59: 0.006628156285690533, 60: 0.006343311137831685, 61: 0.015192680599917052, 62: 0.008799513586589229, 63: 0.009892370166342769, 64: 0.006885978033238307, 65: 0.007939659022893092, 66: 0.01299091026344644, 67: 0.009044963325785244, 68: 0.004089022068474124, 69: 0.016181890325725944, 70: 0.010682724114432416, 71: 0.006397153818588144, 72: 0.0056380207065138575, 73: 0.01107399377947323, 74: 0.011868213975122851}","[58, 56, 54, 53, 51, 50, 50, 50, 50, 50, 50, 49, 49, 48, 48, 48, 47, 47, 47, 47, 47, 47, 46, 46, 46, 46, 46, 45, 45, 45, 45, 45, 44, 44, 44, 43, 43, 43, 43, 42, 42, 42, 42, 42, 42, 42, 42, 41, 41, 41, 41, 41, 40, 40, 40, 40, 39, 39, 39, 39, 39, 38, 38, 37, 37, 37, 37, 35, 35, 35, 34, 34, 34, 33, 31]","dict_values([27, 22, 25, 20, 23, 22, 29, 18, 25, 22, 21, 20, 24, 26, 17, 25, 19, 19, 20, 9, 11, 19, 24, 24, 20, 23, 22, 13, 28, 23, 14, 25, 16, 23, 36, 19, 21, 18, 23, 13, 26, 19, 17, 23, 11, 22, 18, 29, 27, 22, 25, 25, 24, 21, 23, 19, 19, 21, 17, 25, 19, 17, 22, 19, 11, 23, 26, 27, 23, 24, 22, 18, 26, 25, 25])",0.09182390080364326
36,43.17333333333333,0.2918598804228469,"{0: 0.017127296496048813, 1: 0.008760106387178165, 2: 0.00809203213216333, 3: 0.008310506678607478, 4: 0.011883609624346599, 5: 0.008506698650672453, 6: 0.012400690375560146, 7: 0.011617391092585465, 8: 0.008335525983943229, 9: 0.008563292714868997, 10: 0.01277771351818001, 11: 0.006033492411096089, 12: 0.0069023689442053015, 13: 0.013602343557271874, 14: 0.010044247594568031, 15: 0.011115898125929285, 16: 0.01402638282152844, 17: 0.00481541526062074, 18: 0.007509505026628315, 19: 0.00922252035265734, 20: 0.011008950332824544, 21: 0.007619690153936729, 22: 0.012357360901881451, 23: 0.00912252379303183, 24: 0.005015373166058098, 25: 0.010473873487572118, 26: 0.006779691318427605, 27: 0.009627326579381376, 28: 0.006969490103051747, 29: 0.01309628424354452, 30: 0.007661872399469588, 31: 0.011822867945600269, 32: 0.009197552553763191, 33: 0.010296787009115776, 34: 0.007708351578677385, 35: 0.013949580176232641, 36: 0.012326830738739318, 37: 0.009591376210248763, 38: 0.00617699847151902, 39: 0.011214122088843762, 40: 0.010361532572920116, 41: 0.00939550974665675, 42: 0.010850019092336754, 43: 0.016663319184974226, 44: 0.00810034334193616, 45: 0.005713059906696109, 46: 0.011232161412063485, 47: 0.01393578771692217, 48: 0.009649940680451313, 49: 0.00988759070950852, 50: 0.008920439924280444, 51: 0.013350046964198399, 52: 0.009853906284495355, 53: 0.007073192220499407, 54: 0.008478194834092937, 55: 0.005942419298583683, 56: 0.009836055620024521, 57: 0.011670562869193006, 58: 0.008294762233118399, 59: 0.006642781300315548, 60: 0.005945222811661167, 61: 0.014172458203778411, 62: 0.008740654109568717, 63: 0.009731159046227539, 64: 0.00696252252300873, 65: 0.008127545457619791, 66: 0.013131724522356098, 67: 0.008103771082763918, 68: 0.004110717124415754, 69: 0.017197530630055625, 70: 0.010381591901342324, 71: 0.006584800331182736, 72: 0.005569948891866701, 73: 0.009771121373908013, 74: 0.012202461818344825}","[58, 57, 54, 52, 51, 50, 50, 50, 50, 49, 49, 49, 49, 48, 48, 47, 47, 47, 47, 47, 47, 46, 46, 46, 46, 46, 45, 45, 45, 45, 45, 45, 44, 44, 43, 43, 43, 43, 42, 42, 42, 42, 42, 42, 41, 41, 41, 41, 41, 41, 41, 41, 41, 40, 40, 40, 40, 39, 39, 39, 39, 38, 38, 37, 37, 37, 36, 36, 35, 35, 34, 34, 34, 33, 31]","dict_values([27, 22, 25, 20, 23, 22, 29, 18, 25, 22, 21, 20, 24, 26, 17, 25, 19, 19, 20, 9, 11, 19, 24, 24, 20, 23, 22, 13, 28, 23, 14, 25, 16, 23, 36, 19, 21, 18, 23, 13, 26, 19, 17, 23, 11, 22, 18, 29, 27, 22, 25, 25, 24, 21, 23, 19, 19, 21, 17, 25, 19, 17, 22, 19, 11, 23, 26, 27, 23, 24, 22, 18, 26, 25, 25])",0.09441846571042374
36,43.17333333333333,0.29151748420449225,"{0: 0.017839548578163906, 1: 0.008663277413277415, 2: 0.008231233573699327, 3: 0.008277666582461105, 4: 0.011685918877699703, 5: 0.008499625035167428, 6: 0.011919067141669883, 7: 0.011610357780757636, 8: 0.009138360508223524, 9: 0.008434839513606638, 10: 0.012752087636389749, 11: 0.005958393030310838, 12: 0.006924023931613714, 13: 0.01358809808226691, 14: 0.010051997788021483, 15: 0.011024496256817623, 16: 0.013807262865482044, 17: 0.0045832782134152, 18: 0.007608245193861632, 19: 0.009455283855968787, 20: 0.010754175299713988, 21: 0.007640788805172367, 22: 0.012125876252588581, 23: 0.009092313801217911, 24: 0.00497628631190275, 25: 0.0106159452049863, 26: 0.007667607572735302, 27: 0.009590957707396066, 28: 0.007223070493618439, 29: 0.012932126801989815, 30: 0.007712357467077942, 31: 0.011622808327732432, 32: 0.009661864113918908, 33: 0.009441822626754134, 34: 0.007473464443105317, 35: 0.013330866755524293, 36: 0.012392372518251822, 37: 0.009408983895285265, 38: 0.006490534743959401, 39: 0.011266464714261827, 40: 0.010236709852592861, 41: 0.009494172637452905, 42: 0.010017853705376844, 43: 0.01636152008699214, 44: 0.007943100688843005, 45: 0.005705588068601768, 46: 0.012183199107023618, 47: 0.013846928658572493, 48: 0.009582132689315213, 49: 0.010539447696981945, 50: 0.00824869792150429, 51: 0.013300066972317993, 52: 0.0098891027829384, 53: 0.006921136373191167, 54: 0.008501301908836155, 55: 0.0060836929843779185, 56: 0.009604366004773261, 57: 0.011708802119761023, 58: 0.008048832877600002, 59: 0.006653065557175146, 60: 0.006294440112933264, 61: 0.014001084988682173, 62: 0.008145545016148496, 63: 0.00915935231003724, 64: 0.006972079917285398, 65: 0.007738815562306861, 66: 0.013182796392718646, 67: 0.008992321492321492, 68: 0.004539851115193581, 69: 0.017278782937335327, 70: 0.01043476480120316, 71: 0.006592089211952227, 72: 0.0054676071799359465, 73: 0.009787660558208504, 74: 0.013318136735389608}","[58, 57, 54, 52, 51, 50, 50, 50, 49, 49, 49, 49, 49, 49, 48, 48, 48, 47, 47, 47, 47, 46, 46, 46, 46, 46, 46, 45, 45, 45, 45, 44, 44, 44, 44, 43, 43, 43, 42, 41, 41, 41, 41, 41, 41, 41, 41, 41, 41, 41, 41, 40, 40, 40, 40, 40, 40, 39, 39, 39, 39, 39, 38, 38, 37, 37, 36, 36, 36, 35, 35, 34, 34, 32, 32]","dict_values([27, 22, 25, 20, 23, 22, 29, 18, 25, 22, 21, 20, 24, 26, 17, 25, 19, 19, 20, 9, 11, 19, 24, 24, 20, 23, 22, 13, 28, 23, 14, 25, 16, 23, 36, 19, 21, 18, 23, 13, 26, 19, 17, 23, 11, 22, 18, 29, 27, 22, 25, 25, 24, 21, 23, 19, 19, 21, 17, 25, 19, 17, 22, 19, 11, 23, 26, 27, 23, 24, 22, 18, 26, 25, 25])",0.09106193782068328
36,42.93333333333333,0.29017425717288464,"{0: 0.01731636500703513, 1: 0.008114085061685017, 2: 0.00827794721880923, 3: 0.00854866992103878, 4: 0.011929627661442909, 5: 0.00874995267997107, 6: 0.012532201472742824, 7: 0.011386566523604827, 8: 0.008687477923216495, 9: 0.007761696437238998, 10: 0.013042866482655744, 11: 0.006029325920878432, 12: 0.006970728909440747, 13: 0.013664888389038286, 14: 0.010820231229191212, 15: 0.011218801920220341, 16: 0.012568720584732662, 17: 0.004624215411886645, 18: 0.0076404580685402596, 19: 0.009482110452109426, 20: 0.010930521908388339, 21: 0.007926710129649947, 22: 0.012415890691761607, 23: 0.009348450908501765, 24: 0.005041667769978273, 25: 0.010766166759317445, 26: 0.007457775627743539, 27: 0.009815116464339186, 28: 0.007361458474472175, 29: 0.013375951012552522, 30: 0.007873182313975848, 31: 0.012027680792786518, 32: 0.009837682015585263, 33: 0.009520264434070808, 34: 0.007517390856894743, 35: 0.013423571285666177, 36: 0.01254603032031145, 37: 0.009220433747107097, 38: 0.0067374018168615685, 39: 0.011305053996385648, 40: 0.010357438861561097, 41: 0.00969917805957855, 42: 0.010469471337359775, 43: 0.01646188685640316, 44: 0.007264255251394161, 45: 0.005782409711020915, 46: 0.012293926376955698, 47: 0.013461854907461135, 48: 0.009664627870095283, 49: 0.010854641616697526, 50: 0.007869714035169917, 51: 0.012280659864078136, 52: 0.010018238131056931, 53: 0.007157858909949619, 54: 0.008464464242905137, 55: 0.006175001117859361, 56: 0.01000150135249869, 57: 0.011428544310707873, 58: 0.00822259809677079, 59: 0.006839762216282147, 60: 0.006197892402102037, 61: 0.014267743816984837, 62: 0.00826267652597407, 63: 0.008702827367210928, 64: 0.007096753555156495, 65: 0.007893770382688877, 66: 0.013365989897829956, 67: 0.009301920583190487, 68: 0.004730774336938719, 69: 0.017499269812560284, 70: 0.009753511088742733, 71: 0.006714511349632187, 72: 0.004933736440585756, 73: 0.009159213679569228, 74: 0.013821116633346672}","[57, 57, 54, 52, 50, 50, 50, 49, 49, 49, 49, 49, 48, 48, 48, 48, 47, 47, 47, 47, 47, 46, 46, 46, 46, 45, 45, 45, 45, 44, 44, 44, 44, 43, 43, 43, 43, 43, 41, 41, 41, 41, 41, 41, 41, 41, 41, 41, 41, 41, 40, 40, 40, 40, 40, 40, 40, 39, 39, 39, 39, 39, 38, 37, 37, 37, 36, 36, 35, 35, 34, 34, 33, 32, 32]","dict_values([27, 22, 25, 20, 23, 22, 29, 18, 25, 22, 21, 20, 24, 26, 17, 25, 19, 19, 20, 9, 11, 19, 24, 24, 20, 23, 22, 13, 28, 23, 14, 25, 16, 23, 36, 19, 21, 18, 23, 13, 26, 19, 17, 23, 11, 22, 18, 29, 27, 22, 25, 25, 24, 21, 23, 19, 19, 21, 17, 25, 19, 17, 22, 19, 11, 23, 26, 27, 23, 24, 22, 18, 26, 25, 25])",0.09117202268431002
36,42.85333333333333,0.2902544484366494,"{0: 0.01756570047665938, 1: 0.008096570489375926, 2: 0.009173935101098481, 3: 0.008501335627129144, 4: 0.012058112036502628, 5: 0.00880647613245898, 6: 0.012609627235100089, 7: 0.011163750250251715, 8: 0.008976084889905651, 9: 0.007933276574572557, 10: 0.013237826861807156, 11: 0.006297224133982124, 12: 0.007003912585719575, 13: 0.013763907161696448, 14: 0.01067623167108577, 15: 0.011895637056514937, 16: 0.012495281641430706, 17: 0.004753583349473761, 18: 0.007306273145314242, 19: 0.009512504489352779, 20: 0.010239393315556672, 21: 0.00840668954221363, 22: 0.01246973612231937, 23: 0.009606939694387811, 24: 0.005029117586195212, 25: 0.010842688924880706, 26: 0.00701697519619894, 27: 0.009861248702252244, 28: 0.007006284317928154, 29: 0.013873186098828703, 30: 0.008094928363193204, 31: 0.012214216300717761, 32: 0.00981528370551572, 33: 0.009704125576836059, 34: 0.007453241460090774, 35: 0.014699834205764714, 36: 0.011891076970985646, 37: 0.00935405562730432, 38: 0.0063593017812272855, 39: 0.011548926717118792, 40: 0.009621840838847187, 41: 0.009733574984941784, 42: 0.010427473053043831, 43: 0.016427147582493206, 44: 0.0073676990645751075, 45: 0.0057826413893347865, 46: 0.012795611341802455, 47: 0.01256169321962821, 48: 0.009690509754548063, 49: 0.010885028975852007, 50: 0.007306337138027748, 51: 0.012015895909939879, 52: 0.010073784419479932, 53: 0.006926658849982433, 54: 0.008754468984964672, 55: 0.006436889050980171, 56: 0.009263839728128439, 57: 0.011551116008622036, 58: 0.008151790320483562, 59: 0.0073607317383290885, 60: 0.00618569615702908, 61: 0.01419576542864214, 62: 0.008263084142079576, 63: 0.008206894508264369, 64: 0.006767951171559592, 65: 0.008023311986684387, 66: 0.012659515056775332, 67: 0.009212394123801015, 68: 0.004916930687478632, 69: 0.017626975086507693, 70: 0.009336013930442127, 71: 0.006812216413090675, 72: 0.005371318213783968, 73: 0.00880366349525192, 74: 0.01400946559622359}","[57, 57, 54, 52, 51, 50, 50, 50, 50, 49, 49, 49, 49, 48, 48, 47, 47, 47, 47, 47, 46, 46, 46, 46, 45, 45, 44, 44, 44, 44, 44, 43, 43, 43, 43, 43, 43, 42, 42, 42, 41, 41, 41, 41, 41, 41, 41, 41, 40, 40, 40, 40, 40, 40, 40, 40, 39, 39, 39, 39, 39, 38, 38, 37, 37, 36, 36, 36, 35, 35, 34, 34, 34, 33, 32]","dict_values([27, 22, 25, 20, 23, 22, 29, 18, 25, 22, 21, 20, 24, 26, 17, 25, 19, 19, 20, 9, 11, 19, 24, 24, 20, 23, 22, 13, 28, 23, 14, 25, 16, 23, 36, 19, 21, 18, 23, 13, 26, 19, 17, 23, 11, 22, 18, 29, 27, 22, 25, 25, 24, 21, 23, 19, 19, 21, 17, 25, 19, 17, 22, 19, 11, 23, 26, 27, 23, 24, 22, 18, 26, 25, 25])",0.088928764904941
36,42.8,0.28947239086825466,"{0: 0.017867972148794067, 1: 0.00807991435845317, 2: 0.00891800874677587, 3: 0.008545443733799897, 4: 0.012225652912793875, 5: 0.008845839182597176, 6: 0.01362792582780799, 7: 0.011173931818540745, 8: 0.008818150210476031, 9: 0.007985956113441751, 10: 0.01318215686863499, 11: 0.006369624634464817, 12: 0.007085855561330594, 13: 0.013900499488399031, 14: 0.009936352761142861, 15: 0.01207421693410057, 16: 0.011830385811274012, 17: 0.004757354414888662, 18: 0.006912693299679602, 19: 0.010185616338032012, 20: 0.010024648625694431, 21: 0.008451433296771343, 22: 0.012463409454866224, 23: 0.009133711427863733, 24: 0.005079229965074713, 25: 0.010772911629076013, 26: 0.007474047410893781, 27: 0.010056643032780904, 28: 0.00705692760487281, 29: 0.01353152382206735, 30: 0.008628740677827434, 31: 0.012088989497297056, 32: 0.009913955084451477, 33: 0.009606708518551207, 34: 0.007481215871626832, 35: 0.013770449301271217, 36: 0.011813313297331563, 37: 0.00881524037916732, 38: 0.006035192270278439, 39: 0.011604979081779791, 40: 0.009570529433543135, 41: 0.009850138825319264, 42: 0.010766348665892045, 43: 0.01686454118513332, 44: 0.007646944718862527, 45: 0.006131478791296143, 46: 0.012189589501233337, 47: 0.01245088172010399, 48: 0.009775745848805212, 49: 0.010969255375648069, 50: 0.007695756925208982, 51: 0.011726336140830176, 52: 0.010163028770334709, 53: 0.00695841652720427, 54: 0.008820649074184204, 55: 0.0061251265046006545, 56: 0.009267824969695642, 57: 0.011505152212546525, 58: 0.008167366397591762, 59: 0.007777012411347365, 60: 0.006628009458875566, 61: 0.014389184252197956, 62: 0.008322925160824704, 63: 0.00827444132238653, 64: 0.006578698530753326, 65: 0.008158926837119503, 66: 0.011837265347539322, 67: 0.009399960121715904, 68: 0.004924233177657835, 69: 0.017538138678954707, 70: 0.009230157617254391, 71: 0.006462457860859688, 72: 0.0061149367656216985, 73: 0.00881440265830456, 74: 0.013987979513093671}","[58, 57, 54, 52, 50, 50, 50, 49, 49, 49, 49, 49, 49, 48, 48, 48, 47, 47, 47, 47, 46, 46, 46, 45, 45, 44, 44, 44, 44, 44, 44, 43, 43, 43, 43, 43, 42, 42, 42, 42, 41, 41, 41, 41, 41, 41, 41, 41, 40, 40, 40, 40, 40, 40, 40, 40, 39, 39, 39, 39, 38, 38, 38, 37, 37, 37, 37, 36, 35, 35, 34, 34, 33, 33, 32]","dict_values([27, 22, 25, 20, 23, 22, 29, 18, 25, 22, 21, 20, 24, 26, 17, 25, 19, 19, 20, 9, 11, 19, 24, 24, 20, 23, 22, 13, 28, 23, 14, 25, 16, 23, 36, 19, 21, 18, 23, 13, 26, 19, 17, 23, 11, 22, 18, 29, 27, 22, 25, 25, 24, 21, 23, 19, 19, 21, 17, 25, 19, 17, 22, 19, 11, 23, 26, 27, 23, 24, 22, 18, 26, 25, 25])",0.09335041391290844
36,42.77333333333333,0.289663538964854,"{0: 0.017211030084441536, 1: 0.008059555511692826, 2: 0.009538242445900475, 3: 0.008421542924967582, 4: 0.013267727189166372, 5: 0.008427007041081734, 6: 0.013578010139942804, 7: 0.010350570245384336, 8: 0.008849365955530339, 9: 0.00814762915917043, 10: 0.013179084509808581, 11: 0.006556814897123293, 12: 0.007139944530603055, 13: 0.01349481723821549, 14: 0.009839758127429361, 15: 0.011712454080360146, 16: 0.01190744488465706, 17: 0.005304557016885785, 18: 0.006884510007962723, 19: 0.010177559712784763, 20: 0.009999644287480564, 21: 0.008543646532883323, 22: 0.012846037246722177, 23: 0.00873784807248604, 24: 0.004621728300788965, 25: 0.010764408367148096, 26: 0.008307867499772106, 27: 0.010083341932657001, 28: 0.007127625362011046, 29: 0.013705777060762566, 30: 0.00868699295493557, 31: 0.011612646372920346, 32: 0.009357533053392812, 33: 0.009638091658639608, 34: 0.0074726245045486795, 35: 0.013739547558040716, 36: 0.011349776117064449, 37: 0.008864051213979303, 38: 0.006058509140700922, 39: 0.011573895478005069, 40: 0.009583249744579999, 41: 0.009764960376506364, 42: 0.0108887348613376, 43: 0.01753549869870338, 44: 0.007725001560617999, 45: 0.006108458194198416, 46: 0.012173042628769648, 47: 0.012872135666738735, 48: 0.010251076261350236, 49: 0.01086701309304049, 50: 0.007406274163371043, 51: 0.011478091615077918, 52: 0.009434156180731524, 53: 0.0069456410699072135, 54: 0.00893850530857463, 55: 0.006443294713842659, 56: 0.009142422584203407, 57: 0.011783778420481792, 58: 0.007428526520992275, 59: 0.007558488514946441, 60: 0.0071379541413787995, 61: 0.014883749503736301, 62: 0.008268023357146975, 63: 0.008701852366235928, 64: 0.006504552492810811, 65: 0.008034645918372607, 66: 0.011938062194911508, 67: 0.009412698343715957, 68: 0.004838561883571667, 69: 0.017666458253955016, 70: 0.00918850723156007, 71: 0.006538710917380194, 72: 0.0060482749695078475, 73: 0.008829909953238886, 74: 0.013936249217442484}","[59, 56, 54, 53, 50, 50, 50, 50, 49, 49, 49, 49, 48, 48, 48, 47, 47, 47, 47, 46, 46, 46, 45, 45, 45, 44, 44, 44, 44, 44, 43, 43, 43, 43, 43, 43, 43, 43, 42, 42, 41, 41, 41, 41, 41, 41, 40, 40, 40, 40, 40, 40, 40, 40, 39, 39, 39, 39, 39, 38, 38, 38, 38, 38, 38, 37, 37, 36, 36, 35, 35, 34, 33, 33, 32]","dict_values([27, 22, 25, 20, 23, 22, 29, 18, 25, 22, 21, 20, 24, 26, 17, 25, 19, 19, 20, 9, 11, 19, 24, 24, 20, 23, 22, 13, 28, 23, 14, 25, 16, 23, 36, 19, 21, 18, 23, 13, 26, 19, 17, 23, 11, 22, 18, 29, 27, 22, 25, 25, 24, 21, 23, 19, 19, 21, 17, 25, 19, 17, 22, 19, 11, 23, 26, 27, 23, 24, 22, 18, 26, 25, 25])",0.09300315296546663
36,42.53333333333333,0.2883633318105788,"{0: 0.01768158874323258, 1: 0.008006654068297904, 2: 0.008453774720898009, 3: 0.008458755290947072, 4: 0.013011684672643579, 5: 0.008266478720653544, 6: 0.012930347005689473, 7: 0.0105034943709112, 8: 0.009345288626110544, 9: 0.008276634267338769, 10: 0.013195534697491643, 11: 0.006395356529896647, 12: 0.006639182324113832, 13: 0.014048034424746756, 14: 0.009997910283298411, 15: 0.011410521729341039, 16: 0.011983265742235086, 17: 0.005384037575818399, 18: 0.007281715957515044, 19: 0.01036306774646631, 20: 0.010701337699054594, 21: 0.008677936221967532, 22: 0.013517284807239148, 23: 0.008828576587872087, 24: 0.004607044096607045, 25: 0.010592028143398005, 26: 0.007732071088235473, 27: 0.010245212128773771, 28: 0.0075750328196512165, 29: 0.013700634003960814, 30: 0.008789054732466342, 31: 0.011331140269496436, 32: 0.009072618971510033, 33: 0.009613825538483072, 34: 0.007815598275480859, 35: 0.013811574856095405, 36: 0.011412317063001994, 37: 0.008895790598334629, 38: 0.005626545695038845, 39: 0.011887258120134834, 40: 0.009437314916766972, 41: 0.010017701553905077, 42: 0.011090446535652018, 43: 0.017768758962496734, 44: 0.007819674229491582, 45: 0.006058479859849722, 46: 0.012359728455618868, 47: 0.013305347694617102, 48: 0.010198988281180063, 49: 0.010771068990247074, 50: 0.007345100495785426, 51: 0.010915509374413485, 52: 0.009576359405126529, 53: 0.00725464497480153, 54: 0.008529087124977536, 55: 0.006540341643081369, 56: 0.008897998966492116, 57: 0.012081652582304899, 58: 0.007251852685642639, 59: 0.0072480175138361705, 60: 0.007298035893926307, 61: 0.015066656162546575, 62: 0.008935478627259448, 63: 0.008923440087823647, 64: 0.006591875354106274, 65: 0.007609593796808409, 66: 0.01203649722485339, 67: 0.009549045997186898, 68: 0.005282924885012296, 69: 0.018191059189102243, 70: 0.008897897380447937, 71: 0.005913141313500086, 72: 0.006459031972730602, 73: 0.008519876499328553, 74: 0.013252991106872386}","[59, 56, 54, 53, 50, 50, 49, 49, 49, 49, 49, 49, 48, 47, 47, 47, 47, 47, 46, 46, 46, 45, 45, 45, 45, 44, 44, 44, 44, 43, 43, 43, 43, 43, 43, 42, 42, 42, 42, 41, 41, 41, 41, 41, 40, 40, 40, 40, 40, 40, 40, 40, 40, 40, 39, 39, 39, 38, 38, 38, 38, 38, 37, 37, 37, 37, 36, 36, 36, 36, 35, 34, 33, 33, 32]","dict_values([27, 22, 25, 20, 23, 22, 29, 18, 25, 22, 21, 20, 24, 26, 17, 25, 19, 19, 20, 9, 11, 19, 24, 24, 20, 23, 22, 13, 28, 23, 14, 25, 16, 23, 36, 19, 21, 18, 23, 13, 26, 19, 17, 23, 11, 22, 18, 29, 27, 22, 25, 25, 24, 21, 23, 19, 19, 21, 17, 25, 19, 17, 22, 19, 11, 23, 26, 27, 23, 24, 22, 18, 26, 25, 25])",0.09138510824382622
36,42.64,0.2887323425918533,"{0: 0.017845507217442786, 1: 0.008374525565509957, 2: 0.008467384510710411, 3: 0.008467650505321738, 4: 0.013156658873845876, 5: 0.00819870205351329, 6: 0.01339376799714487, 7: 0.010412382669423183, 8: 0.009835671650740143, 9: 0.008934105058610135, 10: 0.012320489795915483, 11: 0.0063914717458270895, 12: 0.006175054589056411, 13: 0.014063471271363818, 14: 0.010209988398462657, 15: 0.011474572858185114, 16: 0.011835134912889431, 17: 0.0053342403799024815, 18: 0.006927054270953603, 19: 0.011139628568689235, 20: 0.010518762925452221, 21: 0.008397634743035917, 22: 0.013940829808409725, 23: 0.0085827047666578, 24: 0.0047633551547445864, 25: 0.010612054247898997, 26: 0.0076545003074152485, 27: 0.01020842253718966, 28: 0.007922032549416157, 29: 0.01358911846157557, 30: 0.008773365934659366, 31: 0.010706806467316622, 32: 0.008969839266680844, 33: 0.009721937861207269, 34: 0.007910504176742106, 35: 0.013279978034544246, 36: 0.01219958800947695, 37: 0.008778571261884116, 38: 0.005415277675551648, 39: 0.011493218322851453, 40: 0.009605818599046183, 41: 0.010385735696148006, 42: 0.010923686417703107, 43: 0.017670600099741196, 44: 0.00770467477580531, 45: 0.006629632901269304, 46: 0.01161292121020126, 47: 0.013220016284288347, 48: 0.010113434074227651, 49: 0.01117212812418292, 50: 0.007553928186871908, 51: 0.010500205971391612, 52: 0.009481791730650179, 53: 0.007401157792547225, 54: 0.00791495217665973, 55: 0.0064220416960143, 56: 0.008557882979233948, 57: 0.01194267313197364, 58: 0.006695816113624333, 59: 0.007178485994532961, 60: 0.007341432170199293, 61: 0.015055624477552173, 62: 0.008777369780352283, 63: 0.009513618246494958, 64: 0.0069294030318166, 65: 0.0073540999552468185, 66: 0.01199292269497749, 67: 0.00940411348924069, 68: 0.005306287807918599, 69: 0.018776090939844944, 70: 0.008737136489093437, 71: 0.005929906284602957, 72: 0.006316272069696726, 73: 0.009077084658480006, 74: 0.012911567623973292}","[59, 56, 55, 53, 50, 49, 49, 49, 49, 49, 49, 48, 48, 48, 48, 47, 47, 47, 47, 46, 46, 45, 45, 45, 44, 44, 44, 44, 44, 44, 44, 44, 44, 43, 43, 42, 42, 42, 42, 42, 41, 41, 41, 41, 41, 40, 40, 40, 40, 40, 40, 40, 40, 40, 39, 39, 39, 39, 38, 38, 38, 38, 37, 37, 37, 37, 36, 36, 36, 35, 35, 34, 34, 33, 32]","dict_values([27, 22, 25, 20, 23, 22, 29, 18, 25, 22, 21, 20, 24, 26, 17, 25, 19, 19, 20, 9, 11, 19, 24, 24, 20, 23, 22, 13, 28, 23, 14, 25, 16, 23, 36, 19, 21, 18, 23, 13, 26, 19, 17, 23, 11, 22, 18, 29, 27, 22, 25, 25, 24, 21, 23, 19, 19, 21, 17, 25, 19, 17, 22, 19, 11, 23, 26, 27, 23, 24, 22, 18, 26, 25, 25])",0.09906167902781637
36,42.53333333333333,0.28759861663303693,"{0: 0.018091656412004848, 1: 0.008382307868609239, 2: 0.008271467903317219, 3: 0.00828992447143132, 4: 0.013222524888891148, 5: 0.008243224997172081, 6: 0.013308881488964839, 7: 0.010285988249933008, 8: 0.009162212778733657, 9: 0.008147094478459955, 10: 0.012822851606942796, 11: 0.006404044631784358, 12: 0.005953043504708597, 13: 0.013511439828006221, 14: 0.010089467802203489, 15: 0.011666461213195624, 16: 0.011944691511761162, 17: 0.005472183374130023, 18: 0.007524740057439349, 19: 0.010153450369451356, 20: 0.010698331221654657, 21: 0.008485279889389477, 22: 0.015473120385506054, 23: 0.008180233522699277, 24: 0.004876744965868583, 25: 0.010571726050276882, 26: 0.007660499056047, 27: 0.010349156582033293, 28: 0.008292273996131243, 29: 0.013678265176552847, 30: 0.008900450444862559, 31: 0.010782061850791185, 32: 0.008576717308046735, 33: 0.009145632636079643, 34: 0.007447375980382595, 35: 0.013573375158631112, 36: 0.0120371509911543, 37: 0.008748051033559323, 38: 0.005468675674155126, 39: 0.011650928850665323, 40: 0.009646225519839496, 41: 0.010482136612757351, 42: 0.01009302023306516, 43: 0.017882504886395513, 44: 0.007435813019827097, 45: 0.007162204161122689, 46: 0.011563354495463184, 47: 0.01251645639238368, 48: 0.009636805032653897, 49: 0.011274495557119927, 50: 0.007943538219282197, 51: 0.010465606792956815, 52: 0.009612943206129944, 53: 0.007936965628926693, 54: 0.008031470617087056, 55: 0.006153942174737685, 56: 0.008799820092919049, 57: 0.011625746855363954, 58: 0.0067060412300963546, 59: 0.007240996408969673, 60: 0.0074116055280438855, 61: 0.015187113248934226, 62: 0.008807543715432235, 63: 0.010225502520023069, 64: 0.0070448454642042255, 65: 0.007430459891158852, 66: 0.012141005976622416, 67: 0.009437521062734967, 68: 0.005489859953532958, 69: 0.01904406864799083, 70: 0.009406212615281767, 71: 0.005594961317852884, 72: 0.0065056888996482985, 73: 0.009173864182425825, 74: 0.013148247073519742}","[59, 56, 55, 53, 51, 49, 49, 49, 49, 48, 48, 48, 48, 48, 47, 47, 47, 47, 47, 46, 46, 45, 45, 45, 45, 44, 44, 44, 44, 44, 44, 43, 43, 43, 43, 43, 42, 42, 41, 41, 41, 41, 41, 40, 40, 40, 40, 40, 40, 40, 40, 40, 40, 40, 40, 39, 39, 39, 38, 38, 38, 38, 37, 37, 37, 36, 36, 36, 35, 35, 34, 34, 34, 33, 32]","dict_values([27, 22, 25, 20, 23, 22, 29, 18, 25, 22, 21, 20, 24, 26, 17, 25, 19, 19, 20, 9, 11, 19, 24, 24, 20, 23, 22, 13, 28, 23, 14, 25, 16, 23, 36, 19, 21, 18, 23, 13, 26, 19, 17, 23, 11, 22, 18, 29, 27, 22, 25, 25, 24, 21, 23, 19, 19, 21, 17, 25, 19, 17, 22, 19, 11, 23, 26, 27, 23, 24, 22, 18, 26, 25, 25])",0.09943259205393029
36,42.373333333333335,0.2870550851419663,"{0: 0.01817502403946213, 1: 0.008853788810907755, 2: 0.008348513958739612, 3: 0.008427140671754287, 4: 0.013494977366848036, 5: 0.007943305627251538, 6: 0.014122383547649092, 7: 0.010461985367356673, 8: 0.00866273132731378, 9: 0.00761823203185018, 10: 0.012057382097950703, 11: 0.006369225111938605, 12: 0.005492202444056232, 13: 0.01444267024924144, 14: 0.01031601886880583, 15: 0.010662118301149172, 16: 0.012146316305528959, 17: 0.0051184182943375435, 18: 0.0074252834607285035, 19: 0.010285175103296353, 20: 0.010045059232811257, 21: 0.009061997461878019, 22: 0.015595186749196866, 23: 0.00816459190513576, 24: 0.0049956919524704125, 25: 0.010694005898866134, 26: 0.008220089414247145, 27: 0.010306184049751163, 28: 0.008380439715088818, 29: 0.012723393130608279, 30: 0.008451872134929409, 31: 0.01088181635148619, 32: 0.0085568744699741, 33: 0.009326977483464954, 34: 0.007531060698964795, 35: 0.013744010727806016, 36: 0.012250129310236642, 37: 0.008930779118210374, 38: 0.006122930371550286, 39: 0.011800983187068263, 40: 0.009351502892644008, 41: 0.010258596266499595, 42: 0.010421080313723605, 43: 0.017370319552254335, 44: 0.00823581603856571, 45: 0.006649455436919121, 46: 0.011580132872557923, 47: 0.011948050212789451, 48: 0.009316549915265714, 49: 0.011357401975642787, 50: 0.007677776180130873, 51: 0.010598448640116342, 52: 0.009934542483084362, 53: 0.00761715404363889, 54: 0.007966494209320768, 55: 0.006705821512959222, 56: 0.008927350276622857, 57: 0.011572470837262441, 58: 0.0063612308733259435, 59: 0.007277685333151112, 60: 0.007495366243577243, 61: 0.015710031900646883, 62: 0.008891837301538327, 63: 0.010316583223253538, 64: 0.007094604437387176, 65: 0.007091362726720873, 66: 0.012202391823970274, 67: 0.009555750701111119, 68: 0.005274766946107803, 69: 0.019370105393275553, 70: 0.009573942193805206, 71: 0.005336099551629224, 72: 0.006515280298627967, 73: 0.00855260503828492, 74: 0.01441230456717257}","[58, 56, 55, 54, 51, 49, 49, 49, 49, 48, 48, 48, 48, 48, 47, 47, 47, 47, 47, 46, 46, 45, 45, 45, 45, 44, 44, 44, 44, 44, 43, 43, 42, 42, 42, 42, 42, 42, 42, 41, 41, 40, 40, 40, 40, 40, 40, 40, 40, 40, 40, 39, 39, 39, 39, 39, 39, 38, 38, 38, 38, 38, 38, 37, 36, 36, 36, 36, 35, 35, 35, 33, 33, 33, 32]","dict_values([27, 22, 25, 20, 23, 22, 29, 18, 25, 22, 21, 20, 24, 26, 17, 25, 19, 19, 20, 9, 11, 19, 24, 24, 20, 23, 22, 13, 28, 23, 14, 25, 16, 23, 36, 19, 21, 18, 23, 13, 26, 19, 17, 23, 11, 22, 18, 29, 27, 22, 25, 25, 24, 21, 23, 19, 19, 21, 17, 25, 19, 17, 22, 19, 11, 23, 26, 27, 23, 24, 22, 18, 26, 25, 25])",0.0927090392135041
36,42.18666666666667,0.2862690868785203,"{0: 0.018469414865356183, 1: 0.00903639760785938, 2: 0.008384403844528626, 3: 0.008656602406602406, 4: 0.01371289268003212, 5: 0.008021456198283558, 6: 0.014188150284221027, 7: 0.010461093902489933, 8: 0.008796077106579392, 9: 0.008464640976365099, 10: 0.011916314952331575, 11: 0.005935792551654481, 12: 0.005162246144546431, 13: 0.014192844256737036, 14: 0.010593851061887595, 15: 0.009762018466356366, 16: 0.012296072709066063, 17: 0.005155057209851729, 18: 0.008222387074444204, 19: 0.010605652140527213, 20: 0.010031004218297949, 21: 0.009326283698109157, 22: 0.016021465294235135, 23: 0.008456780847884432, 24: 0.005093205150282775, 25: 0.011964114162167873, 26: 0.008535376654135196, 27: 0.009947631865440086, 28: 0.007852871829713007, 29: 0.012990716438385355, 30: 0.008416501556015426, 31: 0.011673461644602173, 32: 0.008731238683308464, 33: 0.009286525696022386, 34: 0.007490009833311465, 35: 0.014093809281588257, 36: 0.011829648601246917, 37: 0.008630266172989624, 38: 0.006306558509498328, 39: 0.01182065854414631, 40: 0.009521763088146352, 41: 0.010419692782706482, 42: 0.00996509291600616, 43: 0.018079583297043404, 44: 0.007781477615952503, 45: 0.00670187379939177, 46: 0.011691026474982361, 47: 0.012077366166893271, 48: 0.009598318844894189, 49: 0.011140286397135714, 50: 0.00776963515604503, 51: 0.010550748872666682, 52: 0.010136904880055564, 53: 0.008013907037879641, 54: 0.008123906167443398, 55: 0.00686541487911351, 56: 0.00880482928979671, 57: 0.011285186291809048, 58: 0.005535260227041049, 59: 0.007369789264766434, 60: 0.007592665446290195, 61: 0.013912236334904375, 62: 0.008900196353064929, 63: 0.010373549688618183, 64: 0.00716859101562298, 65: 0.007105233990573556, 66: 0.01195979463083511, 67: 0.009353233531123327, 68: 0.005351844912347197, 69: 0.019023021195305204, 70: 0.009251501728478282, 71: 0.00533262853468333, 72: 0.006444415690991031, 73: 0.00826706920664604, 74: 0.014209270720923598}","[59, 56, 54, 52, 51, 49, 49, 49, 49, 48, 48, 48, 48, 47, 47, 47, 47, 47, 47, 46, 45, 45, 45, 45, 45, 44, 44, 44, 43, 43, 43, 42, 42, 42, 42, 42, 42, 41, 41, 41, 41, 41, 40, 40, 40, 40, 40, 40, 40, 40, 39, 39, 39, 39, 39, 39, 39, 39, 38, 38, 38, 38, 38, 36, 36, 35, 35, 35, 35, 35, 34, 33, 33, 32, 32]","dict_values([27, 22, 25, 20, 23, 22, 29, 18, 25, 22, 21, 20, 24, 26, 17, 25, 19, 19, 20, 9, 11, 19, 24, 24, 20, 23, 22, 13, 28, 23, 14, 25, 16, 23, 36, 19, 21, 18, 23, 13, 26, 19, 17, 23, 11, 22, 18, 29, 27, 22, 25, 25, 24, 21, 23, 19, 19, 21, 17, 25, 19, 17, 22, 19, 11, 23, 26, 27, 23, 24, 22, 18, 26, 25, 25])",0.09755850025811874
36,41.973333333333336,0.2846967667798425,"{0: 0.017876578929709952, 1: 0.009100044286264364, 2: 0.008157451735817322, 3: 0.008789176819613945, 4: 0.012700953391124675, 5: 0.008015026060009695, 6: 0.012290244733129905, 7: 0.01059111930937858, 8: 0.00861902544698804, 9: 0.008607307391522623, 10: 0.012139329300204674, 11: 0.005655031055139559, 12: 0.005253512913895392, 13: 0.014700092598884194, 14: 0.01072675113354891, 15: 0.009873679563469306, 16: 0.012923459383971093, 17: 0.0046609962705853126, 18: 0.008628721832355354, 19: 0.010042727380470021, 20: 0.010020103928527696, 21: 0.009308509053747945, 22: 0.015624768628619883, 23: 0.008810866741872423, 24: 0.004680072190434754, 25: 0.0121215934859932, 26: 0.008961950845488105, 27: 0.0107196197787237, 28: 0.007857952630576074, 29: 0.013290969960289958, 30: 0.007979262508725424, 31: 0.012140439745300526, 32: 0.00858377733538701, 33: 0.009292598401571971, 34: 0.007112006811782884, 35: 0.014334697242549401, 36: 0.01224560093895864, 37: 0.008946296762992816, 38: 0.006421265772251406, 39: 0.011985856456287462, 40: 0.009883281229634236, 41: 0.011055156018520147, 42: 0.0109905846319555, 43: 0.0182762853271091, 44: 0.007605912038660069, 45: 0.006882328889724293, 46: 0.011584409508233128, 47: 0.012330294294221984, 48: 0.00976094277304854, 49: 0.011292438689698968, 50: 0.008106828874637451, 51: 0.00982409024728152, 52: 0.009928361907453472, 53: 0.008063200453250922, 54: 0.008250329735647788, 55: 0.006908113870396529, 56: 0.008349989803148718, 57: 0.011412797830953355, 58: 0.004765256934679259, 59: 0.006934510405127386, 60: 0.007637403289758786, 61: 0.014041005009638917, 62: 0.009542076962501414, 63: 0.010533196631233782, 64: 0.007407624653374928, 65: 0.007178165936654018, 66: 0.010860928650918074, 67: 0.009415926326198223, 68: 0.005260493822758886, 69: 0.019910394023554285, 70: 0.00935727600037346, 71: 0.005282498895806725, 72: 0.006515881508722568, 73: 0.008378103589490085, 74: 0.014189100395056125}","[59, 55, 55, 51, 51, 49, 49, 48, 48, 48, 48, 48, 47, 47, 47, 47, 47, 47, 47, 46, 45, 45, 45, 45, 45, 44, 44, 44, 43, 43, 43, 42, 42, 42, 42, 42, 41, 41, 41, 41, 41, 40, 40, 40, 40, 40, 40, 40, 40, 40, 39, 39, 39, 39, 39, 39, 39, 38, 38, 38, 38, 37, 37, 36, 35, 35, 35, 35, 34, 34, 33, 32, 32, 32, 31]","dict_values([27, 22, 25, 20, 23, 22, 29, 18, 25, 22, 21, 20, 24, 26, 17, 25, 19, 19, 20, 9, 11, 19, 24, 24, 20, 23, 22, 13, 28, 23, 14, 25, 16, 23, 36, 19, 21, 18, 23, 13, 26, 19, 17, 23, 11, 22, 18, 29, 27, 22, 25, 25, 24, 21, 23, 19, 19, 21, 17, 25, 19, 17, 22, 19, 11, 23, 26, 27, 23, 24, 22, 18, 26, 25, 25])",0.09805745847790256
36,42.053333333333335,0.2849239340954205,"{0: 0.01796282077844454, 1: 0.009529809221555184, 2: 0.008642160299885394, 3: 0.009035815714520366, 4: 0.012676529055016532, 5: 0.007804818346070815, 6: 0.011897362550012362, 7: 0.010763582549437689, 8: 0.009163516744903993, 9: 0.009141508416336291, 10: 0.011931225079470342, 11: 0.005186088022510263, 12: 0.005292531277565412, 13: 0.014327760542327735, 14: 0.01050294402269745, 15: 0.009841893527538174, 16: 0.01330551444167099, 17: 0.004563275796152509, 18: 0.008702154993363449, 19: 0.010099576228616212, 20: 0.010025521414665188, 21: 0.009811489559924868, 22: 0.015596222453395123, 23: 0.008731672032368552, 24: 0.004754454799063939, 25: 0.012205154249219837, 26: 0.008956752450789886, 27: 0.01021069560052359, 28: 0.007644834272606868, 29: 0.013181560646833113, 30: 0.00810197186020279, 31: 0.011934003691731922, 32: 0.008665520151159754, 33: 0.009684800289142488, 34: 0.007638433206554019, 35: 0.0130857540707442, 36: 0.012421231068247104, 37: 0.00883602887747011, 38: 0.006571066234892358, 39: 0.011917183560053083, 40: 0.010281944548850465, 41: 0.011349917493722689, 42: 0.010823831667558285, 43: 0.01817500981445751, 44: 0.007607037183446695, 45: 0.0068375909940437685, 46: 0.011673730760963346, 47: 0.01220077601676557, 48: 0.009683940628545376, 49: 0.011603110062014171, 50: 0.007434200431101939, 51: 0.009073403111390892, 52: 0.010084085355740522, 53: 0.008040000434943274, 54: 0.00874335375529689, 55: 0.006230363363878898, 56: 0.008471285271205834, 57: 0.01137595394826304, 58: 0.004846422426803655, 59: 0.006291512144712297, 60: 0.007875048149269115, 61: 0.013973236915630181, 62: 0.009490773223062295, 63: 0.010463754524120442, 64: 0.007908982175280396, 65: 0.00712293671529238, 66: 0.010718961088823772, 67: 0.009410899706424811, 68: 0.005605884518629452, 69: 0.01968224242086243, 70: 0.009522455401492658, 71: 0.00534239005158829, 72: 0.006677114325072226, 73: 0.00836372933290287, 74: 0.014173511855745894}","[59, 55, 55, 51, 51, 49, 48, 48, 48, 48, 48, 48, 48, 47, 47, 47, 47, 46, 46, 46, 45, 45, 45, 45, 45, 45, 44, 43, 43, 43, 43, 43, 42, 42, 42, 42, 42, 42, 41, 41, 41, 41, 41, 41, 40, 40, 40, 40, 40, 40, 39, 39, 39, 39, 39, 39, 39, 38, 38, 38, 38, 38, 37, 36, 36, 35, 35, 34, 34, 34, 33, 33, 32, 32, 31]","dict_values([27, 22, 25, 20, 23, 22, 29, 18, 25, 22, 21, 20, 24, 26, 17, 25, 19, 19, 20, 9, 11, 19, 24, 24, 20, 23, 22, 13, 28, 23, 14, 25, 16, 23, 36, 19, 21, 18, 23, 13, 26, 19, 17, 23, 11, 22, 18, 29, 27, 22, 25, 25, 24, 21, 23, 19, 19, 21, 17, 25, 19, 17, 22, 19, 11, 23, 26, 27, 23, 24, 22, 18, 26, 25, 25])",0.09689701636033839
36,41.86666666666667,0.28447894568845894,"{0: 0.018478475970510302, 1: 0.009531461062163566, 2: 0.008657844152215507, 3: 0.009180487177062518, 4: 0.012986596829230642, 5: 0.00831350923899209, 6: 0.011657122173448253, 7: 0.010385615692551265, 8: 0.009438781598677679, 9: 0.009261596801123772, 10: 0.01221558516489818, 11: 0.005250153424234531, 12: 0.005309957454034371, 13: 0.014277219233527627, 14: 0.010627929203744037, 15: 0.009899360203446176, 16: 0.013555434198115791, 17: 0.004928846709668627, 18: 0.00863241514530757, 19: 0.009645252288143173, 20: 0.010229952351381398, 21: 0.009580673160184775, 22: 0.01562274427538273, 23: 0.009261559053101638, 24: 0.005114622479998012, 25: 0.011618126230563502, 26: 0.00833722523447519, 27: 0.010317809674321648, 28: 0.00800093163530706, 29: 0.013274779405415965, 30: 0.00759968828901862, 31: 0.012192162996598107, 32: 0.008763310475785949, 33: 0.009901301815008314, 34: 0.007701770612784676, 35: 0.013556715335275688, 36: 0.013483114634769923, 37: 0.00907758703256171, 38: 0.006297198844846254, 39: 0.012125581565647492, 40: 0.009986257739833736, 41: 0.011482764124228998, 42: 0.01006412957498509, 43: 0.0180939264711252, 44: 0.0076768006385389475, 45: 0.006627324957719641, 46: 0.0116496732010969, 47: 0.01231976930462117, 48: 0.009409926383816991, 49: 0.010867901278860184, 50: 0.007133706942714179, 51: 0.009536406194524215, 52: 0.009983746960355904, 53: 0.008218115742669892, 54: 0.008873197358386178, 55: 0.006238891211730137, 56: 0.00811346128232787, 57: 0.011458721280359185, 58: 0.004865210173429352, 59: 0.00614181355607457, 60: 0.007045970111783096, 61: 0.013742891334109374, 62: 0.010051460460162762, 63: 0.010557048827596772, 64: 0.008812374975332523, 65: 0.006903743829656738, 66: 0.010258488014578791, 67: 0.009608818217185266, 68: 0.005763974180476707, 69: 0.01993225313416255, 70: 0.008801131949532066, 71: 0.005283126728568391, 72: 0.006267944352497966, 73: 0.008913502833824046, 74: 0.013825472129506656}","[59, 56, 55, 51, 50, 49, 49, 48, 48, 48, 47, 47, 47, 47, 47, 47, 47, 46, 45, 45, 45, 45, 45, 45, 45, 44, 44, 44, 44, 43, 43, 42, 42, 42, 42, 41, 41, 41, 41, 41, 41, 41, 41, 40, 40, 40, 40, 40, 40, 40, 40, 39, 39, 39, 38, 38, 38, 38, 38, 38, 37, 36, 36, 36, 35, 35, 35, 35, 34, 33, 33, 33, 32, 32, 32]","dict_values([27, 22, 25, 20, 23, 22, 29, 18, 25, 22, 21, 20, 24, 26, 17, 25, 19, 19, 20, 9, 11, 19, 24, 24, 20, 23, 22, 13, 28, 23, 14, 25, 16, 23, 36, 19, 21, 18, 23, 13, 26, 19, 17, 23, 11, 22, 18, 29, 27, 22, 25, 25, 24, 21, 23, 19, 19, 21, 17, 25, 19, 17, 22, 19, 11, 23, 26, 27, 23, 24, 22, 18, 26, 25, 25])",0.10118625502048766
36,41.78666666666667,0.2840499801760766,"{0: 0.01662973320108335, 1: 0.00978015774290059, 2: 0.007882695896394527, 3: 0.009613519887492488, 4: 0.0131301691456069, 5: 0.00799452805971008, 6: 0.011385159958334109, 7: 0.010364926879378586, 8: 0.009526300480161757, 9: 0.009286078969735862, 10: 0.012106357648342442, 11: 0.006013970654381613, 12: 0.0056751300812313684, 13: 0.014478137339587926, 14: 0.010445929026259128, 15: 0.010281785582787842, 16: 0.01337195853315362, 17: 0.004594224289415154, 18: 0.00794194788483515, 19: 0.009615564844072166, 20: 0.010172779667179334, 21: 0.010445532354328319, 22: 0.01548375996420211, 23: 0.008518866891253338, 24: 0.00481953776710508, 25: 0.01080369321067211, 26: 0.008565220272994197, 27: 0.010913626617885041, 28: 0.008102707002968116, 29: 0.013168909153778767, 30: 0.007795021243729363, 31: 0.012426142151616495, 32: 0.008946240917769693, 33: 0.010377302391859324, 34: 0.008591634728017251, 35: 0.013596017004456153, 36: 0.013721404514933, 37: 0.009327732063196915, 38: 0.00585637941246975, 39: 0.012451951740619624, 40: 0.010151784354994836, 41: 0.011458355194668495, 42: 0.009959413371374558, 43: 0.020475406752690908, 44: 0.0077001740169020194, 45: 0.006603326359898, 46: 0.011528116221821628, 47: 0.012394434867385196, 48: 0.009441101016606005, 49: 0.01012458786431389, 50: 0.006524966312735549, 51: 0.009691131417513538, 52: 0.00955652398592819, 53: 0.008782213076482148, 54: 0.009592892157831419, 55: 0.006185608004059664, 56: 0.00763567162156931, 57: 0.011536669632305046, 58: 0.0044158789345757135, 59: 0.006174773340052494, 60: 0.007066577266454506, 61: 0.012747144078254391, 62: 0.010273460118833292, 63: 0.01039703151615893, 64: 0.008836322602019876, 65: 0.00687936510904225, 66: 0.010306283517279333, 67: 0.009509794458922664, 68: 0.006405975727202895, 69: 0.01995470184375554, 70: 0.008763194141110063, 71: 0.00448446357105666, 72: 0.006338798875407284, 73: 0.008593388682611402, 74: 0.01429329571565284}","[60, 55, 55, 51, 49, 49, 49, 48, 48, 48, 47, 47, 47, 47, 47, 46, 46, 46, 46, 45, 45, 45, 45, 45, 45, 45, 44, 44, 44, 44, 43, 43, 42, 42, 42, 42, 42, 41, 41, 41, 41, 41, 41, 41, 40, 40, 40, 40, 39, 39, 39, 39, 39, 38, 38, 38, 38, 38, 38, 37, 37, 36, 36, 36, 35, 35, 34, 34, 34, 34, 33, 32, 32, 31, 30]","dict_values([27, 22, 25, 20, 23, 22, 29, 18, 25, 22, 21, 20, 24, 26, 17, 25, 19, 19, 20, 9, 11, 19, 24, 24, 20, 23, 22, 13, 28, 23, 14, 25, 16, 23, 36, 19, 21, 18, 23, 13, 26, 19, 17, 23, 11, 22, 18, 29, 27, 22, 25, 25, 24, 21, 23, 19, 19, 21, 17, 25, 19, 17, 22, 19, 11, 23, 26, 27, 23, 24, 22, 18, 26, 25, 25])",0.09296030240819649
36,41.81333333333333,0.28411358186750896,"{0: 0.016794062904952153, 1: 0.009752277693437617, 2: 0.00786618098261934, 3: 0.009256304835509594, 4: 0.013081595181201585, 5: 0.007788018372776075, 6: 0.010700490238695667, 7: 0.010665801585204982, 8: 0.009888289991893163, 9: 0.009159212251527578, 10: 0.011174971401866346, 11: 0.006339471040317133, 12: 0.005626480960126441, 13: 0.014171336330084855, 14: 0.01091137363105547, 15: 0.009997369451789941, 16: 0.013378070988005494, 17: 0.004357635350786037, 18: 0.007320101273469322, 19: 0.009564977877174727, 20: 0.01010677155205668, 21: 0.009913180361708886, 22: 0.015309191230721319, 23: 0.0090712335115583, 24: 0.005045621450566321, 25: 0.011690145443688195, 26: 0.0080471169931089, 27: 0.011067441583550375, 28: 0.008125333446734205, 29: 0.01253807077181859, 30: 0.007002348333266834, 31: 0.011523057147920918, 32: 0.00912311376426494, 33: 0.01099223802503484, 34: 0.008049955596512032, 35: 0.0138332583338055, 36: 0.014292970101578475, 37: 0.009294081673723923, 38: 0.005857277029393689, 39: 0.012826274155872805, 40: 0.009976435363470955, 41: 0.011426338220321143, 42: 0.009977943588185247, 43: 0.020200106257080484, 44: 0.00763414543577269, 45: 0.006624753087748913, 46: 0.011640730669275361, 47: 0.012324734836808661, 48: 0.009268959263695887, 49: 0.010878371853966005, 50: 0.006185693355649902, 51: 0.009296811430854238, 52: 0.009533498155363947, 53: 0.009421099492967272, 54: 0.01025085062049216, 55: 0.0063355854264370536, 56: 0.007652371878474951, 57: 0.010736045461354128, 58: 0.00454706536713201, 59: 0.006620937243918573, 60: 0.0075425904306999775, 61: 0.012854896318040258, 62: 0.009682611917430185, 63: 0.01247774515773188, 64: 0.008466550120740086, 65: 0.006341573204612319, 66: 0.010213242586567582, 67: 0.009162839210374455, 68: 0.006562123655756661, 69: 0.02032839049804244, 70: 0.008730432692240178, 71: 0.005279837276511951, 72: 0.006382325698229474, 73: 0.008561166282508954, 74: 0.014178939372061189}","[60, 55, 55, 51, 49, 49, 49, 48, 48, 47, 47, 47, 47, 47, 47, 47, 47, 46, 46, 46, 46, 45, 45, 45, 44, 44, 44, 44, 43, 43, 43, 43, 43, 43, 43, 42, 42, 41, 41, 41, 41, 41, 41, 41, 40, 40, 40, 39, 39, 39, 39, 39, 38, 38, 38, 38, 38, 37, 37, 37, 37, 37, 36, 36, 36, 35, 35, 34, 34, 34, 34, 32, 32, 31, 30]","dict_values([27, 22, 25, 20, 23, 22, 29, 18, 25, 22, 21, 20, 24, 26, 17, 25, 19, 19, 20, 9, 11, 19, 24, 24, 20, 23, 22, 13, 28, 23, 14, 25, 16, 23, 36, 19, 21, 18, 23, 13, 26, 19, 17, 23, 11, 22, 18, 29, 27, 22, 25, 25, 24, 21, 23, 19, 19, 21, 17, 25, 19, 17, 22, 19, 11, 23, 26, 27, 23, 24, 22, 18, 26, 25, 25])",0.09761354318513117
36,41.78666666666667,0.28379316484845335,"{0: 0.017496651541234788, 1: 0.0097749782349841, 2: 0.00783629191163438, 3: 0.00921144327671322, 4: 0.012533709527061662, 5: 0.007828751843777975, 6: 0.01080790222364041, 7: 0.01032957390074884, 8: 0.00982397364395947, 9: 0.009627576592772935, 10: 0.011369466125775789, 11: 0.005507920037533253, 12: 0.005654725090433517, 13: 0.01449863971203324, 14: 0.010891574879977294, 15: 0.011141765125294538, 16: 0.013567476718610666, 17: 0.005039234156754524, 18: 0.007323664695997838, 19: 0.00982295037110188, 20: 0.0098075946160138, 21: 0.009389631983359454, 22: 0.015278524969434312, 23: 0.009961074759730343, 24: 0.005730164493986906, 25: 0.011828623438956971, 26: 0.008059327444956608, 27: 0.010377968567612507, 28: 0.008094823956395696, 29: 0.011431873954404596, 30: 0.006974550342964842, 31: 0.01089717286328786, 32: 0.009675594012202504, 33: 0.01112975403710804, 34: 0.007723323955756137, 35: 0.013555643625741005, 36: 0.015253676682109113, 37: 0.008518975621219328, 38: 0.005924200355409409, 39: 0.012805651174246263, 40: 0.009792667784674846, 41: 0.011876380248393508, 42: 0.009534969507917013, 43: 0.02039469800981979, 44: 0.007680270704312885, 45: 0.007106199058253853, 46: 0.011528333436367378, 47: 0.01236298715373801, 48: 0.009006006019404638, 49: 0.010597807251993253, 50: 0.006234386647861417, 51: 0.009191427224871549, 52: 0.008923397727524283, 53: 0.009006207328867323, 54: 0.011199342066586224, 55: 0.006262587649780255, 56: 0.007587792125309204, 57: 0.011591799843853544, 58: 0.004493687541632748, 59: 0.006677829796737201, 60: 0.007933623090279623, 61: 0.013846346809205714, 62: 0.00985494758592094, 63: 0.011278721864394242, 64: 0.008455856347096868, 65: 0.006424735119346856, 66: 0.010132890953748497, 67: 0.008620365416865212, 68: 0.0064571683369962765, 69: 0.019145336208252615, 70: 0.008884175298817255, 71: 0.005412907898116751, 72: 0.006442948415633677, 73: 0.008330188086792619, 74: 0.014210151879067106}","[61, 56, 53, 51, 50, 49, 49, 48, 48, 47, 47, 47, 47, 47, 47, 47, 46, 46, 46, 45, 45, 45, 45, 45, 44, 44, 44, 43, 43, 43, 43, 43, 43, 43, 43, 42, 42, 41, 41, 41, 41, 41, 41, 40, 40, 40, 40, 40, 39, 39, 39, 38, 38, 38, 38, 38, 38, 38, 37, 37, 37, 37, 36, 36, 36, 35, 35, 34, 34, 34, 33, 32, 32, 32, 31]","dict_values([27, 22, 25, 20, 23, 22, 29, 18, 25, 22, 21, 20, 24, 26, 17, 25, 19, 19, 20, 9, 11, 19, 24, 24, 20, 23, 22, 13, 28, 23, 14, 25, 16, 23, 36, 19, 21, 18, 23, 13, 26, 19, 17, 23, 11, 22, 18, 29, 27, 22, 25, 25, 24, 21, 23, 19, 19, 21, 17, 25, 19, 17, 22, 19, 11, 23, 26, 27, 23, 24, 22, 18, 26, 25, 25])",0.09164610389213719
36,41.70666666666666,0.2833457119373533,"{0: 0.01852217277223547, 1: 0.010009679897514947, 2: 0.007795600261353685, 3: 0.00792388793680688, 4: 0.012693798317528478, 5: 0.007837961854946696, 6: 0.010108809842752352, 7: 0.00997609015094955, 8: 0.009944286895241397, 9: 0.010206066885759701, 10: 0.011075817503123859, 11: 0.005644378887694617, 12: 0.006203618170030421, 13: 0.014547071643747283, 14: 0.01131188380528206, 15: 0.010795306051841015, 16: 0.013719813172074269, 17: 0.004985632627007506, 18: 0.006948011297269617, 19: 0.009866032410710414, 20: 0.00974825070083726, 21: 0.009341617764348541, 22: 0.014799650599198553, 23: 0.01054983371604354, 24: 0.005678946432371091, 25: 0.012221250106973341, 26: 0.008048704389130985, 27: 0.010386409854583122, 28: 0.008181314046428535, 29: 0.011155984779129498, 30: 0.006959141856520582, 31: 0.010852732714927071, 32: 0.010098466186673028, 33: 0.010678530469446116, 34: 0.00770368429865781, 35: 0.014262343750490384, 36: 0.015280237388978928, 37: 0.007924727581847493, 38: 0.005666568419695281, 39: 0.012541142542944994, 40: 0.009822555792833991, 41: 0.01173992279207337, 42: 0.009985742562046335, 43: 0.02009813444819854, 44: 0.007642011292180197, 45: 0.007240156383992001, 46: 0.011183338585692745, 47: 0.011761638070224978, 48: 0.008897943087549385, 49: 0.010847999608521145, 50: 0.006346841094279019, 51: 0.00960138495791138, 52: 0.00895215030559581, 53: 0.009118304219665335, 54: 0.011591112392606039, 55: 0.006586037400082432, 56: 0.006890785837716948, 57: 0.011750985349905969, 58: 0.004555399760879212, 59: 0.006667111365762401, 60: 0.008033562408452289, 61: 0.013110231479219326, 62: 0.009828957794793742, 63: 0.01206187055732092, 64: 0.008541457950792577, 65: 0.006569477143006645, 66: 0.010713895908922341, 67: 0.008775690427597014, 68: 0.006447835747200122, 69: 0.01833414352340091, 70: 0.009675863522184356, 71: 0.005146457398541974, 72: 0.006097654442403302, 73: 0.008102620752190905, 74: 0.014441061803474684}","[60, 57, 52, 50, 50, 49, 49, 48, 48, 47, 47, 47, 47, 47, 47, 47, 47, 47, 46, 46, 45, 45, 45, 44, 44, 44, 43, 43, 43, 43, 43, 43, 43, 43, 42, 42, 42, 42, 41, 41, 41, 41, 41, 40, 40, 40, 39, 39, 39, 39, 39, 38, 38, 38, 38, 38, 38, 37, 37, 37, 37, 37, 36, 36, 36, 35, 35, 34, 34, 33, 33, 32, 32, 31, 31]","dict_values([27, 22, 25, 20, 23, 22, 29, 18, 25, 22, 21, 20, 24, 26, 17, 25, 19, 19, 20, 9, 11, 19, 24, 24, 20, 23, 22, 13, 28, 23, 14, 25, 16, 23, 36, 19, 21, 18, 23, 13, 26, 19, 17, 23, 11, 22, 18, 29, 27, 22, 25, 25, 24, 21, 23, 19, 19, 21, 17, 25, 19, 17, 22, 19, 11, 23, 26, 27, 23, 24, 22, 18, 26, 25, 25])",0.08574520378595114
36,41.626666666666665,0.2836569783866017,"{0: 0.017695342991475165, 1: 0.00921260038286023, 2: 0.007775699556521474, 3: 0.0074695027320598115, 4: 0.014355408662595237, 5: 0.007444196705008164, 6: 0.010105081846692893, 7: 0.010023926312969864, 8: 0.01017500909393013, 9: 0.010174197614729145, 10: 0.01136830586337062, 11: 0.006019893091810901, 12: 0.006261986798516479, 13: 0.014474031607100873, 14: 0.011209153987593536, 15: 0.010814480394587602, 16: 0.013359663288936667, 17: 0.00544655444817971, 18: 0.006762304942458455, 19: 0.009461539321823222, 20: 0.010008641953173475, 21: 0.010027768351356724, 22: 0.014923215698171396, 23: 0.010490049437872137, 24: 0.0060287530507899785, 25: 0.01143241442898977, 26: 0.007672984513573081, 27: 0.010040785859378143, 28: 0.007656818047949989, 29: 0.010196744429669748, 30: 0.0068527180171092834, 31: 0.011504804137330883, 32: 0.00990531666529284, 33: 0.010821256590771424, 34: 0.008043624475056589, 35: 0.014545337389727799, 36: 0.015694196820709532, 37: 0.008011571538968797, 38: 0.005631199809282002, 39: 0.012531226822553476, 40: 0.00965480239891248, 41: 0.0117132498783283, 42: 0.00996354245860531, 43: 0.019942915563666796, 44: 0.007746606415440098, 45: 0.006945589047247303, 46: 0.011049624057047298, 47: 0.0119697781252278, 48: 0.00901232688010532, 49: 0.010975287002684263, 50: 0.006346679454105554, 51: 0.009625004502124342, 52: 0.009064263759649483, 53: 0.010699161101708566, 54: 0.01233820598797211, 55: 0.006832338080313587, 56: 0.006406471590835664, 57: 0.0119341602892481, 58: 0.004942165595436653, 59: 0.006316969746015857, 60: 0.008247549993214549, 61: 0.013661167454777988, 62: 0.01045552453266945, 63: 0.012381836438859073, 64: 0.007612245333110928, 65: 0.006737406454681545, 66: 0.010031355560909902, 67: 0.007851670556949053, 68: 0.006563826361142013, 69: 0.01752746024208345, 70: 0.008895831192411014, 71: 0.005163077149652806, 72: 0.006226487174968414, 73: 0.0085938891334229, 74: 0.014669250202785094}","[60, 56, 51, 50, 50, 49, 49, 49, 48, 48, 47, 47, 47, 47, 47, 47, 47, 46, 46, 46, 46, 44, 44, 44, 44, 44, 44, 43, 43, 43, 43, 43, 43, 42, 42, 42, 42, 41, 41, 41, 41, 41, 40, 40, 40, 40, 39, 39, 38, 38, 38, 38, 38, 38, 38, 38, 37, 37, 37, 37, 37, 37, 36, 36, 36, 35, 35, 35, 34, 33, 33, 33, 32, 31, 31]","dict_values([27, 22, 25, 20, 23, 22, 29, 18, 25, 22, 21, 20, 24, 26, 17, 25, 19, 19, 20, 9, 11, 19, 24, 24, 20, 23, 22, 13, 28, 23, 14, 25, 16, 23, 36, 19, 21, 18, 23, 13, 26, 19, 17, 23, 11, 22, 18, 29, 27, 22, 25, 25, 24, 21, 23, 19, 19, 21, 17, 25, 19, 17, 22, 19, 11, 23, 26, 27, 23, 24, 22, 18, 26, 25, 25])",0.08852675378100323
36,41.84,0.28443492756325345,"{0: 0.017167596861148323, 1: 0.009661253674281296, 2: 0.007985125964578019, 3: 0.00790416858104207, 4: 0.014774578066654108, 5: 0.007477385197338853, 6: 0.009989304858883231, 7: 0.009402634733305262, 8: 0.010796402120438855, 9: 0.009916768289723328, 10: 0.010244766928238282, 11: 0.006390057428322411, 12: 0.00629481523497385, 13: 0.01454177873939028, 14: 0.01123953000083566, 15: 0.010486630179655664, 16: 0.013249370617201607, 17: 0.005189322548914646, 18: 0.006727252151325523, 19: 0.009647508143636793, 20: 0.0090506461394964, 21: 0.009792238108191624, 22: 0.014428893022871411, 23: 0.010415404289726376, 24: 0.0069497817115446656, 25: 0.010566718565096361, 26: 0.007731908614855109, 27: 0.010285920323254918, 28: 0.007751272600974218, 29: 0.00969458274881834, 30: 0.006739758650099592, 31: 0.011648369559188073, 32: 0.009846929912707863, 33: 0.01075280302173862, 34: 0.007802680012269648, 35: 0.01438428763718684, 36: 0.014871930932658832, 37: 0.00789562314171076, 38: 0.005579632309985591, 39: 0.012397171263714623, 40: 0.010177018714026015, 41: 0.012142067202299505, 42: 0.009414745097649438, 43: 0.01963085216242286, 44: 0.008439885427173386, 45: 0.007506723280778405, 46: 0.01112367070510273, 47: 0.012210447805865249, 48: 0.00889877416863709, 49: 0.011718242459580091, 50: 0.006258478163473777, 51: 0.00976198384457969, 52: 0.008980420964180252, 53: 0.01108425399094373, 54: 0.012211170341908583, 55: 0.006525246759546076, 56: 0.006891478850230436, 57: 0.012039078639412159, 58: 0.004869100464193606, 59: 0.006318807847874807, 60: 0.008572468731076527, 61: 0.014315174589501538, 62: 0.010161728116727003, 63: 0.012027085075639807, 64: 0.007567593176586625, 65: 0.006704233920023695, 66: 0.009347495896422753, 67: 0.008063310468217361, 68: 0.006803705329996004, 69: 0.01745489132499442, 70: 0.008836207479986669, 71: 0.00563607729571434, 72: 0.006151491074377504, 73: 0.00854787615877418, 74: 0.014365622619056573}","[60, 56, 51, 50, 50, 50, 50, 49, 48, 48, 48, 47, 47, 47, 47, 47, 46, 46, 46, 46, 45, 45, 45, 45, 44, 44, 44, 44, 44, 43, 43, 43, 43, 42, 42, 42, 41, 41, 41, 41, 41, 41, 41, 40, 40, 39, 39, 39, 39, 39, 39, 39, 39, 38, 38, 38, 38, 38, 37, 37, 37, 37, 36, 36, 36, 36, 36, 35, 35, 34, 33, 32, 32, 32, 31]","dict_values([27, 22, 25, 20, 23, 22, 29, 18, 25, 22, 21, 20, 24, 26, 17, 25, 19, 19, 20, 9, 11, 19, 24, 24, 20, 23, 22, 13, 28, 23, 14, 25, 16, 23, 36, 19, 21, 18, 23, 13, 26, 19, 17, 23, 11, 22, 18, 29, 27, 22, 25, 25, 24, 21, 23, 19, 19, 21, 17, 25, 19, 17, 22, 19, 11, 23, 26, 27, 23, 24, 22, 18, 26, 25, 25])",0.10111014026138197
36,41.84,0.2846580932906742,"{0: 0.01714696896242745, 1: 0.00954681484385598, 2: 0.008264593151430556, 3: 0.007920837090861265, 4: 0.015529364759142754, 5: 0.007440811714188723, 6: 0.009936500921384426, 7: 0.009406600544104658, 8: 0.011262101617624263, 9: 0.009938589470348569, 10: 0.010216972572574699, 11: 0.006303260901367268, 12: 0.006487529749143807, 13: 0.014678845708462557, 14: 0.011156250381060318, 15: 0.010150783115257767, 16: 0.01285270764981202, 17: 0.005427518114085279, 18: 0.006776218874527213, 19: 0.009732278519503059, 20: 0.009049640870890668, 21: 0.009780281672032714, 22: 0.014286010973471529, 23: 0.010192996644578468, 24: 0.006999931590461668, 25: 0.010538808588242778, 26: 0.007683374511429401, 27: 0.010291864391023246, 28: 0.007704091524672881, 29: 0.009160964320952054, 30: 0.00675922012345547, 31: 0.011601701261280082, 32: 0.010520010737664804, 33: 0.010717902243963054, 34: 0.0074169426240926414, 35: 0.013655162972002501, 36: 0.014794735698402383, 37: 0.007913308829908346, 38: 0.005532153734208528, 39: 0.012199162646412699, 40: 0.009991504344652985, 41: 0.012156824355743534, 42: 0.00897502176555475, 43: 0.019614180884506734, 44: 0.008414018283782732, 45: 0.007526906332089439, 46: 0.011048617820316948, 47: 0.012827264861038464, 48: 0.008817825201877332, 49: 0.012539764257129285, 50: 0.00627976571264533, 51: 0.00971783645909569, 52: 0.009005431123584267, 53: 0.012079939896479007, 54: 0.012053331191123293, 55: 0.006170202189083202, 56: 0.0069000734029535885, 57: 0.012021164951513954, 58: 0.0048415923211642216, 59: 0.0063846372811857495, 60: 0.008497126648639546, 61: 0.014415611316083694, 62: 0.010112203239266345, 63: 0.011815420558295181, 64: 0.007641375672942083, 65: 0.0065499317520390996, 66: 0.009485313655829173, 67: 0.008003798984070215, 68: 0.006860235703805484, 69: 0.016702117449453928, 70: 0.009587993143950351, 71: 0.005768394934420008, 72: 0.006117018635630906, 73: 0.00853954992152987, 74: 0.013809285537693086}","[60, 56, 51, 50, 50, 50, 49, 49, 49, 49, 47, 47, 47, 47, 47, 47, 46, 46, 46, 46, 45, 45, 45, 45, 45, 44, 44, 43, 43, 43, 43, 43, 43, 42, 42, 42, 42, 41, 41, 41, 41, 41, 40, 40, 40, 40, 39, 39, 39, 39, 39, 39, 39, 38, 38, 38, 38, 37, 37, 37, 37, 36, 36, 36, 36, 36, 36, 35, 35, 34, 34, 33, 32, 32, 31]","dict_values([27, 22, 25, 20, 23, 22, 29, 18, 25, 22, 21, 20, 24, 26, 17, 25, 19, 19, 20, 9, 11, 19, 24, 24, 20, 23, 22, 13, 28, 23, 14, 25, 16, 23, 36, 19, 21, 18, 23, 13, 26, 19, 17, 23, 11, 22, 18, 29, 27, 22, 25, 25, 24, 21, 23, 19, 19, 21, 17, 25, 19, 17, 22, 19, 11, 23, 26, 27, 23, 24, 22, 18, 26, 25, 25])",0.09454573372476041
36,41.81333333333333,0.2844805306165359,"{0: 0.01711536647493592, 1: 0.009529398181036187, 2: 0.007659201392023464, 3: 0.007986956848761844, 4: 0.015447243262065266, 5: 0.007674347813706337, 6: 0.009883293388669362, 7: 0.009274260589897087, 8: 0.011274998151646063, 9: 0.009769607405515808, 10: 0.010248531336347753, 11: 0.006742288480805806, 12: 0.006013816176115164, 13: 0.014288612800374132, 14: 0.011516691207096062, 15: 0.010232235932151102, 16: 0.012859432061664289, 17: 0.00550583279412144, 18: 0.006679878962370089, 19: 0.009835758414133667, 20: 0.008660985047909898, 21: 0.009308274350710324, 22: 0.014534789205857844, 23: 0.010201598023042862, 24: 0.007005229188172185, 25: 0.010631051494905957, 26: 0.007710013595870022, 27: 0.010089890395915251, 28: 0.007771885340378493, 29: 0.009243970922991375, 30: 0.00682384001127209, 31: 0.011570322698271464, 32: 0.010646574149545899, 33: 0.010711350951076979, 34: 0.007895744095622718, 35: 0.013181688987433533, 36: 0.01470505159920712, 37: 0.008032124503548305, 38: 0.005558314338732772, 39: 0.012177162156825969, 40: 0.009947840395626094, 41: 0.011968804396378742, 42: 0.00908723978474898, 43: 0.019898734329255943, 44: 0.007721221500450363, 45: 0.00745984277103991, 46: 0.010890599221066655, 47: 0.01380680603731733, 48: 0.008769555015485491, 49: 0.012213727886572368, 50: 0.0063288552413055706, 51: 0.009809512674513276, 52: 0.008804034378168145, 53: 0.0121520646174389, 54: 0.012019478615483614, 55: 0.00615398533236651, 56: 0.0070530709609377155, 57: 0.012020951183396097, 58: 0.005689101507705132, 59: 0.00637375905262843, 60: 0.008571971167675751, 61: 0.014483437047690659, 62: 0.010173020215853144, 63: 0.011269599679612162, 64: 0.007815794541283984, 65: 0.006513289689844175, 66: 0.009527370304969017, 67: 0.008139735983734218, 68: 0.006841807703495729, 69: 0.01683628486400047, 70: 0.010200153450300233, 71: 0.005816619240616925, 72: 0.006115970311487995, 73: 0.008489076456034866, 74: 0.013469282743738294}","[61, 56, 51, 51, 50, 50, 50, 48, 48, 48, 48, 47, 47, 47, 47, 46, 46, 46, 46, 45, 45, 45, 45, 45, 45, 44, 44, 43, 43, 43, 43, 43, 43, 42, 42, 42, 42, 41, 41, 41, 41, 40, 40, 40, 39, 39, 39, 39, 39, 39, 39, 39, 38, 38, 38, 38, 38, 38, 38, 37, 37, 37, 36, 36, 36, 36, 35, 35, 35, 34, 34, 33, 33, 32, 31]","dict_values([27, 22, 25, 20, 23, 22, 29, 18, 25, 22, 21, 20, 24, 26, 17, 25, 19, 19, 20, 9, 11, 19, 24, 24, 20, 23, 22, 13, 28, 23, 14, 25, 16, 23, 36, 19, 21, 18, 23, 13, 26, 19, 17, 23, 11, 22, 18, 29, 27, 22, 25, 25, 24, 21, 23, 19, 19, 21, 17, 25, 19, 17, 22, 19, 11, 23, 26, 27, 23, 24, 22, 18, 26, 25, 25])",0.08904086188046645
36,41.946666666666665,0.2845964514500286,"{0: 0.017121567016093787, 1: 0.00911388685361288, 2: 0.007600768478294588, 3: 0.00789408152421851, 4: 0.01526022343153966, 5: 0.007367139807852183, 6: 0.010361069239127078, 7: 0.009786064863051147, 8: 0.01114509799901583, 9: 0.009648527500465711, 10: 0.010822599727647578, 11: 0.006544280003184111, 12: 0.006238365281495623, 13: 0.014222716074065592, 14: 0.011322154170413054, 15: 0.00980429649185114, 16: 0.01286205473816034, 17: 0.005418993648492618, 18: 0.006545850263363647, 19: 0.009447573916203014, 20: 0.008605092432693716, 21: 0.008770235495279576, 22: 0.014978352805831468, 23: 0.010004888568566855, 24: 0.0069621433582377915, 25: 0.010584023304422057, 26: 0.007720890304302754, 27: 0.009973919562411674, 28: 0.007407126585208778, 29: 0.009108886541331653, 30: 0.007348597644943812, 31: 0.011402135130789665, 32: 0.010388862912987741, 33: 0.010627421243859602, 34: 0.007908727857357994, 35: 0.01315655470281104, 36: 0.014725926093601379, 37: 0.008406348474841627, 38: 0.005572525093073038, 39: 0.011435594636007473, 40: 0.009853879685227029, 41: 0.012200047948220551, 42: 0.00912362007523768, 43: 0.01894901340862421, 44: 0.007985888004685766, 45: 0.007404765852819563, 46: 0.010853627652779486, 47: 0.013719215963459623, 48: 0.008772252835536495, 49: 0.012317013173177557, 50: 0.006684455494302231, 51: 0.009780061843964497, 52: 0.00890565376866747, 53: 0.0121786817561525, 54: 0.01189795179521207, 55: 0.006063352083098513, 56: 0.006992870509045484, 57: 0.01189513359854581, 58: 0.005414002717995722, 59: 0.006428066910282067, 60: 0.008927326639641008, 61: 0.014348828186479078, 62: 0.010347386982576189, 63: 0.011964449652822073, 64: 0.008043785033578154, 65: 0.007158724374265697, 66: 0.009452763391119558, 67: 0.008520431536266358, 68: 0.006710824981737251, 69: 0.01650025196480676, 70: 0.010102785362304734, 71: 0.0058810993924663406, 72: 0.006341574914263936, 73: 0.008482384653041103, 74: 0.01350177537300372}","[60, 56, 52, 51, 50, 50, 50, 48, 48, 48, 48, 47, 47, 47, 46, 46, 46, 46, 46, 46, 46, 45, 45, 45, 45, 44, 44, 43, 43, 43, 43, 43, 43, 42, 42, 42, 42, 42, 42, 41, 41, 40, 40, 40, 40, 40, 39, 39, 39, 39, 39, 39, 39, 38, 38, 38, 38, 38, 38, 37, 37, 37, 37, 36, 36, 36, 36, 36, 35, 35, 34, 33, 33, 32, 31]","dict_values([27, 22, 25, 20, 23, 22, 29, 18, 25, 22, 21, 20, 24, 26, 17, 25, 19, 19, 20, 9, 11, 19, 24, 24, 20, 23, 22, 13, 28, 23, 14, 25, 16, 23, 36, 19, 21, 18, 23, 13, 26, 19, 17, 23, 11, 22, 18, 29, 27, 22, 25, 25, 24, 21, 23, 19, 19, 21, 17, 25, 19, 17, 22, 19, 11, 23, 26, 27, 23, 24, 22, 18, 26, 25, 25])",0.08956933374664407
36,41.653333333333336,0.28232669498303736,"{0: 0.017537998361737795, 1: 0.009293818427892455, 2: 0.007904276950243296, 3: 0.0079364835262294, 4: 0.015332801398509259, 5: 0.007680942633733749, 6: 0.01047460824129434, 7: 0.00915765457808594, 8: 0.010878889424310768, 9: 0.00990979489869106, 10: 0.010712372739229266, 11: 0.007448855884672417, 12: 0.006062386268594371, 13: 0.013785959168518802, 14: 0.011396417143627801, 15: 0.01005958029146309, 16: 0.012184221472980773, 17: 0.005514298092704726, 18: 0.0066541275973657195, 19: 0.009482777394829276, 20: 0.008776740770499714, 21: 0.008416225391002579, 22: 0.015111584854466014, 23: 0.010060275985008927, 24: 0.007052041384329042, 25: 0.009891532003199614, 26: 0.00723957394630275, 27: 0.010143910153114158, 28: 0.007729659676307119, 29: 0.009317789738662126, 30: 0.0072554911177033, 31: 0.011500847716601141, 32: 0.010727603662970422, 33: 0.010840557370838553, 34: 0.008101720516104076, 35: 0.013411019717776683, 36: 0.01416193000428687, 37: 0.008570368478787749, 38: 0.00563102401602762, 39: 0.011791417554755693, 40: 0.009926919772810183, 41: 0.012000020612055956, 42: 0.009505902649301077, 43: 0.01866388485260064, 44: 0.008127206112773922, 45: 0.007803722522463415, 46: 0.010979615896185412, 47: 0.013529918821722898, 48: 0.00888299820247544, 49: 0.012956113226632818, 50: 0.006355436578135194, 51: 0.009782363733777222, 52: 0.008590693904664727, 53: 0.012339036491959774, 54: 0.011405864254446191, 55: 0.006195509677404629, 56: 0.007212064542901922, 57: 0.012062908776694845, 58: 0.005234569148151195, 59: 0.007265491222427977, 60: 0.008718111590145216, 61: 0.014622000929218096, 62: 0.010199307191188061, 63: 0.010901058624025689, 64: 0.008283716685057403, 65: 0.007272520239622508, 66: 0.009650053898411441, 67: 0.009150706817797031, 68: 0.006789788921551948, 69: 0.015679411786596282, 70: 0.010216416124025778, 71: 0.0052508471850692155, 72: 0.00636559892607692, 73: 0.008643659026582984, 74: 0.013837893275375058}","[59, 56, 52, 50, 50, 49, 49, 49, 48, 48, 47, 47, 47, 46, 46, 46, 45, 45, 45, 45, 45, 44, 44, 44, 44, 44, 44, 43, 43, 43, 43, 43, 43, 42, 42, 42, 42, 41, 41, 41, 41, 41, 40, 40, 40, 39, 39, 39, 39, 39, 39, 39, 38, 38, 38, 38, 38, 38, 37, 37, 37, 37, 36, 36, 36, 36, 36, 35, 35, 34, 33, 33, 33, 32, 31]","dict_values([27, 22, 25, 20, 23, 22, 29, 18, 25, 22, 21, 20, 24, 26, 17, 25, 19, 19, 20, 9, 11, 19, 24, 24, 20, 23, 22, 13, 28, 23, 14, 25, 16, 23, 36, 19, 21, 18, 23, 13, 26, 19, 17, 23, 11, 22, 18, 29, 27, 22, 25, 25, 24, 21, 23, 19, 19, 21, 17, 25, 19, 17, 22, 19, 11, 23, 26, 27, 23, 24, 22, 18, 26, 25, 25])",0.09211531556935604
36,41.6,0.28203660537165587,"{0: 0.017330948622209564, 1: 0.009306498617962207, 2: 0.007973267652431316, 3: 0.00907323554223338, 4: 0.014464810144138855, 5: 0.007731165490718484, 6: 0.011251507717508706, 7: 0.009467982721613684, 8: 0.011209402710844673, 9: 0.009393438385868091, 10: 0.010832687400928643, 11: 0.007766609136472152, 12: 0.0056449618093453715, 13: 0.013922394050368096, 14: 0.010973047274417138, 15: 0.010103422945888698, 16: 0.010825538822114166, 17: 0.005548472407907264, 18: 0.006196638248131893, 19: 0.009521571655380864, 20: 0.008665471084360775, 21: 0.008342056120534852, 22: 0.01477498555344909, 23: 0.01079707260312884, 24: 0.006958864141632707, 25: 0.009922119781528576, 26: 0.00750858987160357, 27: 0.01031047818189174, 28: 0.008089461748437957, 29: 0.009324550177218241, 30: 0.007078698301466085, 31: 0.011757602733836437, 32: 0.010532950889836256, 33: 0.010283288834117962, 34: 0.007526249563920795, 35: 0.013014768343617993, 36: 0.01447354294977665, 37: 0.008223329284973121, 38: 0.005711420884260766, 39: 0.011777990130658193, 40: 0.009977027720260928, 41: 0.011978164889123793, 42: 0.00924807328916918, 43: 0.019140700289773875, 44: 0.00808113209499577, 45: 0.00748227100966827, 46: 0.010909346748594149, 47: 0.013601631923549731, 48: 0.00872191360205059, 49: 0.013232360728256351, 50: 0.0064166701062879855, 51: 0.009204852468190606, 52: 0.008604423051070493, 53: 0.012402150166220148, 54: 0.011469927178290552, 55: 0.006237912415814364, 56: 0.007168700891066925, 57: 0.012005521516166837, 58: 0.005327491628861492, 59: 0.0067148840131180465, 60: 0.009082304648980149, 61: 0.014509790528175538, 62: 0.010688584575570877, 63: 0.011063997608806983, 64: 0.008296093741299223, 65: 0.007277820332074118, 66: 0.009829545545118725, 67: 0.00897028427870976, 68: 0.007330437115945408, 69: 0.015728684294041614, 70: 0.00997123107543882, 71: 0.0053836652791231015, 72: 0.006309585247941412, 73: 0.009396247144084203, 74: 0.013981274467740881}","[59, 56, 51, 50, 49, 49, 49, 49, 48, 47, 47, 47, 47, 47, 46, 46, 45, 45, 45, 45, 45, 45, 45, 45, 44, 44, 44, 43, 43, 43, 42, 42, 42, 42, 42, 42, 42, 41, 41, 41, 41, 41, 40, 40, 40, 39, 39, 39, 39, 39, 39, 39, 39, 38, 38, 38, 37, 37, 37, 37, 37, 36, 36, 36, 36, 36, 36, 36, 35, 34, 33, 33, 32, 32, 31]","dict_values([27, 22, 25, 20, 23, 22, 29, 18, 25, 22, 21, 20, 24, 26, 17, 25, 19, 19, 20, 9, 11, 19, 24, 24, 20, 23, 22, 13, 28, 23, 14, 25, 16, 23, 36, 19, 21, 18, 23, 13, 26, 19, 17, 23, 11, 22, 18, 29, 27, 22, 25, 25, 24, 21, 23, 19, 19, 21, 17, 25, 19, 17, 22, 19, 11, 23, 26, 27, 23, 24, 22, 18, 26, 25, 25])",0.09211168639053256
36,41.52,0.28152893825733555,"{0: 0.017606024693576815, 1: 0.010646912108465039, 2: 0.007920009893694105, 3: 0.009061317208397238, 4: 0.014464390202219738, 5: 0.007677547115182299, 6: 0.011205028023074482, 7: 0.009398095416558786, 8: 0.010831597538518952, 9: 0.009548293886167309, 10: 0.010830125012282312, 11: 0.008470161634247401, 12: 0.005646651365829449, 13: 0.013953357132254351, 14: 0.011062366713051644, 15: 0.010538660709893588, 16: 0.010629279807362, 17: 0.005572453068221226, 18: 0.006083571427526163, 19: 0.00949733773587258, 20: 0.008824086996401345, 21: 0.008079791299753057, 22: 0.014194287753110362, 23: 0.010320762537777679, 24: 0.006353759940638096, 25: 0.010052024735733711, 26: 0.007601844245679862, 27: 0.010484964749329502, 28: 0.00867181450470376, 29: 0.009303879380052543, 30: 0.0071634152932544826, 31: 0.012044691385072566, 32: 0.010662592629067037, 33: 0.009758819898392326, 34: 0.008373753236766939, 35: 0.012782614509833094, 36: 0.014550909123571416, 37: 0.008812623881117032, 38: 0.005717010485277937, 39: 0.012067224981396951, 40: 0.009899077469059603, 41: 0.01157935404510747, 42: 0.009393633269452207, 43: 0.017814022641849357, 44: 0.008096046362871855, 45: 0.007772390730997045, 46: 0.010799089112073033, 47: 0.013391236031200295, 48: 0.008062720086245992, 49: 0.013164635776779596, 50: 0.00643444050077071, 51: 0.009337735905868564, 52: 0.0084237626783315, 53: 0.012383720602898687, 54: 0.01158520229356567, 55: 0.006613390274168934, 56: 0.0065655870646309815, 57: 0.013105057007677615, 58: 0.005065970990628524, 59: 0.00668592724876227, 60: 0.009045784533230067, 61: 0.014694657493864416, 62: 0.010743809545179409, 63: 0.010707332103996787, 64: 0.008289849728205893, 65: 0.00740861404163495, 66: 0.009280908695112012, 67: 0.008927529378690785, 68: 0.007435302631769828, 69: 0.015812716036063268, 70: 0.009903499508841033, 71: 0.00538595483620718, 72: 0.006428895983690504, 73: 0.00938356005947931, 74: 0.013825677092502585}","[58, 56, 50, 50, 50, 49, 49, 48, 48, 47, 47, 47, 47, 47, 46, 46, 45, 45, 45, 45, 45, 45, 45, 44, 44, 44, 44, 43, 43, 43, 43, 42, 42, 42, 42, 42, 41, 41, 41, 40, 40, 40, 40, 40, 40, 40, 40, 39, 39, 39, 39, 39, 38, 38, 38, 38, 38, 37, 37, 37, 37, 36, 36, 36, 36, 36, 36, 36, 35, 34, 33, 32, 32, 31, 31]","dict_values([27, 22, 25, 20, 23, 22, 29, 18, 25, 22, 21, 20, 24, 26, 17, 25, 19, 19, 20, 9, 11, 19, 24, 24, 20, 23, 22, 13, 28, 23, 14, 25, 16, 23, 36, 19, 21, 18, 23, 13, 26, 19, 17, 23, 11, 22, 18, 29, 27, 22, 25, 25, 24, 21, 23, 19, 19, 21, 17, 25, 19, 17, 22, 19, 11, 23, 26, 27, 23, 24, 22, 18, 26, 25, 25])",0.09183215090529064
36,41.36,0.2801088444409527,"{0: 0.017209426351772993, 1: 0.01069460315291167, 2: 0.007380245222710979, 3: 0.009436341456889402, 4: 0.01408018719125829, 5: 0.00791150722657572, 6: 0.011278640596687052, 7: 0.009229845077075572, 8: 0.011055451295177321, 9: 0.009811072519529935, 10: 0.010812683601546023, 11: 0.008555619082718548, 12: 0.005703421488703426, 13: 0.013657327050715975, 14: 0.01111740286238534, 15: 0.010987634992095012, 16: 0.010828600140482906, 17: 0.005601690705815532, 18: 0.006154312422924692, 19: 0.009567294790538137, 20: 0.009014242062187266, 21: 0.008110774117325635, 22: 0.014165557911835464, 23: 0.010186092549106247, 24: 0.006458290362399951, 25: 0.009987047688060196, 26: 0.00766113026386999, 27: 0.009986886520537504, 28: 0.009060138288845854, 29: 0.00954413387409218, 30: 0.007247202634130069, 31: 0.01231457299057061, 32: 0.010719892429831903, 33: 0.009974036425793425, 34: 0.008402511070558222, 35: 0.012729643908917287, 36: 0.014779996338960008, 37: 0.009469605256480055, 38: 0.005784024701535125, 39: 0.011471217230286166, 40: 0.009418210378603471, 41: 0.011604133792728889, 42: 0.009557386686630287, 43: 0.017781911655445178, 44: 0.008168097972037196, 45: 0.007999866161562631, 46: 0.011025629920805623, 47: 0.014220062373725272, 48: 0.008123848707425586, 49: 0.013323512080212502, 50: 0.0061531486865988305, 51: 0.009015431956655277, 52: 0.008381761717080357, 53: 0.012672455886855378, 54: 0.011223812318906299, 55: 0.007266474732228158, 56: 0.0067993301472531915, 57: 0.013082346882227761, 58: 0.00514926011501354, 59: 0.006737128156127562, 60: 0.008939491280862806, 61: 0.014795499245164748, 62: 0.010772019500914052, 63: 0.010169311874195735, 64: 0.008897502390653076, 65: 0.007989268948173058, 66: 0.00884132836187631, 67: 0.008419560548804144, 68: 0.0076187968311255995, 69: 0.015779915007722262, 70: 0.009616012447155016, 71: 0.005519453807125041, 72: 0.005996803599543326, 73: 0.009341092389037594, 74: 0.012851906594201979}","[58, 55, 50, 50, 49, 49, 49, 49, 48, 47, 47, 47, 47, 46, 45, 45, 45, 45, 45, 45, 45, 44, 44, 44, 44, 44, 43, 43, 43, 42, 42, 42, 42, 42, 41, 41, 41, 41, 41, 41, 41, 40, 40, 40, 40, 40, 40, 40, 39, 39, 39, 39, 38, 38, 38, 38, 37, 37, 37, 37, 37, 36, 36, 36, 36, 36, 35, 35, 34, 34, 33, 32, 32, 31, 31]","dict_values([27, 22, 25, 20, 23, 22, 29, 18, 25, 22, 21, 20, 24, 26, 17, 25, 19, 19, 20, 9, 11, 19, 24, 24, 20, 23, 22, 13, 28, 23, 14, 25, 16, 23, 36, 19, 21, 18, 23, 13, 26, 19, 17, 23, 11, 22, 18, 29, 27, 22, 25, 25, 24, 21, 23, 19, 19, 21, 17, 25, 19, 17, 22, 19, 11, 23, 26, 27, 23, 24, 22, 18, 26, 25, 25])",0.09205142498693675
36,41.17333333333333,0.27908504875552376,"{0: 0.017346238719025225, 1: 0.010812961412276483, 2: 0.007778868654244533, 3: 0.009475591924222064, 4: 0.014182511701723195, 5: 0.007945766473999019, 6: 0.011751206699836838, 7: 0.009281563391152433, 8: 0.011106774036944433, 9: 0.010214625216295785, 10: 0.010931266857594959, 11: 0.008651508309042556, 12: 0.005905289124467207, 13: 0.013872979338231596, 14: 0.010810786666951051, 15: 0.011593004315607055, 16: 0.010080076159260924, 17: 0.005734460528981077, 18: 0.006197780684082054, 19: 0.0096467030542373, 20: 0.009287926839296702, 21: 0.008244275643206482, 22: 0.014335548841061706, 23: 0.010310984882902692, 24: 0.00647011725778849, 25: 0.00966248286453766, 26: 0.007829787453075124, 27: 0.009203645266959668, 28: 0.00918435712956261, 29: 0.009582247236774467, 30: 0.007362697259957534, 31: 0.012437113414393734, 32: 0.010955520736676768, 33: 0.009624630686274524, 34: 0.008521063658049959, 35: 0.012353061208724422, 36: 0.014195278478606244, 37: 0.009620865735132355, 38: 0.005409484690306607, 39: 0.01089736913534107, 40: 0.00957934689140837, 41: 0.010473958523574295, 42: 0.009785248740728194, 43: 0.01698401612785174, 44: 0.008486895730046415, 45: 0.007945197157525926, 46: 0.01160646657222, 47: 0.014394194702413885, 48: 0.00805281522997861, 49: 0.013468944086217724, 50: 0.006293130950665198, 51: 0.009085329911006492, 52: 0.008630641987641652, 53: 0.01284551254063449, 54: 0.011374906171097283, 55: 0.007298796682358325, 56: 0.006837733721295366, 57: 0.013208219562629853, 58: 0.005220441864277481, 59: 0.006886128803937023, 60: 0.00918589874069326, 61: 0.015039943381072682, 62: 0.010914899444384911, 63: 0.009988078994928313, 64: 0.008631884989218765, 65: 0.008072871942734957, 66: 0.009002283659817907, 67: 0.008505002340618779, 68: 0.007425827752423142, 69: 0.015333663007401735, 70: 0.009541959629664276, 71: 0.0055222272688026115, 72: 0.006101843259377506, 73: 0.009424096410397782, 74: 0.01291618153044815}","[57, 55, 50, 50, 49, 49, 49, 48, 48, 48, 46, 46, 46, 46, 45, 45, 45, 45, 45, 45, 44, 44, 44, 44, 44, 44, 43, 43, 42, 42, 42, 42, 42, 41, 41, 41, 41, 41, 41, 41, 40, 40, 40, 40, 39, 39, 39, 39, 39, 39, 39, 38, 38, 38, 38, 38, 37, 37, 37, 37, 37, 37, 36, 36, 36, 35, 35, 35, 34, 34, 33, 32, 32, 31, 30]","dict_values([27, 22, 25, 20, 23, 22, 29, 18, 25, 22, 21, 20, 24, 26, 17, 25, 19, 19, 20, 9, 11, 19, 24, 24, 20, 23, 22, 13, 28, 23, 14, 25, 16, 23, 36, 19, 21, 18, 23, 13, 26, 19, 17, 23, 11, 22, 18, 29, 27, 22, 25, 25, 24, 21, 23, 19, 19, 21, 17, 25, 19, 17, 22, 19, 11, 23, 26, 27, 23, 24, 22, 18, 26, 25, 25])",0.09786336545947544
36,41.17333333333333,0.27947079016032866,"{0: 0.01748151052630321, 1: 0.010744965219114581, 2: 0.0074208850770828725, 3: 0.009486353664435858, 4: 0.013920151778514842, 5: 0.00790308680803168, 6: 0.011182054520543251, 7: 0.009181768185303318, 8: 0.011048748122754139, 9: 0.010358053869998407, 10: 0.009989264904766669, 11: 0.009084844872516106, 12: 0.006870760466650879, 13: 0.013952262379843405, 14: 0.010358195632168233, 15: 0.011823171069746414, 16: 0.010134057206392657, 17: 0.005730661740383349, 18: 0.006128456736057266, 19: 0.009474635176137608, 20: 0.009337757454195812, 21: 0.008863094070244087, 22: 0.014524429006742575, 23: 0.010227131460008173, 24: 0.006626366557873406, 25: 0.009645320946690808, 26: 0.007905156364060476, 27: 0.01031407131386384, 28: 0.009156479447575338, 29: 0.009730666154526127, 30: 0.007252932777678692, 31: 0.011667441168804566, 32: 0.010777970387893543, 33: 0.0095844853550333, 34: 0.00852034602034602, 35: 0.012282708835013674, 36: 0.01408628249024658, 37: 0.010321011795285098, 38: 0.005711796818734511, 39: 0.011750916564096244, 40: 0.008958419480821215, 41: 0.010502757268126463, 42: 0.009088961143755665, 43: 0.017098337071823594, 44: 0.007970761064000128, 45: 0.007837297403139206, 46: 0.01181702424521691, 47: 0.01442229943942273, 48: 0.007998617658657753, 49: 0.013419520412180709, 50: 0.006289412796262112, 51: 0.009429120751372673, 52: 0.008534858158981112, 53: 0.012635906279879311, 54: 0.011441169764758136, 55: 0.007276471831266352, 56: 0.006610875628772225, 57: 0.013131238862582429, 58: 0.005206480035247159, 59: 0.00690946506235945, 60: 0.009165460805982238, 61: 0.01503788447490419, 62: 0.010796672031219309, 63: 0.010023322716650159, 64: 0.008348635578839388, 65: 0.008137075089129883, 66: 0.009085145386515251, 67: 0.00853056068754257, 68: 0.007494211382450607, 69: 0.015274309885189574, 70: 0.009581894269687296, 71: 0.00554410674273688, 72: 0.006005171244897273, 73: 0.009513495986098726, 74: 0.012825583163225832}","[57, 55, 50, 50, 49, 49, 49, 49, 48, 48, 46, 46, 46, 45, 45, 45, 45, 45, 45, 45, 44, 44, 44, 44, 44, 43, 43, 42, 42, 42, 42, 42, 42, 41, 41, 41, 41, 41, 41, 41, 41, 40, 40, 40, 40, 39, 39, 39, 39, 39, 38, 38, 38, 38, 38, 38, 37, 37, 37, 37, 37, 36, 36, 36, 36, 35, 35, 35, 34, 34, 33, 33, 32, 31, 31]","dict_values([27, 22, 25, 20, 23, 22, 29, 18, 25, 22, 21, 20, 24, 26, 17, 25, 19, 19, 20, 9, 11, 19, 24, 24, 20, 23, 22, 13, 28, 23, 14, 25, 16, 23, 36, 19, 21, 18, 23, 13, 26, 19, 17, 23, 11, 22, 18, 29, 27, 22, 25, 25, 24, 21, 23, 19, 19, 21, 17, 25, 19, 17, 22, 19, 11, 23, 26, 27, 23, 24, 22, 18, 26, 25, 25])",0.09867378990040002
36,41.093333333333334,0.27861623002108993,"{0: 0.017323693666739724, 1: 0.010633277139330025, 2: 0.0075054610178231975, 3: 0.00966490339698368, 4: 0.013703148855657911, 5: 0.007951587127318872, 6: 0.010626595215636312, 7: 0.009358223741785385, 8: 0.011302750835007046, 9: 0.01033268415777318, 10: 0.009903568772713058, 11: 0.009640989543657172, 12: 0.007551910120403271, 13: 0.014062256023752473, 14: 0.010465824335687348, 15: 0.011445858697120413, 16: 0.009538345480543942, 17: 0.005827235466451777, 18: 0.006054395437957082, 19: 0.009056951333447368, 20: 0.00886324091564614, 21: 0.008848960177151088, 22: 0.014635590798478622, 23: 0.01036893819228958, 24: 0.00657524563227016, 25: 0.009846982895934121, 26: 0.007883058567990075, 27: 0.010167123702311478, 28: 0.008752580271753326, 29: 0.010270263984842187, 30: 0.007624429028538618, 31: 0.011741372136460678, 32: 0.0104602044839537, 33: 0.009438571736110344, 34: 0.008816414980798543, 35: 0.012242921651937428, 36: 0.014049490931953517, 37: 0.010057801600568057, 38: 0.005705163597804567, 39: 0.011468972225092893, 40: 0.009213447724139338, 41: 0.010388313683062835, 42: 0.008745045542089524, 43: 0.016478210329755414, 44: 0.008207882865417114, 45: 0.007824970090651416, 46: 0.012804344653659722, 47: 0.014605360198366689, 48: 0.008030351639562606, 49: 0.014390442196310931, 50: 0.006482199939511186, 51: 0.009476550557483587, 52: 0.00819746964127201, 53: 0.012116739245170498, 54: 0.011281249259982584, 55: 0.007201238656319892, 56: 0.006429859295966504, 57: 0.012356133909715069, 58: 0.005467851700728413, 59: 0.006906483618812387, 60: 0.009226189036638225, 61: 0.015842925251818345, 62: 0.010570790298488264, 63: 0.009992724889985167, 64: 0.008536187649953104, 65: 0.008249318041449292, 66: 0.009121115866894777, 67: 0.008511025679374633, 68: 0.007095620879527515, 69: 0.01473792421771918, 70: 0.009444020916720784, 71: 0.00584017736375175, 72: 0.006197847464970754, 73: 0.009706501570948848, 74: 0.013429508242404999}","[56, 55, 51, 50, 50, 50, 49, 49, 47, 47, 46, 46, 46, 46, 45, 45, 45, 45, 44, 44, 44, 44, 44, 43, 43, 43, 43, 42, 42, 42, 42, 42, 41, 41, 41, 41, 41, 41, 41, 40, 40, 40, 40, 40, 39, 39, 39, 39, 39, 39, 38, 38, 38, 38, 38, 37, 37, 37, 37, 37, 36, 36, 36, 36, 36, 35, 35, 35, 35, 34, 34, 33, 32, 32, 31]","dict_values([27, 22, 25, 20, 23, 22, 29, 18, 25, 22, 21, 20, 24, 26, 17, 25, 19, 19, 20, 9, 11, 19, 24, 24, 20, 23, 22, 13, 28, 23, 14, 25, 16, 23, 36, 19, 21, 18, 23, 13, 26, 19, 17, 23, 11, 22, 18, 29, 27, 22, 25, 25, 24, 21, 23, 19, 19, 21, 17, 25, 19, 17, 22, 19, 11, 23, 26, 27, 23, 24, 22, 18, 26, 25, 25])",0.10253882521483938
36,41.12,0.278336985974776,"{0: 0.017126809264219233, 1: 0.010680801988526887, 2: 0.006873805675175539, 3: 0.009551732154471882, 4: 0.013734437180984278, 5: 0.008048120890586643, 6: 0.010746921020893623, 7: 0.009483255544899382, 8: 0.011277591243344669, 9: 0.009786302594521772, 10: 0.010381654296708669, 11: 0.010283063536488194, 12: 0.008616099106495944, 13: 0.012730286321586987, 14: 0.011110337480200494, 15: 0.012645374882347064, 16: 0.009838075407910176, 17: 0.00663433608639088, 18: 0.005813783620590569, 19: 0.009440823995618516, 20: 0.00879401420815063, 21: 0.00867890350308088, 22: 0.014484836402644625, 23: 0.01027200883683019, 24: 0.006493786459539882, 25: 0.009687909174210545, 26: 0.008150963459182637, 27: 0.010152500220993371, 28: 0.008563062805048401, 29: 0.009625665790049353, 30: 0.007685184766458598, 31: 0.011856901201626526, 32: 0.010500268376980705, 33: 0.008894590743905813, 34: 0.009056741064931999, 35: 0.011917304896756954, 36: 0.012955954736776654, 37: 0.009502584608501851, 38: 0.005197431224828484, 39: 0.011534700879426202, 40: 0.009236439782972759, 41: 0.009856935924934794, 42: 0.008557474139665918, 43: 0.015407748983515119, 44: 0.008009240082746649, 45: 0.008220883049650173, 46: 0.013786196452839582, 47: 0.015096002253536503, 48: 0.007951869082006067, 49: 0.014495998677258391, 50: 0.006426723036312077, 51: 0.009296003474085664, 52: 0.008200902207751524, 53: 0.012543292180702152, 54: 0.010895167915715862, 55: 0.007189520704560952, 56: 0.006387411695630873, 57: 0.012618017966838755, 58: 0.0059584098579297, 59: 0.006933513572759443, 60: 0.009106457736594723, 61: 0.015431260559067366, 62: 0.010326464436053479, 63: 0.010067272396039523, 64: 0.008330105247913467, 65: 0.00812974049275419, 66: 0.009790879299070234, 67: 0.00850135253468116, 68: 0.007817168105263008, 69: 0.013816691556417586, 70: 0.010013896486499226, 71: 0.00581085837935153, 72: 0.006299518338778329, 73: 0.010050394996024146, 74: 0.013504272738491072}","[55, 55, 51, 51, 50, 50, 50, 49, 47, 46, 46, 46, 46, 46, 45, 45, 45, 45, 45, 44, 44, 44, 43, 43, 43, 43, 43, 42, 42, 42, 42, 42, 42, 41, 41, 41, 41, 40, 40, 40, 40, 40, 40, 40, 39, 39, 39, 39, 39, 39, 38, 38, 38, 38, 38, 38, 37, 37, 37, 37, 37, 36, 36, 36, 35, 35, 35, 35, 35, 35, 34, 34, 33, 32, 30]","dict_values([27, 22, 25, 20, 23, 22, 29, 18, 25, 22, 21, 20, 24, 26, 17, 25, 19, 19, 20, 9, 11, 19, 24, 24, 20, 23, 22, 13, 28, 23, 14, 25, 16, 23, 36, 19, 21, 18, 23, 13, 26, 19, 17, 23, 11, 22, 18, 29, 27, 22, 25, 25, 24, 21, 23, 19, 19, 21, 17, 25, 19, 17, 22, 19, 11, 23, 26, 27, 23, 24, 22, 18, 26, 25, 25])",0.10014282325748054
36,40.93333333333333,0.2766426373481672,"{0: 0.016253246166673316, 1: 0.01022123390730679, 2: 0.006989005798042805, 3: 0.00918411449255591, 4: 0.013589920703007055, 5: 0.007993964180682466, 6: 0.010756682094343105, 7: 0.008759323761368334, 8: 0.010964289731413019, 9: 0.009911385790551607, 10: 0.010544840616511285, 11: 0.010397112653253037, 12: 0.008089405526456822, 13: 0.012931753490443235, 14: 0.011286627903995207, 15: 0.013687094131899129, 16: 0.009949988272949904, 17: 0.006666653323889775, 18: 0.005962678290033185, 19: 0.009743842300423598, 20: 0.008912552340387393, 21: 0.008191951757939736, 22: 0.014559060822606112, 23: 0.010697393323222915, 24: 0.0065023909201991385, 25: 0.010302669601359296, 26: 0.008895029442974649, 27: 0.009659336200432092, 28: 0.008620188204639554, 29: 0.010352543110136917, 30: 0.00774737986290027, 31: 0.011727262053892917, 32: 0.010929168768656562, 33: 0.009519899759625788, 34: 0.008101993679595713, 35: 0.012217939101500744, 36: 0.012987804016690255, 37: 0.009431658078373414, 38: 0.0054670066656368034, 39: 0.011234597325897992, 40: 0.009349499827539652, 41: 0.009403031558309308, 42: 0.008472897908573905, 43: 0.01600811430990784, 44: 0.008029673002226621, 45: 0.008784449024175054, 46: 0.013777300724765771, 47: 0.014587972048102898, 48: 0.00796968419064905, 49: 0.014554963648817922, 50: 0.006191690177693751, 51: 0.0099687197289937, 52: 0.008393023662751558, 53: 0.012577200933153392, 54: 0.010321470700338719, 55: 0.006977950116278035, 56: 0.006532548164471929, 57: 0.012919735080046362, 58: 0.005986765023271166, 59: 0.006940705874472293, 60: 0.008766602006848067, 61: 0.015574830245519726, 62: 0.01035993204028104, 63: 0.009164145897431525, 64: 0.008310131084103686, 65: 0.00830327115340405, 66: 0.009585823450996598, 67: 0.008706977331391625, 68: 0.007856101118025503, 69: 0.013873924229790821, 70: 0.010680014186565705, 71: 0.0059370524306120295, 72: 0.006271499669377531, 73: 0.010233123253499274, 74: 0.012857014385753266}","[56, 54, 51, 51, 50, 50, 49, 48, 47, 47, 46, 46, 46, 45, 45, 45, 45, 44, 44, 44, 44, 44, 43, 43, 43, 43, 43, 43, 42, 42, 42, 41, 41, 41, 40, 40, 40, 40, 40, 40, 40, 40, 40, 40, 39, 39, 39, 39, 39, 39, 38, 38, 38, 38, 37, 37, 37, 37, 37, 36, 36, 36, 36, 35, 35, 35, 35, 35, 35, 34, 34, 34, 33, 32, 30]","dict_values([27, 22, 25, 20, 23, 22, 29, 18, 25, 22, 21, 20, 24, 26, 17, 25, 19, 19, 20, 9, 11, 19, 24, 24, 20, 23, 22, 13, 28, 23, 14, 25, 16, 23, 36, 19, 21, 18, 23, 13, 26, 19, 17, 23, 11, 22, 18, 29, 27, 22, 25, 25, 24, 21, 23, 19, 19, 21, 17, 25, 19, 17, 22, 19, 11, 23, 26, 27, 23, 24, 22, 18, 26, 25, 25])",0.09789260363505184
36,40.82666666666667,0.276089256148788,"{0: 0.01609281893749415, 1: 0.01007183874111467, 2: 0.006227101703239573, 3: 0.009963506531404091, 4: 0.013783554816146359, 5: 0.008056681029744875, 6: 0.010790197605266099, 7: 0.008562656336628942, 8: 0.010889697036404947, 9: 0.009704871702220357, 10: 0.01074468433694493, 11: 0.009744294780030336, 12: 0.007856975386302145, 13: 0.012706368657697488, 14: 0.011111333967200555, 15: 0.01367338982309628, 16: 0.010018129039010462, 17: 0.007017595113187727, 18: 0.006024050348903578, 19: 0.009874421540591882, 20: 0.008749272492880851, 21: 0.008069642463400544, 22: 0.014804632629422734, 23: 0.010913410402902448, 24: 0.006569019240252118, 25: 0.011183166885966172, 26: 0.008886067447711286, 27: 0.009677916880744986, 28: 0.007792868262535582, 29: 0.010253878290968342, 30: 0.007861215126381467, 31: 0.010631351591518248, 32: 0.010244148673561344, 33: 0.009405330980673447, 34: 0.007408307946468419, 35: 0.01189651234392728, 36: 0.013711252701915345, 37: 0.008336103585600626, 38: 0.005095096190986602, 39: 0.011786509855602716, 40: 0.009938713946510172, 41: 0.009382795918560293, 42: 0.00852110497732892, 43: 0.01638595936541142, 44: 0.008567874661637954, 45: 0.0087734856570473, 46: 0.013576426614587085, 47: 0.01470082377616624, 48: 0.007769526986514825, 49: 0.016318714734218812, 50: 0.005868434203752847, 51: 0.010164357192638238, 52: 0.008599102120111168, 53: 0.013176252193709647, 54: 0.010680087827823617, 55: 0.007119887012254919, 56: 0.006917611905700054, 57: 0.013091449736863535, 58: 0.006487001374476912, 59: 0.006983435090088711, 60: 0.008356182581912184, 61: 0.015403412409049952, 62: 0.010370385037045297, 63: 0.00936258710231313, 64: 0.00832571331908495, 65: 0.008038145880611634, 66: 0.009709777273378057, 67: 0.008279054927782912, 68: 0.0077735094085072, 69: 0.013525190335984013, 70: 0.010868652830794275, 71: 0.006020895061990952, 72: 0.006617292796353463, 73: 0.010371056938954496, 74: 0.013044753476228759}","[56, 54, 52, 51, 50, 50, 49, 48, 47, 47, 46, 45, 45, 45, 45, 45, 45, 44, 44, 44, 44, 44, 43, 43, 43, 43, 43, 42, 42, 42, 42, 41, 41, 41, 41, 40, 40, 40, 39, 39, 39, 39, 39, 39, 39, 39, 39, 39, 39, 38, 38, 38, 37, 37, 37, 37, 37, 37, 37, 36, 36, 36, 36, 35, 35, 35, 35, 35, 35, 34, 34, 34, 34, 33, 30]","dict_values([27, 22, 25, 20, 23, 22, 29, 18, 25, 22, 21, 20, 24, 26, 17, 25, 19, 19, 20, 9, 11, 19, 24, 24, 20, 23, 22, 13, 28, 23, 14, 25, 16, 23, 36, 19, 21, 18, 23, 13, 26, 19, 17, 23, 11, 22, 18, 29, 27, 22, 25, 25, 24, 21, 23, 19, 19, 21, 17, 25, 19, 17, 22, 19, 11, 23, 26, 27, 23, 24, 22, 18, 26, 25, 25])",0.09875206968034023
36,40.72,0.27543044882071704,"{0: 0.016003923844796736, 1: 0.009648329475713324, 2: 0.00575677151019617, 3: 0.010578044049565319, 4: 0.013964746066823498, 5: 0.008180578755560731, 6: 0.010654087450041578, 7: 0.008096852804562266, 8: 0.011123789584496146, 9: 0.010690946298581987, 10: 0.01082019983907947, 11: 0.010533560162171352, 12: 0.007707289214138529, 13: 0.012811044795753302, 14: 0.011258822731425474, 15: 0.013356052564399173, 16: 0.009971758378894408, 17: 0.0074803788620626055, 18: 0.005760020657280932, 19: 0.00987817251356595, 20: 0.007882601799538135, 21: 0.007927740660256885, 22: 0.014685111691156187, 23: 0.010572966512043659, 24: 0.006559410565673035, 25: 0.011404981700793307, 26: 0.007990740696220149, 27: 0.010320705503968693, 28: 0.007615884535495208, 29: 0.00985156690816388, 30: 0.007141790273360838, 31: 0.010591201703020754, 32: 0.009958888365521387, 33: 0.009275227074433996, 34: 0.006810496843150555, 35: 0.012138405631556317, 36: 0.012649262991728742, 37: 0.00822532141025292, 38: 0.005383063980756843, 39: 0.012418440879147443, 40: 0.00985875574916671, 41: 0.01018525830169666, 42: 0.009009453872467571, 43: 0.015929056802155846, 44: 0.009137096139326149, 45: 0.0088147141229333, 46: 0.013509042789864712, 47: 0.014849277691743443, 48: 0.007331063117141486, 49: 0.016539528077731663, 50: 0.005967641277662908, 51: 0.010058264843773139, 52: 0.008470572572867974, 53: 0.013066641574924471, 54: 0.011673345625241133, 55: 0.007199679243659056, 56: 0.006775850088755641, 57: 0.014076584210384786, 58: 0.006521108814832931, 59: 0.006947925783542222, 60: 0.008035888037690491, 61: 0.015224266711289063, 62: 0.010485936887657182, 63: 0.009618620370452165, 64: 0.00893277384596276, 65: 0.008080495697655034, 66: 0.009585792976203936, 67: 0.00829689305716703, 68: 0.008396065623895475, 69: 0.013425642706464624, 70: 0.010128525397803245, 71: 0.00615877438386283, 72: 0.0068311147078270375, 73: 0.009997270045936233, 74: 0.01266654228982996}","[55, 54, 52, 50, 50, 50, 49, 48, 48, 46, 46, 46, 45, 45, 45, 45, 44, 44, 44, 44, 43, 43, 43, 43, 43, 42, 42, 42, 42, 42, 42, 42, 42, 42, 41, 40, 40, 40, 39, 39, 39, 39, 39, 39, 39, 38, 38, 38, 38, 38, 38, 37, 37, 37, 37, 37, 37, 37, 37, 36, 36, 36, 36, 35, 35, 35, 35, 35, 35, 34, 34, 34, 33, 33, 31]","dict_values([27, 22, 25, 20, 23, 22, 29, 18, 25, 22, 21, 20, 24, 26, 17, 25, 19, 19, 20, 9, 11, 19, 24, 24, 20, 23, 22, 13, 28, 23, 14, 25, 16, 23, 36, 19, 21, 18, 23, 13, 26, 19, 17, 23, 11, 22, 18, 29, 27, 22, 25, 25, 24, 21, 23, 19, 19, 21, 17, 25, 19, 17, 22, 19, 11, 23, 26, 27, 23, 24, 22, 18, 26, 25, 25])",0.09685645287252506
36,40.61333333333334,0.2746208197403004,"{0: 0.016903382849873604, 1: 0.009653470168054486, 2: 0.005898827413441941, 3: 0.010906125246878673, 4: 0.013868720300097389, 5: 0.007961952464580691, 6: 0.010269305384122041, 7: 0.008116622264000629, 8: 0.012072597689036041, 9: 0.010106388756381616, 10: 0.010799013922537775, 11: 0.010527125294072815, 12: 0.007387472025891906, 13: 0.013001663911930743, 14: 0.01128380237969279, 15: 0.013345967296132626, 16: 0.009368915866393374, 17: 0.008027995933935942, 18: 0.0060021324038526955, 19: 0.010256515192745709, 20: 0.008214889863449145, 21: 0.007960235699961727, 22: 0.015890218531489093, 23: 0.010529589746199336, 24: 0.006626327793516033, 25: 0.01185484276471138, 26: 0.008757290777838721, 27: 0.011253025335453299, 28: 0.007264838967809658, 29: 0.010366054185244212, 30: 0.006222235712052369, 31: 0.009866429107985556, 32: 0.009074038028322833, 33: 0.009434429725525618, 34: 0.006611354081034738, 35: 0.011683856375637196, 36: 0.01188424987106892, 37: 0.00750602145950983, 38: 0.005471558489537941, 39: 0.012217323507742435, 40: 0.01017646227904272, 41: 0.010578911606308868, 42: 0.00923055203877122, 43: 0.015772831940332573, 44: 0.009017411601095319, 45: 0.00918910083054715, 46: 0.014356342350926617, 47: 0.013731496966603689, 48: 0.007459223525591027, 49: 0.01705675192995103, 50: 0.005542214092906988, 51: 0.010536601290025946, 52: 0.008742414940749848, 53: 0.011414483124154828, 54: 0.011325815272410389, 55: 0.007487328763013695, 56: 0.007232008345022044, 57: 0.01431926098687971, 58: 0.006030359525872044, 59: 0.006596153856427828, 60: 0.007632872765578246, 61: 0.014942167753074892, 62: 0.011059520757590644, 63: 0.009858250924618426, 64: 0.008929580953671648, 65: 0.009262879099013216, 66: 0.009684849132623108, 67: 0.0077133970969587426, 68: 0.00844561672900714, 69: 0.01297589910603609, 70: 0.010285980497364532, 71: 0.0068243969069134375, 72: 0.006906500570884132, 73: 0.009551077316488276, 74: 0.012444937425026625}","[55, 55, 53, 51, 51, 50, 48, 48, 47, 46, 45, 45, 45, 45, 44, 44, 44, 44, 44, 43, 43, 43, 43, 43, 43, 42, 42, 42, 42, 42, 42, 42, 41, 41, 41, 41, 41, 40, 40, 40, 39, 39, 39, 38, 38, 38, 38, 38, 38, 38, 38, 38, 37, 37, 37, 37, 37, 36, 36, 36, 36, 35, 35, 35, 35, 35, 35, 35, 34, 34, 34, 33, 33, 33, 31]","dict_values([27, 22, 25, 20, 23, 22, 29, 18, 25, 22, 21, 20, 24, 26, 17, 25, 19, 19, 20, 9, 11, 19, 24, 24, 20, 23, 22, 13, 28, 23, 14, 25, 16, 23, 36, 19, 21, 18, 23, 13, 26, 19, 17, 23, 11, 22, 18, 29, 27, 22, 25, 25, 24, 21, 23, 19, 19, 21, 17, 25, 19, 17, 22, 19, 11, 23, 26, 27, 23, 24, 22, 18, 26, 25, 25])",0.09834582796766068
36,40.64,0.27542039704716054,"{0: 0.01711967570497874, 1: 0.0101013176282777, 2: 0.005432527179102522, 3: 0.010956044197557004, 4: 0.013098121942052022, 5: 0.007949734853926967, 6: 0.01069658568196878, 7: 0.00822721010332684, 8: 0.011821496410537504, 9: 0.010559635268745683, 10: 0.011417753349691055, 11: 0.010340497881758816, 12: 0.0073729010123524345, 13: 0.013096244895125054, 14: 0.011077266891739792, 15: 0.013278934637424368, 16: 0.00939934250676491, 17: 0.0073143196430867675, 18: 0.005604623890046193, 19: 0.00982728256403063, 20: 0.007789292276322298, 21: 0.008371995915714948, 22: 0.0163201621127129, 23: 0.01101409281351116, 24: 0.006582011428646332, 25: 0.011918739631018168, 26: 0.009254310333821947, 27: 0.011413699427398057, 28: 0.00665657840794399, 29: 0.010915186864188351, 30: 0.006195519245606508, 31: 0.010419273588364869, 32: 0.009113141931461068, 33: 0.009383630497388686, 34: 0.006942867306692177, 35: 0.011839675843547197, 36: 0.011972173646954963, 37: 0.006927304415773109, 38: 0.00568713034466459, 39: 0.0121186547644677, 40: 0.00901379808943904, 41: 0.010596982165038125, 42: 0.00906805001504227, 43: 0.015557411624416328, 44: 0.009015550408343967, 45: 0.00923969115089762, 46: 0.015292570346174065, 47: 0.015157215188160895, 48: 0.007020371746399142, 49: 0.018220971424499362, 50: 0.005641763227585972, 51: 0.010690919595029184, 52: 0.008275369971319942, 53: 0.010628703087170007, 54: 0.010632251105101412, 55: 0.007429456420275424, 56: 0.007751036346926759, 57: 0.013582202979679214, 58: 0.006075151205231166, 59: 0.006999126871803111, 60: 0.007593268552172662, 61: 0.014942293260580795, 62: 0.010985351074474691, 63: 0.0096898770662916, 64: 0.009139487564145102, 65: 0.009796737619523703, 66: 0.009569792635954106, 67: 0.007601142507146587, 68: 0.007579913070136481, 69: 0.013889644934909975, 70: 0.009597783160915979, 71: 0.006876065437709274, 72: 0.006810144290027199, 73: 0.009842781872263708, 74: 0.01143062603574859}","[55, 55, 54, 52, 52, 50, 49, 47, 47, 46, 45, 45, 45, 45, 44, 44, 44, 44, 44, 44, 43, 43, 43, 43, 42, 42, 42, 42, 42, 42, 42, 42, 42, 42, 41, 41, 41, 41, 40, 40, 40, 39, 39, 38, 38, 38, 38, 38, 38, 38, 37, 37, 37, 37, 37, 37, 37, 36, 36, 35, 35, 35, 35, 35, 35, 35, 35, 35, 34, 34, 33, 33, 33, 32, 32]","dict_values([27, 22, 25, 20, 23, 22, 29, 18, 25, 22, 21, 20, 24, 26, 17, 25, 19, 19, 20, 9, 11, 19, 24, 24, 20, 23, 22, 13, 28, 23, 14, 25, 16, 23, 36, 19, 21, 18, 23, 13, 26, 19, 17, 23, 11, 22, 18, 29, 27, 22, 25, 25, 24, 21, 23, 19, 19, 21, 17, 25, 19, 17, 22, 19, 11, 23, 26, 27, 23, 24, 22, 18, 26, 25, 25])",0.0963258037627186
36,40.4,0.27428754984129533,"{0: 0.017081023381327772, 1: 0.010124783416580746, 2: 0.005299897180157951, 3: 0.012026834478971791, 4: 0.013496582609164373, 5: 0.008269993159586214, 6: 0.009931692870296601, 7: 0.008908916552917213, 8: 0.010544213698612115, 9: 0.010678912146025614, 10: 0.011217513992311813, 11: 0.010400655244918722, 12: 0.007462608484103864, 13: 0.013468517815644489, 14: 0.011302909289375706, 15: 0.014093791080505059, 16: 0.008977036447970993, 17: 0.007401756275332773, 18: 0.005683360181501873, 19: 0.00919668159394187, 20: 0.007505967691229288, 21: 0.00829662525280614, 22: 0.01592555789015288, 23: 0.010676577663291645, 24: 0.0055969227821018545, 25: 0.012195890524812247, 26: 0.009171669274409, 27: 0.011092152462428088, 28: 0.006903202029162782, 29: 0.010817432210860962, 30: 0.006902194908868735, 31: 0.010663874678150963, 32: 0.008974693418668385, 33: 0.009539717498951696, 34: 0.007157198194200372, 35: 0.011667218910575901, 36: 0.013513434823641838, 37: 0.006873667022081036, 38: 0.005172136785439312, 39: 0.01172102411202735, 40: 0.009136407745193503, 41: 0.009994005549377724, 42: 0.009193994125500976, 43: 0.015225937346268854, 44: 0.009011096663934477, 45: 0.009609693592956275, 46: 0.015747577649581363, 47: 0.015148702349320324, 48: 0.007158375172073804, 49: 0.018544063914587103, 50: 0.00535688390637927, 51: 0.010550047748842929, 52: 0.007906830745995625, 53: 0.009577487643175052, 54: 0.010136068934837792, 55: 0.0074610640236156, 56: 0.00794034222157675, 57: 0.013579616108018255, 58: 0.005833562272331046, 59: 0.007059550323702824, 60: 0.007618165618660751, 61: 0.015158786403858598, 62: 0.010956385715949373, 63: 0.010424230691601545, 64: 0.00978390214031409, 65: 0.010249884471463001, 66: 0.009735776517011045, 67: 0.007800917913972873, 68: 0.007399049272708291, 69: 0.01406092902709506, 70: 0.009635860153272268, 71: 0.00648159883470991, 72: 0.00784635977118235, 73: 0.009994937515980592, 74: 0.0115438118292696}","[55, 54, 54, 52, 51, 50, 49, 47, 47, 47, 46, 45, 45, 44, 44, 44, 44, 44, 43, 43, 43, 43, 43, 42, 42, 42, 42, 42, 42, 42, 41, 41, 41, 41, 41, 41, 41, 41, 40, 40, 40, 40, 39, 39, 38, 38, 38, 37, 37, 37, 37, 37, 37, 37, 36, 36, 36, 36, 36, 36, 36, 35, 35, 35, 34, 34, 34, 34, 34, 33, 33, 32, 32, 32, 31]","dict_values([27, 22, 25, 20, 23, 22, 29, 18, 25, 22, 21, 20, 24, 26, 17, 25, 19, 19, 20, 9, 11, 19, 24, 24, 20, 23, 22, 13, 28, 23, 14, 25, 16, 23, 36, 19, 21, 18, 23, 13, 26, 19, 17, 23, 11, 22, 18, 29, 27, 22, 25, 25, 24, 21, 23, 19, 19, 21, 17, 25, 19, 17, 22, 19, 11, 23, 26, 27, 23, 24, 22, 18, 26, 25, 25])",0.09953359692404885
36,40.42666666666667,0.2743920871680411,"{0: 0.016747667423396277, 1: 0.010761455551355732, 2: 0.005402407196734805, 3: 0.011813807202197385, 4: 0.013346237867527042, 5: 0.008099010557725687, 6: 0.008866597982306974, 7: 0.00892697637102422, 8: 0.012621000292233168, 9: 0.011035415895687838, 10: 0.011612519180022254, 11: 0.010642571768139162, 12: 0.007438083365393802, 13: 0.013252076069218655, 14: 0.011222480774885999, 15: 0.013664908667926728, 16: 0.008744024172369972, 17: 0.007575234116330009, 18: 0.0056002674117183095, 19: 0.009058167369495997, 20: 0.007439038842352, 21: 0.008147199071856608, 22: 0.015942524430735943, 23: 0.010713350253674392, 24: 0.005585999780010612, 25: 0.01225905889107703, 26: 0.009166958892021597, 27: 0.011583505176209858, 28: 0.0064444996960965175, 29: 0.011055433315707288, 30: 0.006862837876993054, 31: 0.009583088997190771, 32: 0.009012976936724508, 33: 0.009847822690288445, 34: 0.006700295306073813, 35: 0.011871146460187556, 36: 0.013170197211204254, 37: 0.006776506177191109, 38: 0.005180882652906577, 39: 0.011570891336471118, 40: 0.009091613600344066, 41: 0.009916092728193111, 42: 0.008890429589696873, 43: 0.014713807358849489, 44: 0.009622084786082471, 45: 0.00970876869030753, 46: 0.015424181690772155, 47: 0.015337033686535849, 48: 0.007842619354146305, 49: 0.018537900936963666, 50: 0.006043922487354505, 51: 0.010750645719131459, 52: 0.007435751137960791, 53: 0.009534696863463987, 54: 0.009390777463906215, 55: 0.007915556286852877, 56: 0.007933126598968417, 57: 0.013921057169710914, 58: 0.006186248221928374, 59: 0.007981420250865297, 60: 0.0076705417458842115, 61: 0.014987620467072521, 62: 0.011512076109075918, 63: 0.010237328550234103, 64: 0.010023941883937052, 65: 0.009746129881921538, 66: 0.010378603850048958, 67: 0.007298046966889485, 68: 0.007262626217707455, 69: 0.013435998856195544, 70: 0.009486405736669345, 71: 0.006479184637766586, 72: 0.007763571968706873, 73: 0.009698405313878979, 74: 0.01092316866179539}","[55, 54, 53, 52, 51, 50, 49, 48, 47, 46, 46, 45, 44, 44, 44, 44, 44, 44, 44, 44, 44, 43, 43, 43, 42, 42, 42, 42, 42, 42, 41, 41, 41, 41, 41, 40, 40, 40, 40, 40, 40, 40, 40, 39, 39, 38, 38, 38, 37, 37, 37, 37, 37, 37, 37, 36, 36, 36, 36, 36, 35, 35, 35, 35, 34, 34, 34, 33, 33, 33, 33, 33, 33, 32, 31]","dict_values([27, 22, 25, 20, 23, 22, 29, 18, 25, 22, 21, 20, 24, 26, 17, 25, 19, 19, 20, 9, 11, 19, 24, 24, 20, 23, 22, 13, 28, 23, 14, 25, 16, 23, 36, 19, 21, 18, 23, 13, 26, 19, 17, 23, 11, 22, 18, 29, 27, 22, 25, 25, 24, 21, 23, 19, 19, 21, 17, 25, 19, 17, 22, 19, 11, 23, 26, 27, 23, 24, 22, 18, 26, 25, 25])",0.08745849026392181
36,40.53333333333333,0.27542823138278894,"{0: 0.016637265990670204, 1: 0.011242756309957747, 2: 0.005730930135448639, 3: 0.011283758297498189, 4: 0.013357906067922686, 5: 0.008032358789496931, 6: 0.009306493724301946, 7: 0.008547918331193735, 8: 0.01266350067565202, 9: 0.011009687098975762, 10: 0.011533465651822642, 11: 0.010534974560253759, 12: 0.007731087325836184, 13: 0.01289343366968938, 14: 0.01106235348529869, 15: 0.013490189003887636, 16: 0.00871388221282585, 17: 0.007509040577616251, 18: 0.006010164375870093, 19: 0.009170898624103491, 20: 0.007281050140845486, 21: 0.0075960960141518005, 22: 0.016027494117971452, 23: 0.009679189706834533, 24: 0.00548975262005465, 25: 0.013452827161772537, 26: 0.009573175513167336, 27: 0.011464989299099714, 28: 0.006593255129867332, 29: 0.011497437195090823, 30: 0.006855358795998063, 31: 0.009511746583664393, 32: 0.009162104022023151, 33: 0.009751736130367093, 34: 0.006579075300536487, 35: 0.011811513181376196, 36: 0.013869243850331562, 37: 0.006391037355649229, 38: 0.005145233879502379, 39: 0.01177294589456835, 40: 0.008858759012953793, 41: 0.009801395985841909, 42: 0.008966099334250018, 43: 0.014519025690423614, 44: 0.00938541335997548, 45: 0.00961039342888658, 46: 0.015978962696999225, 47: 0.01539575584505047, 48: 0.007757270868086651, 49: 0.018524547170466466, 50: 0.0054543901611788775, 51: 0.010551370010439164, 52: 0.007503088867002915, 53: 0.009239403075019512, 54: 0.009360550714355322, 55: 0.007927103999063068, 56: 0.0077570750187407785, 57: 0.013888482290479155, 58: 0.006192659360467579, 59: 0.007841363278007114, 60: 0.007698048150267986, 61: 0.014759752254250795, 62: 0.012561061595640414, 63: 0.010270965921650853, 64: 0.009908191200999419, 65: 0.010219585495517993, 66: 0.010699047237459628, 67: 0.006777507395990324, 68: 0.0072602457757805165, 69: 0.012434839069218544, 70: 0.00953324657614317, 71: 0.006943800418486324, 72: 0.007717853950730663, 73: 0.009690339855261963, 74: 0.010916236963782288}","[55, 54, 53, 53, 51, 50, 49, 48, 47, 47, 46, 46, 45, 45, 45, 44, 44, 44, 44, 44, 43, 43, 43, 43, 42, 42, 42, 42, 42, 41, 41, 41, 41, 41, 41, 41, 41, 40, 40, 40, 40, 40, 40, 39, 39, 39, 38, 38, 37, 37, 37, 37, 37, 36, 36, 36, 36, 36, 36, 36, 36, 36, 35, 35, 35, 34, 34, 34, 33, 33, 33, 33, 32, 32, 31]","dict_values([27, 22, 25, 20, 23, 22, 29, 18, 25, 22, 21, 20, 24, 26, 17, 25, 19, 19, 20, 9, 11, 19, 24, 24, 20, 23, 22, 13, 28, 23, 14, 25, 16, 23, 36, 19, 21, 18, 23, 13, 26, 19, 17, 23, 11, 22, 18, 29, 27, 22, 25, 25, 24, 21, 23, 19, 19, 21, 17, 25, 19, 17, 22, 19, 11, 23, 26, 27, 23, 24, 22, 18, 26, 25, 25])",0.0946879328254848
36,40.72,0.27614853051398497,"{0: 0.01640744512632398, 1: 0.011437958712893036, 2: 0.005649892518911097, 3: 0.011216032449037447, 4: 0.013232129501017762, 5: 0.007750487154908881, 6: 0.009566143983952205, 7: 0.00828996357941751, 8: 0.013349351063392162, 9: 0.010883855684392523, 10: 0.012040086301493788, 11: 0.01024636071840811, 12: 0.0077673183745009, 13: 0.013131982814507807, 14: 0.010950628141444273, 15: 0.013245054326474357, 16: 0.008780594811636943, 17: 0.007596623649705842, 18: 0.0060611182633467636, 19: 0.009254787570901058, 20: 0.006972063350488009, 21: 0.007363441866866525, 22: 0.01527588354503593, 23: 0.009645634930822081, 24: 0.005480089412536837, 25: 0.012084792382158776, 26: 0.009588097000911287, 27: 0.011344544092831763, 28: 0.006547771453797308, 29: 0.011755684362559674, 30: 0.006950269709432981, 31: 0.009505960012423452, 32: 0.009194036952696242, 33: 0.009641885905286406, 34: 0.006766679091743883, 35: 0.011953218043094523, 36: 0.013809445800514557, 37: 0.006941652402088813, 38: 0.005273211256979318, 39: 0.011750699921596193, 40: 0.008817151190219513, 41: 0.009680776623448796, 42: 0.008922163270513647, 43: 0.01456045231540928, 44: 0.00986649180027206, 45: 0.009986558625656046, 46: 0.017227490015131058, 47: 0.015180632052047005, 48: 0.007752011221236216, 49: 0.01731564833713686, 50: 0.005768048909351218, 51: 0.011506896652444597, 52: 0.008092979445699524, 53: 0.008415978792691119, 54: 0.009132962067998003, 55: 0.007472714726610441, 56: 0.007727977293092702, 57: 0.013582660356257277, 58: 0.0065442838250626394, 59: 0.007788148534338002, 60: 0.007833168944540683, 61: 0.01376163437132106, 62: 0.011762930794251003, 63: 0.010848340868845714, 64: 0.010451057540098636, 65: 0.010389076449276993, 66: 0.010714350250379525, 67: 0.0067152743334953895, 68: 0.0072257718544961845, 69: 0.011687476596167813, 70: 0.009678210105524354, 71: 0.006884175438750204, 72: 0.007888514298894388, 73: 0.00962582371177614, 74: 0.010694401365842805}","[55, 54, 53, 53, 50, 49, 49, 48, 47, 47, 46, 46, 46, 45, 45, 44, 44, 44, 44, 44, 44, 43, 43, 43, 43, 42, 42, 42, 42, 42, 42, 42, 42, 42, 41, 41, 41, 41, 41, 40, 40, 40, 40, 39, 39, 39, 38, 38, 38, 37, 37, 37, 37, 36, 36, 36, 36, 36, 36, 36, 36, 36, 35, 35, 35, 34, 34, 34, 34, 34, 33, 33, 33, 33, 32]","dict_values([27, 22, 25, 20, 23, 22, 29, 18, 25, 22, 21, 20, 24, 26, 17, 25, 19, 19, 20, 9, 11, 19, 24, 24, 20, 23, 22, 13, 28, 23, 14, 25, 16, 23, 36, 19, 21, 18, 23, 13, 26, 19, 17, 23, 11, 22, 18, 29, 27, 22, 25, 25, 24, 21, 23, 19, 19, 21, 17, 25, 19, 17, 22, 19, 11, 23, 26, 27, 23, 24, 22, 18, 26, 25, 25])",0.09033897163864238
36,40.53333333333333,0.2740503609705862,"{0: 0.016485356781067082, 1: 0.011646504657368106, 2: 0.0057081160772997, 3: 0.011406863479874265, 4: 0.013376029944194524, 5: 0.007715718711058908, 6: 0.00969801796877222, 7: 0.008328976974595288, 8: 0.014001853631097228, 9: 0.011038828698954577, 10: 0.011866796299494334, 11: 0.009921287634252238, 12: 0.007862812432174826, 13: 0.01277531024705984, 14: 0.011000036861403713, 15: 0.013304875695534221, 16: 0.009139251910267635, 17: 0.007700139035755476, 18: 0.006029772855289026, 19: 0.009884343261721783, 20: 0.0072785021621463285, 21: 0.0074155723128325884, 22: 0.015692523072697955, 23: 0.009869135554067059, 24: 0.005920018450964151, 25: 0.012159366097722262, 26: 0.009759552323823294, 27: 0.011379521110643338, 28: 0.006531280947966652, 29: 0.011649758571702374, 30: 0.0070144384105377535, 31: 0.009195067756711592, 32: 0.009727709392754363, 33: 0.009890943742146965, 34: 0.007487625393030799, 35: 0.011949939807992346, 36: 0.013822734169967307, 37: 0.006856856865817299, 38: 0.005382002372321952, 39: 0.011541793666481179, 40: 0.00894196364379909, 41: 0.009335579437224607, 42: 0.008931082295534746, 43: 0.014259713051206834, 44: 0.009206768024109926, 45: 0.00976333439743367, 46: 0.015023310389493946, 47: 0.015346918724752441, 48: 0.007826700891981342, 49: 0.015766105186891373, 50: 0.005939379419846604, 51: 0.011661967266278498, 52: 0.008106540989142411, 53: 0.009138387734278147, 54: 0.00931642196706243, 55: 0.007543556494255822, 56: 0.007692396466539765, 57: 0.01374513269657142, 58: 0.006657015294787652, 59: 0.007910143158372527, 60: 0.007808954104959555, 61: 0.01380190980772326, 62: 0.012090040985863878, 63: 0.010087734747486626, 64: 0.010175402303892439, 65: 0.010520605870672004, 66: 0.010999288266109677, 67: 0.006413497692801434, 68: 0.0072746494796918195, 69: 0.011753133153469297, 70: 0.009835890148557113, 71: 0.006469599038037477, 72: 0.007898842612742884, 73: 0.009625826475386309, 74: 0.011403014650070606}","[55, 52, 51, 51, 50, 49, 49, 48, 47, 47, 46, 46, 46, 45, 45, 44, 44, 44, 44, 44, 43, 43, 43, 42, 42, 42, 42, 42, 42, 42, 42, 42, 42, 41, 41, 41, 41, 40, 40, 40, 40, 40, 40, 39, 39, 39, 38, 38, 38, 38, 37, 37, 37, 37, 36, 36, 36, 36, 36, 36, 35, 35, 35, 35, 34, 34, 34, 34, 34, 33, 33, 33, 33, 33, 32]","dict_values([27, 22, 25, 20, 23, 22, 29, 18, 25, 22, 21, 20, 24, 26, 17, 25, 19, 19, 20, 9, 11, 19, 24, 24, 20, 23, 22, 13, 28, 23, 14, 25, 16, 23, 36, 19, 21, 18, 23, 13, 26, 19, 17, 23, 11, 22, 18, 29, 27, 22, 25, 25, 24, 21, 23, 19, 19, 21, 17, 25, 19, 17, 22, 19, 11, 23, 26, 27, 23, 24, 22, 18, 26, 25, 25])",0.09573060941828256
36,40.693333333333335,0.2757866022417013,"{0: 0.016312504486475143, 1: 0.011179892506496689, 2: 0.0057617389809170635, 3: 0.01123275193791298, 4: 0.014053191913435499, 5: 0.007914387875316453, 6: 0.00958674845661147, 7: 0.008062447446009091, 8: 0.013906268953132689, 9: 0.009887406402554196, 10: 0.011671720398250452, 11: 0.009705374598991845, 12: 0.007839325394957812, 13: 0.012659559987113475, 14: 0.011832096858168937, 15: 0.013085228474272088, 16: 0.008430993528908408, 17: 0.007987296857159872, 18: 0.0061016509554088225, 19: 0.009647335326177682, 20: 0.007142182655881285, 21: 0.007286578348222185, 22: 0.015615478498440118, 23: 0.009227506562544186, 24: 0.005863299855678786, 25: 0.012086436476268619, 26: 0.009205251314068602, 27: 0.01110770698910569, 28: 0.006863597026472196, 29: 0.011647034201795156, 30: 0.006798740214779447, 31: 0.00915536693550518, 32: 0.009674774452130523, 33: 0.010099185014175588, 34: 0.007198050103455511, 35: 0.01192852801417265, 36: 0.014191572336703772, 37: 0.007197227486431022, 38: 0.0053214572320556455, 39: 0.01145365325032155, 40: 0.008859637029759207, 41: 0.009215710161997114, 42: 0.008815321986671641, 43: 0.014017647140304179, 44: 0.009961929972741573, 45: 0.009706477148795597, 46: 0.015372552876915184, 47: 0.015701396470945764, 48: 0.007616771829100596, 49: 0.016104243776993227, 50: 0.005877773343526766, 51: 0.011400269682533562, 52: 0.007996455735840862, 53: 0.008988818577859676, 54: 0.01014045861661213, 55: 0.0074467971865475775, 56: 0.007683569156171895, 57: 0.013544507380849365, 58: 0.006585772269735937, 59: 0.008379366960812377, 60: 0.007668444339316725, 61: 0.013786284866861965, 62: 0.012448283188895829, 63: 0.01005140981933637, 64: 0.010573285600322372, 65: 0.011389776491739048, 66: 0.010832430001499936, 67: 0.006779321505348903, 68: 0.006462147782426606, 69: 0.01169154158903807, 70: 0.01020260993020484, 71: 0.005977509780050964, 72: 0.007913699832371196, 73: 0.009436435899087077, 74: 0.011840019604588171}","[55, 52, 52, 51, 50, 50, 49, 48, 48, 48, 46, 46, 46, 45, 45, 45, 45, 44, 44, 44, 44, 43, 43, 43, 43, 42, 42, 42, 42, 42, 42, 41, 41, 41, 41, 41, 41, 41, 41, 40, 40, 40, 40, 40, 39, 39, 38, 38, 38, 38, 38, 37, 37, 37, 37, 36, 36, 36, 36, 36, 36, 35, 35, 35, 35, 34, 34, 34, 34, 33, 33, 33, 33, 32, 31]","dict_values([27, 22, 25, 20, 23, 22, 29, 18, 25, 22, 21, 20, 24, 26, 17, 25, 19, 19, 20, 9, 11, 19, 24, 24, 20, 23, 22, 13, 28, 23, 14, 25, 16, 23, 36, 19, 21, 18, 23, 13, 26, 19, 17, 23, 11, 22, 18, 29, 27, 22, 25, 25, 24, 21, 23, 19, 19, 21, 17, 25, 19, 17, 22, 19, 11, 23, 26, 27, 23, 24, 22, 18, 26, 25, 25])",0.09871317435315176
36,40.82666666666667,0.2774677534356977,"{0: 0.01608987437213825, 1: 0.0111109484307033, 2: 0.005611771707662119, 3: 0.011551666737319223, 4: 0.014687812409513928, 5: 0.007705214075077091, 6: 0.009169759340992217, 7: 0.008014049281172568, 8: 0.013873163098109022, 9: 0.009462356652335023, 10: 0.011616380749401658, 11: 0.00992346480810792, 12: 0.007904937284894026, 13: 0.012440516953855093, 14: 0.013537826136960961, 15: 0.012966886314038441, 16: 0.008390492842547637, 17: 0.007871283556215065, 18: 0.006144829603733713, 19: 0.009380410932321533, 20: 0.00698530150584945, 21: 0.007161629250670346, 22: 0.015281382345189123, 23: 0.0087729533295503, 24: 0.006223484810362966, 25: 0.011780640025052427, 26: 0.009615634949088446, 27: 0.011295386457607078, 28: 0.006733304108934967, 29: 0.011226337116748076, 30: 0.006375982635896118, 31: 0.009483045728539601, 32: 0.009596326950328393, 33: 0.009874389755427967, 34: 0.0077181538050319605, 35: 0.011646328036018014, 36: 0.013907285482627946, 37: 0.007015998284924024, 38: 0.005146455344724993, 39: 0.01136380260208667, 40: 0.008868195340798081, 41: 0.009298565210605588, 42: 0.008538926383194588, 43: 0.014173135912501456, 44: 0.009285354285354286, 45: 0.00992856931213096, 46: 0.015300961777169421, 47: 0.015473232650593865, 48: 0.007528549651837324, 49: 0.016335506133631585, 50: 0.006230969758367018, 51: 0.011445870755531896, 52: 0.007869851936182148, 53: 0.009923370368575848, 54: 0.010072418698950782, 55: 0.007398106877198442, 56: 0.007911941816051406, 57: 0.014172914470318942, 58: 0.006481483489414274, 59: 0.009699239944373326, 60: 0.007639076672962759, 61: 0.013769564456298415, 62: 0.011258735808122977, 63: 0.010432003351974512, 64: 0.010586127565219131, 65: 0.01139372486885104, 66: 0.010637086655471662, 67: 0.007052813902128972, 68: 0.0063814896096799495, 69: 0.01163693120794779, 70: 0.010016486779284184, 71: 0.00537895873512312, 72: 0.007909959721423311, 73: 0.008901371626678043, 74: 0.011505445932266408}","[55, 52, 52, 51, 50, 50, 49, 49, 49, 48, 47, 46, 46, 46, 45, 45, 44, 44, 44, 44, 43, 43, 43, 43, 43, 43, 43, 43, 42, 42, 42, 42, 41, 41, 41, 41, 41, 41, 41, 41, 40, 40, 40, 39, 39, 39, 39, 38, 38, 38, 38, 38, 37, 37, 37, 37, 36, 36, 36, 36, 36, 35, 35, 35, 35, 35, 34, 34, 34, 34, 33, 33, 32, 32, 31]","dict_values([27, 22, 25, 20, 23, 22, 29, 18, 25, 22, 21, 20, 24, 26, 17, 25, 19, 19, 20, 9, 11, 19, 24, 24, 20, 23, 22, 13, 28, 23, 14, 25, 16, 23, 36, 19, 21, 18, 23, 13, 26, 19, 17, 23, 11, 22, 18, 29, 27, 22, 25, 25, 24, 21, 23, 19, 19, 21, 17, 25, 19, 17, 22, 19, 11, 23, 26, 27, 23, 24, 22, 18, 26, 25, 25])",0.09716543918606155
36,40.74666666666667,0.2773414473520138,"{0: 0.01622260700504491, 1: 0.011178616058753045, 2: 0.005778218449451326, 3: 0.01163510265609667, 4: 0.014035665950070787, 5: 0.007168163523721679, 6: 0.009285230175641134, 7: 0.008121820279354526, 8: 0.013849729950656624, 9: 0.008634669152703348, 10: 0.011764348408184027, 11: 0.01006447502140404, 12: 0.007991507626050246, 13: 0.012402751741731527, 14: 0.013665065571290392, 15: 0.012127838223728636, 16: 0.008404879318188061, 17: 0.008287264408839753, 18: 0.0063207306879135335, 19: 0.009873096016687016, 20: 0.007028618415604717, 21: 0.007243937466540206, 22: 0.015573385293785215, 23: 0.009111526300285368, 24: 0.0062235242029762584, 25: 0.012595591727843943, 26: 0.01035767782343125, 27: 0.011297938994856802, 28: 0.005943084061968602, 29: 0.010863141745256951, 30: 0.005647581880458594, 31: 0.009291657271109326, 32: 0.009150189241442539, 33: 0.009558586199975632, 34: 0.008173777418788705, 35: 0.012153704652481561, 36: 0.013917804682615675, 37: 0.007077217128906059, 38: 0.0051982531434586225, 39: 0.011491887304129861, 40: 0.009105200406044745, 41: 0.009172140464948684, 42: 0.008444111141028948, 43: 0.01411761217588328, 44: 0.009375314863275383, 45: 0.009887744254501679, 46: 0.015254259030191083, 47: 0.015676609412814436, 48: 0.007597373340725477, 49: 0.017214356255452146, 50: 0.006295070807057109, 51: 0.01124061877486535, 52: 0.00807746691401866, 53: 0.008817305221414811, 54: 0.009920052523962164, 55: 0.007081537789708044, 56: 0.007829438522931673, 57: 0.012937470653053907, 58: 0.0062319961659492, 59: 0.009849457827508488, 60: 0.007752054498629841, 61: 0.013867305215524817, 62: 0.011608514095222745, 63: 0.010648966618878557, 64: 0.010578192941206639, 65: 0.011541063638325416, 66: 0.010761698475739573, 67: 0.007155872224365376, 68: 0.00634823178120634, 69: 0.01161474563015659, 70: 0.010108277259696046, 71: 0.005560302521238026, 72: 0.008483939263048851, 73: 0.008880506662033655, 74: 0.012089203419827393}","[55, 52, 52, 52, 50, 50, 49, 48, 48, 47, 47, 46, 46, 46, 45, 45, 45, 44, 44, 44, 44, 43, 43, 43, 43, 43, 43, 42, 42, 42, 42, 42, 41, 41, 41, 41, 41, 41, 41, 40, 40, 40, 39, 39, 39, 39, 39, 38, 38, 38, 38, 37, 37, 37, 37, 37, 36, 36, 36, 36, 36, 35, 35, 35, 35, 34, 34, 34, 34, 33, 33, 33, 32, 32, 31]","dict_values([27, 22, 25, 20, 23, 22, 29, 18, 25, 22, 21, 20, 24, 26, 17, 25, 19, 19, 20, 9, 11, 19, 24, 24, 20, 23, 22, 13, 28, 23, 14, 25, 16, 23, 36, 19, 21, 18, 23, 13, 26, 19, 17, 23, 11, 22, 18, 29, 27, 22, 25, 25, 24, 21, 23, 19, 19, 21, 17, 25, 19, 17, 22, 19, 11, 23, 26, 27, 23, 24, 22, 18, 26, 25, 25])",0.09703895520956116
36,40.82666666666667,0.2783993665612081,"{0: 0.015291359496478458, 1: 0.010588999356851295, 2: 0.005393547174369091, 3: 0.011675117237712217, 4: 0.014106291609282916, 5: 0.00729761202897008, 6: 0.009307922321620952, 7: 0.008392995379296749, 8: 0.013491860292700927, 9: 0.00898666976716729, 10: 0.01151665977400339, 11: 0.010126142012870919, 12: 0.00791960282767781, 13: 0.012091346992106147, 14: 0.013496412571922948, 15: 0.011534159580090282, 16: 0.008345349340302476, 17: 0.008693680363747399, 18: 0.006357126508532421, 19: 0.009855065977851586, 20: 0.007037532740680512, 21: 0.007564262376999191, 22: 0.015079794948670344, 23: 0.009056614804677714, 24: 0.00632067467016304, 25: 0.012350689834004466, 26: 0.010675771079325321, 27: 0.01131147160366047, 28: 0.006402070626333508, 29: 0.010720658970889294, 30: 0.005421072081023733, 31: 0.010359826029131517, 32: 0.008984786322025692, 33: 0.00892205189349922, 34: 0.008396917324851365, 35: 0.012783679099821041, 36: 0.013480105684503666, 37: 0.007019495510697598, 38: 0.005206591234717145, 39: 0.011280890066278455, 40: 0.009119625927484613, 41: 0.010140297297831545, 42: 0.008302593909776435, 43: 0.014637029720524988, 44: 0.008774508388783802, 45: 0.010007010603621996, 46: 0.01532642019703629, 47: 0.01566569806476079, 48: 0.0074890952053893655, 49: 0.018554433137577417, 50: 0.006310139452809229, 51: 0.011113108417101421, 52: 0.008022890310945984, 53: 0.009063034747966258, 54: 0.009855701625496783, 55: 0.006503882005144922, 56: 0.007860195917613581, 57: 0.013399587512781457, 58: 0.006197915787446898, 59: 0.009822125126641972, 60: 0.007573935725349309, 61: 0.013700545737629799, 62: 0.010433005611448292, 63: 0.010542047825298039, 64: 0.011062928699915002, 65: 0.011344865088072897, 66: 0.010615877396699317, 67: 0.0077859478544410055, 68: 0.0063506961702503245, 69: 0.011811928480591502, 70: 0.010091384663001858, 71: 0.005506968345766031, 72: 0.008697220951941425, 73: 0.00880066193517041, 74: 0.011953340743624339}","[54, 54, 53, 52, 50, 49, 49, 48, 48, 47, 47, 46, 46, 46, 45, 45, 44, 44, 44, 43, 43, 43, 43, 43, 43, 43, 43, 43, 43, 43, 42, 42, 42, 42, 41, 41, 41, 41, 41, 40, 40, 40, 40, 39, 39, 39, 38, 38, 38, 38, 38, 38, 38, 37, 37, 37, 37, 37, 37, 36, 36, 36, 35, 35, 34, 34, 34, 34, 33, 33, 33, 32, 32, 32, 31]","dict_values([27, 22, 25, 20, 23, 22, 29, 18, 25, 22, 21, 20, 24, 26, 17, 25, 19, 19, 20, 9, 11, 19, 24, 24, 20, 23, 22, 13, 28, 23, 14, 25, 16, 23, 36, 19, 21, 18, 23, 13, 26, 19, 17, 23, 11, 22, 18, 29, 27, 22, 25, 25, 24, 21, 23, 19, 19, 21, 17, 25, 19, 17, 22, 19, 11, 23, 26, 27, 23, 24, 22, 18, 26, 25, 25])",0.09542308937734031
36,40.693333333333335,0.2773602224555258,"{0: 0.015120974930036774, 1: 0.010122855196116857, 2: 0.005348383792548869, 3: 0.011353496311344882, 4: 0.014841294271810343, 5: 0.007688221867165607, 6: 0.009518921162756776, 7: 0.008866994825898937, 8: 0.013633511976739782, 9: 0.008339360752433392, 10: 0.010681827159198411, 11: 0.009834641912667585, 12: 0.007813740239041179, 13: 0.012363252726929938, 14: 0.013620884718577584, 15: 0.01162565157398957, 16: 0.008304079948176295, 17: 0.009545881937065017, 18: 0.0060195031656218876, 19: 0.009467685180148797, 20: 0.007236310318502099, 21: 0.00770169965375445, 22: 0.015340204986920885, 23: 0.00905032366512384, 24: 0.006208861174614602, 25: 0.013057951645354567, 26: 0.010651084281221268, 27: 0.009792267174788413, 28: 0.006455801868053097, 29: 0.01186074677273956, 30: 0.005722043303937288, 31: 0.010686053702730293, 32: 0.00826763528355104, 33: 0.009023408492010648, 34: 0.008166932723016591, 35: 0.013249245485680967, 36: 0.013812417606539637, 37: 0.007819396896031684, 38: 0.005185807240601761, 39: 0.010488333329896626, 40: 0.0092371229808144, 41: 0.010324175204095442, 42: 0.008352423420916574, 43: 0.014141829095618844, 44: 0.008993444152675325, 45: 0.00997323759749969, 46: 0.015888747900830683, 47: 0.014770046056798573, 48: 0.007092984364073044, 49: 0.01973131346294754, 50: 0.0063061599215578764, 51: 0.011727580391963956, 52: 0.007995830238523285, 53: 0.009086738920274553, 54: 0.009452662981783337, 55: 0.0063571976060598, 56: 0.008022410248437646, 57: 0.0125656899532578, 58: 0.00629966215023583, 59: 0.010323671324632633, 60: 0.0077272921451003625, 61: 0.012573632683155745, 62: 0.010440188422446829, 63: 0.010141451139433991, 64: 0.011144807759165312, 65: 0.011427194620223114, 66: 0.010262492740384191, 67: 0.008236981353419708, 68: 0.006487356452502122, 69: 0.01147202208101553, 70: 0.010343834002441937, 71: 0.005474411597403347, 72: 0.008608537375660663, 73: 0.008970048632990234, 74: 0.012364240987130142}","[55, 54, 53, 52, 49, 49, 49, 48, 47, 47, 47, 47, 46, 46, 45, 44, 44, 44, 44, 43, 43, 43, 43, 43, 43, 43, 42, 42, 42, 42, 42, 42, 41, 41, 41, 41, 41, 41, 41, 40, 40, 40, 39, 39, 39, 38, 38, 38, 38, 38, 38, 38, 38, 37, 37, 37, 37, 37, 36, 36, 36, 35, 35, 35, 35, 34, 34, 34, 33, 33, 32, 32, 32, 32, 32]","dict_values([27, 22, 25, 20, 23, 22, 29, 18, 25, 22, 21, 20, 24, 26, 17, 25, 19, 19, 20, 9, 11, 19, 24, 24, 20, 23, 22, 13, 28, 23, 14, 25, 16, 23, 36, 19, 21, 18, 23, 13, 26, 19, 17, 23, 11, 22, 18, 29, 27, 22, 25, 25, 24, 21, 23, 19, 19, 21, 17, 25, 19, 17, 22, 19, 11, 23, 26, 27, 23, 24, 22, 18, 26, 25, 25])",0.0973317026499178
36,40.48,0.27599685695982784,"{0: 0.015149660588190048, 1: 0.010492756360808392, 2: 0.005453617919371343, 3: 0.011877061347349414, 4: 0.015090694073948967, 5: 0.007825459991184187, 6: 0.009048502303019934, 7: 0.00902289814961048, 8: 0.01395351611066557, 9: 0.008471129535521576, 10: 0.010748102568331502, 11: 0.010136952883347846, 12: 0.00783779978020488, 13: 0.012566732056558519, 14: 0.013284377441794984, 15: 0.012348720210130879, 16: 0.008374731016589726, 17: 0.00888015073843319, 18: 0.005767818429795475, 19: 0.00951972979400853, 20: 0.007308821349896773, 21: 0.007757718434249994, 22: 0.01565611222587759, 23: 0.009124357768715495, 24: 0.006249695997203277, 25: 0.013976198564718042, 26: 0.01073237459579953, 27: 0.010862953088595691, 28: 0.0064628479158165665, 29: 0.011843319181560598, 30: 0.005771932793938039, 31: 0.010372053959654723, 32: 0.00846188987282249, 33: 0.009288282230704471, 34: 0.008270342922308415, 35: 0.014089364171556292, 36: 0.01441219834460715, 37: 0.007211121954049797, 38: 0.0047886173347515566, 39: 0.01031493622761716, 40: 0.009394327623440954, 41: 0.009659456200552093, 42: 0.008548199143292032, 43: 0.011916961671048509, 44: 0.008973598830500187, 45: 0.010848932744233986, 46: 0.0161750683406246, 47: 0.014935131299440817, 48: 0.006624586847189587, 49: 0.01940450594936727, 50: 0.006137069938976057, 51: 0.012006772929531064, 52: 0.008143450082176618, 53: 0.008110581672225507, 54: 0.009562043826497304, 55: 0.006436060318946063, 56: 0.007396715415801148, 57: 0.012735138444840725, 58: 0.0063340213901073306, 59: 0.009464955190022366, 60: 0.00778782489379688, 61: 0.012698432475560427, 62: 0.010920955239942692, 63: 0.010289715519250234, 64: 0.010718621848758837, 65: 0.011295060503536741, 66: 0.009775901419737037, 67: 0.007871725851177904, 68: 0.006604404107784718, 69: 0.011756789936376341, 70: 0.010371497388034558, 71: 0.005616073495195353, 72: 0.009158662830787057, 73: 0.009156793051499551, 74: 0.012605805423446897}","[54, 54, 53, 49, 49, 49, 49, 48, 48, 47, 47, 47, 46, 46, 45, 44, 44, 44, 44, 43, 43, 43, 43, 43, 43, 43, 43, 42, 42, 42, 42, 41, 41, 41, 41, 41, 41, 40, 40, 40, 40, 39, 39, 39, 39, 38, 38, 38, 38, 38, 38, 37, 37, 37, 37, 37, 36, 36, 36, 36, 35, 35, 35, 34, 34, 34, 34, 33, 33, 33, 32, 32, 32, 31, 31]","dict_values([27, 22, 25, 20, 23, 22, 29, 18, 25, 22, 21, 20, 24, 26, 17, 25, 19, 19, 20, 9, 11, 19, 24, 24, 20, 23, 22, 13, 28, 23, 14, 25, 16, 23, 36, 19, 21, 18, 23, 13, 26, 19, 17, 23, 11, 22, 18, 29, 27, 22, 25, 25, 24, 21, 23, 19, 19, 21, 17, 25, 19, 17, 22, 19, 11, 23, 26, 27, 23, 24, 22, 18, 26, 25, 25])",0.09477356482855709
36,40.4,0.2759041721058337,"{0: 0.015053925062583339, 1: 0.010636508901821206, 2: 0.005421743401195456, 3: 0.011999675560631484, 4: 0.015050966123262111, 5: 0.007970304150544805, 6: 0.008667190817074231, 7: 0.009237912576953673, 8: 0.013020219800656927, 9: 0.008419920416637137, 10: 0.01131462392337303, 11: 0.010581288795890665, 12: 0.007853279091840396, 13: 0.012664909232531649, 14: 0.013443056923201207, 15: 0.012384207574385365, 16: 0.007883719909140264, 17: 0.008566928336169689, 18: 0.005801168805611606, 19: 0.009552788045040336, 20: 0.007313008511618181, 21: 0.007753882642742967, 22: 0.015979745688353027, 23: 0.009242957993884571, 24: 0.006233544867436185, 25: 0.014051843566836244, 26: 0.011107745097323424, 27: 0.010916063929377764, 28: 0.00660260432652539, 29: 0.011804452704337956, 30: 0.0057828602021257215, 31: 0.010340469647499618, 32: 0.008509503569736586, 33: 0.008708108447873631, 34: 0.00841008577783136, 35: 0.01417179815689534, 36: 0.014291306197544481, 37: 0.006738744704679755, 38: 0.00485818298650899, 39: 0.010666247983104048, 40: 0.009070313902317039, 41: 0.009769491070860937, 42: 0.008525255519424346, 43: 0.012103682788300858, 44: 0.00897743205351149, 45: 0.010229586249810818, 46: 0.016308411532213633, 47: 0.014435257609013052, 48: 0.0068977160586749615, 49: 0.02036047745796205, 50: 0.006254009953176345, 51: 0.012108160472137168, 52: 0.007836435669402288, 53: 0.008088771033976514, 54: 0.009502170136486627, 55: 0.006566667169539931, 56: 0.007533337812697518, 57: 0.012770841562735622, 58: 0.006326708304431587, 59: 0.009109331347719352, 60: 0.007943032412018096, 61: 0.012706559131351823, 62: 0.011099576674442271, 63: 0.010399840371923506, 64: 0.011117877832251172, 65: 0.011437104052512274, 66: 0.009894985100464554, 67: 0.007885733414766331, 68: 0.006599751769331605, 69: 0.01179731036450755, 70: 0.010293939775025844, 71: 0.005128386021206509, 72: 0.009649189746631547, 73: 0.008428711779302198, 74: 0.012633191346519659}","[55, 54, 53, 49, 49, 49, 48, 48, 48, 47, 47, 47, 46, 45, 45, 44, 44, 44, 44, 44, 44, 43, 43, 43, 43, 43, 43, 43, 42, 42, 42, 42, 41, 41, 41, 41, 40, 40, 40, 40, 39, 39, 39, 38, 38, 38, 38, 38, 38, 38, 37, 37, 37, 37, 37, 37, 36, 36, 36, 35, 35, 35, 35, 34, 34, 33, 33, 33, 33, 33, 32, 32, 31, 31, 31]","dict_values([27, 22, 25, 20, 23, 22, 29, 18, 25, 22, 21, 20, 24, 26, 17, 25, 19, 19, 20, 9, 11, 19, 24, 24, 20, 23, 22, 13, 28, 23, 14, 25, 16, 23, 36, 19, 21, 18, 23, 13, 26, 19, 17, 23, 11, 22, 18, 29, 27, 22, 25, 25, 24, 21, 23, 19, 19, 21, 17, 25, 19, 17, 22, 19, 11, 23, 26, 27, 23, 24, 22, 18, 26, 25, 25])",0.09579409426091125
36,40.32,0.27547263918018833,"{0: 0.015322543491190868, 1: 0.010966452385723772, 2: 0.005459055140763441, 3: 0.012009392507083497, 4: 0.015029059238840448, 5: 0.008058915176265335, 6: 0.007599567651944768, 7: 0.009429883129143248, 8: 0.013096073335369083, 9: 0.007905035094469978, 10: 0.011190072419227242, 11: 0.010873398447614667, 12: 0.007944581487060308, 13: 0.012716391655401175, 14: 0.01335210860193294, 15: 0.011101586740556254, 16: 0.007950703378602162, 17: 0.00899610212270751, 18: 0.0055145011559302555, 19: 0.00953782443781222, 20: 0.007279297096759525, 21: 0.007847443376436593, 22: 0.016337194892250755, 23: 0.009349856083880174, 24: 0.006363370142670737, 25: 0.01458237288089421, 26: 0.011153529414987774, 27: 0.011072174717997455, 28: 0.00639128767938411, 29: 0.011962707947369724, 30: 0.005617233294748501, 31: 0.010266158580508387, 32: 0.008302964350927844, 33: 0.009201007940049386, 34: 0.008483973656182224, 35: 0.015239679335177234, 36: 0.012860285130330738, 37: 0.007067238553705902, 38: 0.0049571484502991345, 39: 0.010673618803898789, 40: 0.009098866576162568, 41: 0.009947371753541224, 42: 0.00854145673121438, 43: 0.011886116841560823, 44: 0.008094625255165444, 45: 0.01138507351635038, 46: 0.016576421168889393, 47: 0.01463554583774076, 48: 0.005759284677495797, 49: 0.021566074767231207, 50: 0.006162775900890324, 51: 0.01049336718555091, 52: 0.007856469547318827, 53: 0.008037862404334215, 54: 0.010115901069795114, 55: 0.006531047751764271, 56: 0.0074927530406982456, 57: 0.012631247332674123, 58: 0.006463930100790662, 59: 0.009274544365504183, 60: 0.008628320363591012, 61: 0.013082838697337501, 62: 0.011233747498114125, 63: 0.009831570776395307, 64: 0.011192120353265061, 65: 0.010775456967924158, 66: 0.009789977719067164, 67: 0.007627350821944126, 68: 0.006139246478449726, 69: 0.012396191512716238, 70: 0.010133962704491808, 71: 0.005505845024711794, 72: 0.010281246425974961, 73: 0.008636063860163868, 74: 0.012855860109872785}","[56, 54, 53, 49, 49, 48, 48, 48, 48, 47, 47, 46, 46, 45, 45, 44, 44, 44, 44, 43, 43, 43, 43, 43, 43, 43, 43, 42, 42, 42, 42, 42, 41, 41, 41, 41, 41, 40, 40, 40, 39, 39, 39, 38, 38, 38, 37, 37, 37, 37, 37, 37, 37, 37, 37, 36, 36, 36, 36, 36, 35, 35, 35, 34, 34, 34, 33, 33, 33, 33, 32, 32, 31, 31, 31]","dict_values([27, 22, 25, 20, 23, 22, 29, 18, 25, 22, 21, 20, 24, 26, 17, 25, 19, 19, 20, 9, 11, 19, 24, 24, 20, 23, 22, 13, 28, 23, 14, 25, 16, 23, 36, 19, 21, 18, 23, 13, 26, 19, 17, 23, 11, 22, 18, 29, 27, 22, 25, 25, 24, 21, 23, 19, 19, 21, 17, 25, 19, 17, 22, 19, 11, 23, 26, 27, 23, 24, 22, 18, 26, 25, 25])",0.09711899162957363
36,40.21333333333333,0.2743234438765648,"{0: 0.015531628032297337, 1: 0.010949229241624142, 2: 0.00532879951454885, 3: 0.011997036346096203, 4: 0.014461278575742047, 5: 0.007927928897254492, 6: 0.008631066947362183, 7: 0.009464479115969848, 8: 0.012660628656887673, 9: 0.007863323088295864, 10: 0.01156461706856985, 11: 0.011063906767911835, 12: 0.008020243080485044, 13: 0.012708565774889885, 14: 0.013466335616292135, 15: 0.010317374050280832, 16: 0.007849692521375837, 17: 0.009005164561389802, 18: 0.005541368824817877, 19: 0.009644208721099057, 20: 0.007316350840761078, 21: 0.007450696064578084, 22: 0.01556648132481175, 23: 0.009272520940520885, 24: 0.006436845487347405, 25: 0.013900923902951577, 26: 0.01180473087283201, 27: 0.011101962644100521, 28: 0.006694241144396597, 29: 0.011501442462078938, 30: 0.0056371714409587095, 31: 0.010467337696290548, 32: 0.008498286174953571, 33: 0.009126909892403865, 34: 0.008841215767866416, 35: 0.015348382316345143, 36: 0.012124230430280568, 37: 0.007098113894235635, 38: 0.0051375869573791165, 39: 0.011255168104329007, 40: 0.00925319976695359, 41: 0.010401696944807342, 42: 0.007991394311320532, 43: 0.011545130465655477, 44: 0.00808420363813948, 45: 0.01134793624673721, 46: 0.01684218934697048, 47: 0.014659632942401572, 48: 0.005802560944809011, 49: 0.021765796982414584, 50: 0.006257460302098942, 51: 0.010542881125745791, 52: 0.007194244872947822, 53: 0.008091358282736204, 54: 0.009629800939466405, 55: 0.006548184007437881, 56: 0.00703170515404809, 57: 0.01259834821295899, 58: 0.006533422293570526, 59: 0.009882131532337338, 60: 0.008706151439347694, 61: 0.013270055990058274, 62: 0.011201831508726084, 63: 0.009874694895683343, 64: 0.011361135797074557, 65: 0.01153179078199511, 66: 0.00979305003277606, 67: 0.008139489754731437, 68: 0.006830533418673437, 69: 0.011835447164885682, 70: 0.010368732496494771, 71: 0.005571771958363901, 72: 0.01014994451385113, 73: 0.008187754290047592, 74: 0.013059655439803438}","[56, 54, 53, 48, 48, 48, 48, 47, 47, 47, 47, 46, 45, 45, 45, 44, 44, 44, 44, 44, 43, 43, 43, 43, 43, 43, 43, 42, 42, 42, 42, 41, 41, 41, 41, 41, 40, 40, 40, 40, 39, 39, 39, 38, 38, 38, 38, 38, 37, 37, 37, 37, 37, 36, 36, 36, 36, 36, 36, 36, 35, 35, 35, 34, 34, 33, 33, 33, 33, 32, 32, 32, 31, 31, 31]","dict_values([27, 22, 25, 20, 23, 22, 29, 18, 25, 22, 21, 20, 24, 26, 17, 25, 19, 19, 20, 9, 11, 19, 24, 24, 20, 23, 22, 13, 28, 23, 14, 25, 16, 23, 36, 19, 21, 18, 23, 13, 26, 19, 17, 23, 11, 22, 18, 29, 27, 22, 25, 25, 24, 21, 23, 19, 19, 21, 17, 25, 19, 17, 22, 19, 11, 23, 26, 27, 23, 24, 22, 18, 26, 25, 25])",0.1024034503866206
36,40.24,0.27507362670121854,"{0: 0.016388002426068814, 1: 0.010864116320480796, 2: 0.005307357961294511, 3: 0.012048239220716218, 4: 0.014424589510281291, 5: 0.007472600066599924, 6: 0.008484180069789586, 7: 0.01003294399642373, 8: 0.012499732333865681, 9: 0.007876719850841905, 10: 0.012445469646708986, 11: 0.0119870817188983, 12: 0.007374110197461584, 13: 0.012599787211820385, 14: 0.013557669504598517, 15: 0.010234785226905645, 16: 0.007818918800678145, 17: 0.0089748761515034, 18: 0.005477415599217468, 19: 0.009746348601434113, 20: 0.00733106252485249, 21: 0.007450603757726284, 22: 0.01542737765981559, 23: 0.00880595672655685, 24: 0.00647053413720114, 25: 0.013840805987009782, 26: 0.011852555169206663, 27: 0.011244288336814984, 28: 0.006565489152993498, 29: 0.011371388400893936, 30: 0.005750972649828881, 31: 0.009863191672411181, 32: 0.008755079830073285, 33: 0.009334352186035904, 34: 0.008138222860425016, 35: 0.016567473698532592, 36: 0.012034572220937307, 37: 0.007074744449780368, 38: 0.005094364140847133, 39: 0.011183437471201126, 40: 0.008871269286902336, 41: 0.010251615268904803, 42: 0.007949861701584536, 43: 0.011793905352622713, 44: 0.007979453407540813, 45: 0.011279862150549705, 46: 0.017908469356835065, 47: 0.014764751297504057, 48: 0.005778938528985442, 49: 0.02151385896720007, 50: 0.005750655480858829, 51: 0.010601130118540008, 52: 0.007193409268970518, 53: 0.008618233522875843, 54: 0.009582929395728091, 55: 0.005796793574823264, 56: 0.00717081775839664, 57: 0.012312675605812284, 58: 0.0066356449918093755, 59: 0.00985398914889304, 60: 0.008682842832304647, 61: 0.013082757298864522, 62: 0.010966655798245102, 63: 0.009443835800790343, 64: 0.012104487045082917, 65: 0.011489928534152663, 66: 0.009727965378650312, 67: 0.00847025049030653, 68: 0.007150323931530425, 69: 0.011206734210228768, 70: 0.009787361380073769, 71: 0.0055669901648417435, 72: 0.009496847715629501, 73: 0.008620398881536578, 74: 0.012730380591955356}","[56, 55, 54, 49, 49, 48, 48, 48, 47, 47, 47, 46, 45, 45, 45, 45, 44, 44, 44, 44, 44, 43, 43, 43, 43, 43, 43, 43, 42, 41, 41, 41, 41, 41, 41, 40, 40, 40, 40, 39, 39, 39, 39, 38, 38, 38, 38, 37, 37, 37, 37, 37, 36, 36, 36, 36, 36, 36, 36, 36, 36, 35, 34, 34, 34, 33, 33, 33, 33, 32, 32, 32, 31, 31, 31]","dict_values([27, 22, 25, 20, 23, 22, 29, 18, 25, 22, 21, 20, 24, 26, 17, 25, 19, 19, 20, 9, 11, 19, 24, 24, 20, 23, 22, 13, 28, 23, 14, 25, 16, 23, 36, 19, 21, 18, 23, 13, 26, 19, 17, 23, 11, 22, 18, 29, 27, 22, 25, 25, 24, 21, 23, 19, 19, 21, 17, 25, 19, 17, 22, 19, 11, 23, 26, 27, 23, 24, 22, 18, 26, 25, 25])",0.10086334214724908
36,40.13333333333333,0.2736104843811634,"{0: 0.015443519417131846, 1: 0.010310953245556418, 2: 0.005129571887937035, 3: 0.012173014250612327, 4: 0.014593781138110246, 5: 0.007732920635386153, 6: 0.008312065172017657, 7: 0.010144811685907576, 8: 0.012905451281265337, 9: 0.007931893594208263, 10: 0.013099931266344678, 11: 0.012037647469600066, 12: 0.007487447180063286, 13: 0.012780538850042558, 14: 0.013068369782328258, 15: 0.01038239959472836, 16: 0.007672074587472007, 17: 0.009025449811921396, 18: 0.005590645080876386, 19: 0.010386767408919117, 20: 0.007127823189082231, 21: 0.006422162186991857, 22: 0.01464422438058877, 23: 0.008693159899165692, 24: 0.006570167291267129, 25: 0.013785341109757206, 26: 0.012331267687094737, 27: 0.011322824091475288, 28: 0.0074859137799420375, 29: 0.011515912156672657, 30: 0.005745192731494102, 31: 0.009264968935400776, 32: 0.008845001298509124, 33: 0.009390568338142467, 34: 0.008129171676713983, 35: 0.016490517718870053, 36: 0.012281795149495223, 37: 0.007605197462167649, 38: 0.0047607201428195725, 39: 0.011139373654264437, 40: 0.008833493978340152, 41: 0.01011842655678272, 42: 0.007914637309889686, 43: 0.012246088400904062, 44: 0.008550729316387598, 45: 0.009957581561525337, 46: 0.018203483370390017, 47: 0.015544097339706422, 48: 0.005672888035901734, 49: 0.021630304061710837, 50: 0.005632153119623423, 51: 0.010912089942829543, 52: 0.006441461478935661, 53: 0.009696818283676186, 54: 0.009004629076515077, 55: 0.006021649304383926, 56: 0.007136959847826402, 57: 0.0124527547914241, 58: 0.006649308361637129, 59: 0.009837883856556425, 60: 0.008766682483914075, 61: 0.012580114504213405, 62: 0.010956179433309132, 63: 0.010191241675295282, 64: 0.012144803307373437, 65: 0.010731022406679355, 66: 0.009148975073632609, 67: 0.008595585837219826, 68: 0.007110870560517005, 69: 0.011619968201527444, 70: 0.009954689669492763, 71: 0.005352120691346344, 72: 0.01035207563224627, 73: 0.008706373902748612, 74: 0.012219210587348825}","[56, 54, 54, 49, 49, 49, 48, 47, 47, 47, 46, 46, 45, 45, 45, 45, 45, 44, 44, 43, 43, 43, 43, 43, 43, 43, 43, 42, 42, 42, 41, 41, 41, 41, 41, 40, 40, 40, 40, 40, 39, 39, 39, 39, 38, 38, 38, 37, 37, 37, 37, 36, 36, 36, 36, 36, 36, 36, 36, 35, 35, 34, 34, 34, 34, 33, 33, 33, 33, 32, 31, 31, 31, 31, 30]","dict_values([27, 22, 25, 20, 23, 22, 29, 18, 25, 22, 21, 20, 24, 26, 17, 25, 19, 19, 20, 9, 11, 19, 24, 24, 20, 23, 22, 13, 28, 23, 14, 25, 16, 23, 36, 19, 21, 18, 23, 13, 26, 19, 17, 23, 11, 22, 18, 29, 27, 22, 25, 25, 24, 21, 23, 19, 19, 21, 17, 25, 19, 17, 22, 19, 11, 23, 26, 27, 23, 24, 22, 18, 26, 25, 25])",0.09778920762463993
36,40.08,0.2734718723517915,"{0: 0.015556474540518929, 1: 0.01074007293169702, 2: 0.004787419282654542, 3: 0.012150601554538735, 4: 0.014720947299194893, 5: 0.007814625856979313, 6: 0.007604732262266512, 7: 0.010247741069658877, 8: 0.012624873695451419, 9: 0.008072544580020834, 10: 0.012580285799178074, 11: 0.011819216364528424, 12: 0.007531339253307217, 13: 0.013244850223706686, 14: 0.013008724885288777, 15: 0.010374056629268066, 16: 0.007233522352378116, 17: 0.008896976960097792, 18: 0.005577192563493934, 19: 0.010351543164639565, 20: 0.007092401018140022, 21: 0.006461725765979552, 22: 0.014256724721844753, 23: 0.008100028598464017, 24: 0.006549937298696788, 25: 0.013105136094665282, 26: 0.012474025508929449, 27: 0.011749795759309569, 28: 0.00690978791812806, 29: 0.011017696788657314, 30: 0.005767829397966384, 31: 0.008585171078694241, 32: 0.009188316494029758, 33: 0.00991432599537269, 34: 0.007845724527572966, 35: 0.016901406004688774, 36: 0.012419086555477266, 37: 0.007477312060309643, 38: 0.004690175706758259, 39: 0.011062601159006952, 40: 0.008909580708270406, 41: 0.01018479662017482, 42: 0.007944804207898488, 43: 0.012323331030885837, 44: 0.008381686199503085, 45: 0.010051705521882557, 46: 0.01823818930158488, 47: 0.01583190017996137, 48: 0.005628260936480114, 49: 0.021461443926303038, 50: 0.0057332021318259995, 51: 0.011917238195803134, 52: 0.006413385047975149, 53: 0.009286336933981211, 54: 0.008580784537674146, 55: 0.0060437718422577825, 56: 0.007197487667927466, 57: 0.014548440043053891, 58: 0.006623174945092754, 59: 0.009985949655414193, 60: 0.008837386288720104, 61: 0.012550078938579578, 62: 0.010563397979152973, 63: 0.010200012466329953, 64: 0.012172976178437931, 65: 0.010945746024099645, 66: 0.009233193904128986, 67: 0.008214367056958199, 68: 0.007514252007670987, 69: 0.011932651933541632, 70: 0.009911657457211995, 71: 0.005375062178255698, 72: 0.010781642772203644, 73: 0.008715008705466317, 74: 0.01227828818283294}","[56, 54, 54, 50, 50, 49, 49, 48, 47, 46, 46, 45, 45, 45, 45, 45, 44, 44, 44, 44, 44, 43, 43, 43, 43, 42, 42, 42, 42, 42, 42, 42, 42, 41, 40, 40, 40, 40, 40, 39, 39, 39, 38, 38, 38, 37, 37, 37, 37, 37, 37, 37, 36, 36, 36, 36, 35, 35, 35, 35, 35, 34, 34, 34, 34, 34, 33, 33, 33, 32, 31, 31, 31, 30, 30]","dict_values([27, 22, 25, 20, 23, 22, 29, 18, 25, 22, 21, 20, 24, 26, 17, 25, 19, 19, 20, 9, 11, 19, 24, 24, 20, 23, 22, 13, 28, 23, 14, 25, 16, 23, 36, 19, 21, 18, 23, 13, 26, 19, 17, 23, 11, 22, 18, 29, 27, 22, 25, 25, 24, 21, 23, 19, 19, 21, 17, 25, 19, 17, 22, 19, 11, 23, 26, 27, 23, 24, 22, 18, 26, 25, 25])",0.09942235732571228
36,40.053333333333335,0.2730731103353748,"{0: 0.015364733717829199, 1: 0.010687153735474226, 2: 0.004750859022008045, 3: 0.012328140504037938, 4: 0.014685981694323481, 5: 0.007841852904851468, 6: 0.007698589651720021, 7: 0.010203866094060302, 8: 0.012112794436873926, 9: 0.008508915007696105, 10: 0.012928995609250886, 11: 0.011777891694856425, 12: 0.007891350501068628, 13: 0.013377708527236968, 14: 0.013079126234889838, 15: 0.010314760441219786, 16: 0.007350619753934345, 17: 0.008948515446197916, 18: 0.005798819428956416, 19: 0.0102619026686354, 20: 0.007548668368068182, 21: 0.006545903073995813, 22: 0.013980496908826301, 23: 0.007310321332291042, 24: 0.0069984308690225336, 25: 0.013370893488523402, 26: 0.012589024614341072, 27: 0.011351059915154827, 28: 0.007002994720649251, 29: 0.01064635090441386, 30: 0.0051618662920032785, 31: 0.008612295540933106, 32: 0.008832670791412714, 33: 0.009997413802260895, 34: 0.007468214550290241, 35: 0.015858825514589017, 36: 0.012087525583848067, 37: 0.0074131954242930495, 38: 0.004705511744275953, 39: 0.011091936542639184, 40: 0.00898727904103316, 41: 0.011209384296063737, 42: 0.008582709507554402, 43: 0.012440196109079694, 44: 0.008428292562752912, 45: 0.010515469890205938, 46: 0.01962056427067757, 47: 0.015872728647352924, 48: 0.006442474994552419, 49: 0.02156048243164004, 50: 0.0057451032481494555, 51: 0.012388716746338903, 52: 0.005936831041231678, 53: 0.009344858213848237, 54: 0.008052181725088078, 55: 0.006090318794571531, 56: 0.007855714919981898, 57: 0.014785571760668413, 58: 0.006524756825606486, 59: 0.009011368933183356, 60: 0.008907343248643163, 61: 0.011518854985084077, 62: 0.01108538568662924, 63: 0.010177387347198669, 64: 0.011778946336241285, 65: 0.011014581091319984, 66: 0.008924502429153831, 67: 0.008240362409905451, 68: 0.006825226508992173, 69: 0.011398684205455655, 70: 0.010056356843016192, 71: 0.005247481360859384, 72: 0.011759432079911975, 73: 0.008708506429234077, 74: 0.012419492568285196}","[56, 55, 54, 50, 49, 49, 49, 48, 47, 46, 45, 45, 45, 45, 45, 44, 44, 44, 44, 44, 43, 43, 43, 43, 43, 43, 43, 43, 42, 42, 41, 41, 41, 41, 40, 40, 40, 40, 39, 39, 39, 39, 38, 38, 38, 38, 38, 38, 37, 37, 37, 36, 36, 36, 36, 36, 36, 35, 35, 35, 35, 34, 34, 34, 34, 33, 33, 33, 33, 32, 32, 31, 30, 30, 30]","dict_values([27, 22, 25, 20, 23, 22, 29, 18, 25, 22, 21, 20, 24, 26, 17, 25, 19, 19, 20, 9, 11, 19, 24, 24, 20, 23, 22, 13, 28, 23, 14, 25, 16, 23, 36, 19, 21, 18, 23, 13, 26, 19, 17, 23, 11, 22, 18, 29, 27, 22, 25, 25, 24, 21, 23, 19, 19, 21, 17, 25, 19, 17, 22, 19, 11, 23, 26, 27, 23, 24, 22, 18, 26, 25, 25])",0.0981656060893509
36,39.81333333333333,0.2718323703460193,"{0: 0.015385244537459508, 1: 0.011026184291711826, 2: 0.004778122569001709, 3: 0.012525777691357588, 4: 0.014862687799988264, 5: 0.007984164018421483, 6: 0.007836773146597201, 7: 0.010698191959390736, 8: 0.012364555668410934, 9: 0.007352995760669231, 10: 0.012096860855843992, 11: 0.011196399080199489, 12: 0.008379495773053714, 13: 0.013490728578729272, 14: 0.013498149310989485, 15: 0.00988884166446157, 16: 0.007520048477159806, 17: 0.008890929261649076, 18: 0.005373216361135349, 19: 0.010608144055902165, 20: 0.007165796302984904, 21: 0.006405122780482956, 22: 0.013519073591912218, 23: 0.007319833642803504, 24: 0.006984376959911174, 25: 0.013594152744673727, 26: 0.012608382439137799, 27: 0.011956118204800128, 28: 0.006901491349989079, 29: 0.010742312726757595, 30: 0.0052643482438003, 31: 0.0087686466798177, 32: 0.008877099443274332, 33: 0.00958073585449791, 34: 0.0074569493324830255, 35: 0.016167864781188722, 36: 0.0122563463316888, 37: 0.007142598430903892, 38: 0.00484396922753087, 39: 0.01077474967280357, 40: 0.009002637903423984, 41: 0.011421922930958197, 42: 0.008726957538617717, 43: 0.01243926968234176, 44: 0.008472687810001663, 45: 0.010770612809436484, 46: 0.020731382124986073, 47: 0.016178586282833248, 48: 0.006526666478403372, 49: 0.02111107949428701, 50: 0.005805192938767471, 51: 0.011787423783955678, 52: 0.0059516454288944046, 53: 0.00999079001506607, 54: 0.008081696044394562, 55: 0.006134310880911999, 56: 0.007801565849511055, 57: 0.013763578536611042, 58: 0.006322388072087362, 59: 0.00914756402999195, 60: 0.008569332842750094, 61: 0.010996841773018332, 62: 0.010972001424316173, 63: 0.011089278478510803, 64: 0.012117970182398338, 65: 0.012149245950262743, 66: 0.00860737112558739, 67: 0.008341206905732937, 68: 0.006946998077165132, 69: 0.011401506805273161, 70: 0.009611459548831405, 71: 0.005277633446938932, 72: 0.0120998318175503, 73: 0.00893340964287968, 74: 0.011870014650502707}","[56, 55, 54, 49, 49, 49, 48, 48, 46, 46, 46, 45, 45, 44, 44, 44, 44, 44, 43, 43, 43, 43, 43, 43, 43, 43, 42, 42, 42, 42, 42, 41, 41, 41, 41, 40, 39, 39, 39, 39, 39, 39, 38, 38, 38, 38, 38, 37, 37, 36, 36, 36, 36, 36, 35, 35, 35, 35, 35, 35, 34, 34, 34, 34, 33, 33, 33, 33, 32, 32, 31, 31, 30, 30, 30]","dict_values([27, 22, 25, 20, 23, 22, 29, 18, 25, 22, 21, 20, 24, 26, 17, 25, 19, 19, 20, 9, 11, 19, 24, 24, 20, 23, 22, 13, 28, 23, 14, 25, 16, 23, 36, 19, 21, 18, 23, 13, 26, 19, 17, 23, 11, 22, 18, 29, 27, 22, 25, 25, 24, 21, 23, 19, 19, 21, 17, 25, 19, 17, 22, 19, 11, 23, 26, 27, 23, 24, 22, 18, 26, 25, 25])",0.09777622654324782
36,39.68,0.2706021361050631,"{0: 0.01542614113749214, 1: 0.011139571371663487, 2: 0.004865187570667024, 3: 0.012469637788336653, 4: 0.015028317994659066, 5: 0.008059243754743059, 6: 0.00822803159230701, 7: 0.010856275175314286, 8: 0.01280924850509921, 9: 0.00783629573036386, 10: 0.01193082715304307, 11: 0.010797072511193658, 12: 0.008216190848265071, 13: 0.01305496454365812, 14: 0.013680147533894516, 15: 0.011000003834268666, 16: 0.007541217135965993, 17: 0.009125590063648433, 18: 0.005440934683481018, 19: 0.011762410424127344, 20: 0.0063771226106708245, 21: 0.0069537375490236085, 22: 0.013788349733236746, 23: 0.0074348266650232095, 24: 0.007008486803007351, 25: 0.013658641341289744, 26: 0.012739519931300755, 27: 0.0121253199919598, 28: 0.006884963690649561, 29: 0.011152658036832791, 30: 0.005273340457974169, 31: 0.008868027778781616, 32: 0.00847607380516327, 33: 0.009618310796795891, 34: 0.007507791309336345, 35: 0.015563103485029183, 36: 0.011000716937956772, 37: 0.007296264663745306, 38: 0.00479587755977764, 39: 0.010978125640820333, 40: 0.008886912866708951, 41: 0.01174557989626483, 42: 0.008405818080475615, 43: 0.012519781199638936, 44: 0.008528413792313873, 45: 0.010244582188068807, 46: 0.020824827146324058, 47: 0.01554768433624363, 48: 0.006763410073912358, 49: 0.02095093818034755, 50: 0.005434154577990195, 51: 0.011103790743301927, 52: 0.00671769315004114, 53: 0.010076268466679425, 54: 0.008275892987500774, 55: 0.00580982738516985, 56: 0.008309925936839716, 57: 0.014184994241412662, 58: 0.00608891234596311, 59: 0.00951646222158922, 60: 0.008561381960726809, 61: 0.01082583490822814, 62: 0.01113957627492062, 63: 0.010237183941221436, 64: 0.011366996525537633, 65: 0.012156099707075426, 66: 0.009416863524481855, 67: 0.008286482645218099, 68: 0.007008922438011881, 69: 0.011321075062560386, 70: 0.00919424554194901, 71: 0.005285488634208109, 72: 0.01206268266947503, 73: 0.008631322327470829, 74: 0.012151646533172076}","[56, 55, 54, 49, 48, 48, 48, 48, 46, 46, 46, 46, 45, 44, 44, 44, 44, 43, 43, 43, 43, 43, 43, 43, 42, 42, 42, 42, 41, 41, 41, 41, 41, 40, 40, 40, 40, 39, 39, 39, 39, 39, 38, 38, 38, 38, 37, 37, 36, 36, 36, 36, 36, 36, 35, 35, 35, 35, 35, 35, 35, 34, 34, 34, 34, 33, 33, 32, 31, 31, 31, 31, 31, 30, 30]","dict_values([27, 22, 25, 20, 23, 22, 29, 18, 25, 22, 21, 20, 24, 26, 17, 25, 19, 19, 20, 9, 11, 19, 24, 24, 20, 23, 22, 13, 28, 23, 14, 25, 16, 23, 36, 19, 21, 18, 23, 13, 26, 19, 17, 23, 11, 22, 18, 29, 27, 22, 25, 25, 24, 21, 23, 19, 19, 21, 17, 25, 19, 17, 22, 19, 11, 23, 26, 27, 23, 24, 22, 18, 26, 25, 25])",0.09955088738582497
36,39.76,0.27108744837900023,"{0: 0.015494464640580607, 1: 0.010616201444771057, 2: 0.004944761314624328, 3: 0.012538958696402078, 4: 0.01501977004131687, 5: 0.008847417660689383, 6: 0.008324352197083152, 7: 0.010641394464923877, 8: 0.012641103600007713, 9: 0.008434341451130064, 10: 0.011965618779919796, 11: 0.010704304496315969, 12: 0.007641448141698594, 13: 0.013136587095436452, 14: 0.013462903239574867, 15: 0.011002609269375092, 16: 0.0074013224656519, 17: 0.009102198299139679, 18: 0.00529949625128023, 19: 0.010269191370775033, 20: 0.006709438303401324, 21: 0.006918182965678602, 22: 0.013412499149808207, 23: 0.007367309650695847, 24: 0.007095308759567283, 25: 0.01348487519872229, 26: 0.01266807319633977, 27: 0.011948011040122896, 28: 0.006739329252006851, 29: 0.011615758370843188, 30: 0.005243100619812949, 31: 0.008963164462083431, 32: 0.008217267809286555, 33: 0.009736136342844936, 34: 0.007497457181383987, 35: 0.015471742868163227, 36: 0.010605841411108612, 37: 0.007351250334973789, 38: 0.004740799904628117, 39: 0.01048095600518344, 40: 0.008874636973994604, 41: 0.011750862631488855, 42: 0.008369281571758123, 43: 0.01235583533454524, 44: 0.008437369617457145, 45: 0.010328382666370988, 46: 0.020827328876745245, 47: 0.014944881584408657, 48: 0.007363421389381275, 49: 0.022329863962918705, 50: 0.004987833241257899, 51: 0.010997351392349334, 52: 0.007455285804641074, 53: 0.009349892563027136, 54: 0.008281902968490124, 55: 0.006141702777480376, 56: 0.008192616833479697, 57: 0.01476192525557207, 58: 0.006178146827105543, 59: 0.009483177533376682, 60: 0.008537757018820678, 61: 0.010670394092493936, 62: 0.011572723695601984, 63: 0.011036725518388947, 64: 0.01095112941087304, 65: 0.01202044092568865, 66: 0.009310293169710318, 67: 0.00826590116131628, 68: 0.007224762553014528, 69: 0.011199760590466434, 70: 0.00980244780636723, 71: 0.005264223775590723, 72: 0.011911735992403274, 73: 0.008609337669328223, 74: 0.012065493224454337}","[57, 56, 54, 49, 49, 48, 48, 47, 46, 46, 46, 45, 44, 44, 44, 44, 44, 43, 43, 43, 43, 43, 43, 43, 42, 42, 42, 41, 41, 41, 41, 41, 41, 40, 40, 40, 40, 40, 39, 39, 39, 39, 38, 38, 38, 38, 38, 37, 37, 37, 36, 36, 36, 36, 36, 35, 35, 35, 35, 35, 35, 34, 34, 34, 34, 34, 33, 32, 32, 31, 31, 31, 31, 30, 30]","dict_values([27, 22, 25, 20, 23, 22, 29, 18, 25, 22, 21, 20, 24, 26, 17, 25, 19, 19, 20, 9, 11, 19, 24, 24, 20, 23, 22, 13, 28, 23, 14, 25, 16, 23, 36, 19, 21, 18, 23, 13, 26, 19, 17, 23, 11, 22, 18, 29, 27, 22, 25, 25, 24, 21, 23, 19, 19, 21, 17, 25, 19, 17, 22, 19, 11, 23, 26, 27, 23, 24, 22, 18, 26, 25, 25])",0.10182579941981419
36,39.68,0.2707849415444552,"{0: 0.015489495991613882, 1: 0.010575277922322442, 2: 0.004939071109939485, 3: 0.013212693836699685, 4: 0.015591537980324971, 5: 0.008976147285537008, 6: 0.00857695895241208, 7: 0.010118510392323959, 8: 0.012760323115773702, 9: 0.008943235498624125, 10: 0.011342312838601463, 11: 0.011088545735195545, 12: 0.007585099581721836, 13: 0.013191808298033994, 14: 0.013464608921306426, 15: 0.01102999475289816, 16: 0.007184564890370379, 17: 0.00904219707051383, 18: 0.005600131023068898, 19: 0.010452506997631898, 20: 0.006827955578291576, 21: 0.0068478270900278046, 22: 0.013602985702702597, 23: 0.007225416451226764, 24: 0.006867278058669637, 25: 0.013254108341544744, 26: 0.012586322076220579, 27: 0.011924104327983158, 28: 0.006717722263033658, 29: 0.010760669448056003, 30: 0.005200356046447909, 31: 0.009024072941655375, 32: 0.008747943323380808, 33: 0.009714347777955195, 34: 0.007563329427314445, 35: 0.014496135444675892, 36: 0.0111975702734495, 37: 0.007369336517481743, 38: 0.004428237295567, 39: 0.011281106633052358, 40: 0.008795579214987798, 41: 0.011834023659164673, 42: 0.008486927006091351, 43: 0.012029764856761972, 44: 0.008203534411161291, 45: 0.009815217555788375, 46: 0.020790739652536323, 47: 0.014771056103719189, 48: 0.007389752129564431, 49: 0.02255522769646822, 50: 0.004978921223949946, 51: 0.010461571775064238, 52: 0.0075055971636284165, 53: 0.009317265118678761, 54: 0.008415908954852384, 55: 0.006058602579871506, 56: 0.007649607126525873, 57: 0.014207769946609078, 58: 0.00576734965794595, 59: 0.009074436754249163, 60: 0.00847501291699519, 61: 0.011491222458085986, 62: 0.011548468365616349, 63: 0.011719096847917006, 64: 0.01141640752311996, 65: 0.012117148900079925, 66: 0.00939132450079764, 67: 0.00877684522216428, 68: 0.007793141529089671, 69: 0.011110327517602556, 70: 0.00986033403576627, 71: 0.005517819395826151, 72: 0.011870752541040823, 73: 0.008684410394573702, 74: 0.011482112078192807}","[57, 56, 54, 50, 48, 47, 47, 47, 46, 46, 46, 45, 45, 44, 44, 44, 44, 44, 43, 43, 43, 42, 42, 42, 42, 42, 42, 42, 41, 41, 41, 41, 40, 40, 40, 40, 39, 39, 39, 39, 39, 38, 38, 38, 38, 38, 38, 38, 37, 37, 36, 36, 36, 36, 36, 36, 35, 35, 35, 35, 34, 34, 34, 34, 34, 34, 33, 32, 32, 32, 31, 31, 30, 30, 29]","dict_values([27, 22, 25, 20, 23, 22, 29, 18, 25, 22, 21, 20, 24, 26, 17, 25, 19, 19, 20, 9, 11, 19, 24, 24, 20, 23, 22, 13, 28, 23, 14, 25, 16, 23, 36, 19, 21, 18, 23, 13, 26, 19, 17, 23, 11, 22, 18, 29, 27, 22, 25, 25, 24, 21, 23, 19, 19, 21, 17, 25, 19, 17, 22, 19, 11, 23, 26, 27, 23, 24, 22, 18, 26, 25, 25])",0.10143513701005899
36,39.70666666666666,0.2698299345039387,"{0: 0.016673401108771833, 1: 0.010581528613504641, 2: 0.00498935841097755, 3: 0.013535267270488977, 4: 0.01561278558536369, 5: 0.008880620065993465, 6: 0.008246572431408729, 7: 0.010591522479040319, 8: 0.012619720690047518, 9: 0.008395746065853119, 10: 0.010985228837183648, 11: 0.010860575853555057, 12: 0.007457209556571538, 13: 0.013055241380645156, 14: 0.013171075573224656, 15: 0.01097094277420682, 16: 0.007434959501371369, 17: 0.009022269677320878, 18: 0.005563646186810716, 19: 0.010474562549953121, 20: 0.006686253210561812, 21: 0.007249636078887437, 22: 0.013586683277873199, 23: 0.006733666888225494, 24: 0.006992506238720774, 25: 0.01277151061636336, 26: 0.012394226754104362, 27: 0.01205045376940109, 28: 0.007914690022351671, 29: 0.010318766728810082, 30: 0.005267897723578626, 31: 0.008945602120195859, 32: 0.008773372815489637, 33: 0.008920603821546795, 34: 0.007779248640573467, 35: 0.013741441656851362, 36: 0.011299362573096203, 37: 0.0072375326978151465, 38: 0.0048617320783768524, 39: 0.011073585257784877, 40: 0.009252622993949385, 41: 0.011838691889084567, 42: 0.008488195753474172, 43: 0.012409534238408222, 44: 0.007580708936249102, 45: 0.01127394895269104, 46: 0.020677499478336504, 47: 0.014358941096363091, 48: 0.0074286616681787845, 49: 0.02330589750813419, 50: 0.005363058251922592, 51: 0.009942507315341687, 52: 0.007545591001500962, 53: 0.00855003984628393, 54: 0.008291519990539373, 55: 0.006060772047320983, 56: 0.00811591341474997, 57: 0.013743125197869556, 58: 0.005740254789820399, 59: 0.008987342251087795, 60: 0.008323783167884577, 61: 0.01149933971902462, 62: 0.011266946851218122, 63: 0.011391575278009216, 64: 0.011615362206918712, 65: 0.012009136420348543, 66: 0.00925239522852621, 67: 0.008564755802958002, 68: 0.007397636380560006, 69: 0.011158073891980447, 70: 0.010146549846777198, 71: 0.005521209449493092, 72: 0.012515719081642377, 73: 0.00862184354879322, 74: 0.011464496455905051}","[57, 56, 55, 50, 48, 47, 47, 46, 46, 46, 45, 45, 45, 45, 44, 44, 44, 44, 43, 43, 43, 43, 43, 42, 42, 42, 42, 42, 41, 41, 41, 41, 40, 40, 40, 40, 39, 39, 38, 38, 38, 38, 38, 38, 38, 37, 37, 37, 37, 37, 37, 36, 36, 36, 36, 36, 35, 35, 35, 35, 35, 35, 35, 34, 34, 34, 33, 32, 32, 32, 32, 31, 30, 30, 30]","dict_values([27, 22, 25, 20, 23, 22, 29, 18, 25, 22, 21, 20, 24, 26, 17, 25, 19, 19, 20, 9, 11, 19, 24, 24, 20, 23, 22, 13, 28, 23, 14, 25, 16, 23, 36, 19, 21, 18, 23, 13, 26, 19, 17, 23, 11, 22, 18, 29, 27, 22, 25, 25, 24, 21, 23, 19, 19, 21, 17, 25, 19, 17, 22, 19, 11, 23, 26, 27, 23, 24, 22, 18, 26, 25, 25])",0.09981548142839293
36,39.733333333333334,0.2702945012547927,"{0: 0.016657862903012847, 1: 0.010474845319013217, 2: 0.004938210678187158, 3: 0.013979577604683954, 4: 0.015624512935339929, 5: 0.008353816115824303, 6: 0.008650192286758847, 7: 0.011228277092499494, 8: 0.012875587477560391, 9: 0.00838640534695716, 10: 0.010977825444619716, 11: 0.010056435915212382, 12: 0.00754798338967739, 13: 0.012830579048348275, 14: 0.013896750484406965, 15: 0.00994012517751502, 16: 0.007351030518648176, 17: 0.009241230605050107, 18: 0.0058881164174212795, 19: 0.010844333519063273, 20: 0.007230451270412996, 21: 0.00736509078137896, 22: 0.013566725306537667, 23: 0.0067867943774470784, 24: 0.007006952202359133, 25: 0.012870890142380005, 26: 0.012359334374328821, 27: 0.012149321446217222, 28: 0.007724873257192442, 29: 0.010267097662089606, 30: 0.005120234390983786, 31: 0.008842214011180006, 32: 0.008723439116131694, 33: 0.008592680087876137, 34: 0.007844482837247644, 35: 0.013361223601929659, 36: 0.011201607911723158, 37: 0.006859073938532525, 38: 0.004996376304016665, 39: 0.011588691873581795, 40: 0.009410328117407931, 41: 0.011811538866333389, 42: 0.00809654538148342, 43: 0.012039300908958469, 44: 0.007471801233328848, 45: 0.011585333896283136, 46: 0.019758399926159635, 47: 0.014428481325554745, 48: 0.007334727679661912, 49: 0.022937438367938903, 50: 0.005377315971659763, 51: 0.010372976689730905, 52: 0.008057115703907235, 53: 0.009089557848688104, 54: 0.008379109508789156, 55: 0.00604187873527116, 56: 0.007861004682343676, 57: 0.01314185924893698, 58: 0.00623234837356107, 59: 0.009177433571078978, 60: 0.007839201503585065, 61: 0.011507983663951244, 62: 0.011687616729986307, 63: 0.010691108391189266, 64: 0.011816443880983223, 65: 0.01217122156448688, 66: 0.009467690706837917, 67: 0.008652775031898985, 68: 0.007336283349210226, 69: 0.011602444622091227, 70: 0.01002121172354787, 71: 0.005074369790324666, 72: 0.01244726191775852, 73: 0.008761897722413437, 74: 0.011356281102084692}","[57, 55, 55, 50, 48, 47, 47, 47, 46, 46, 46, 45, 45, 45, 44, 44, 44, 44, 44, 44, 43, 43, 43, 42, 42, 42, 42, 42, 41, 41, 41, 41, 40, 40, 40, 40, 39, 39, 39, 38, 38, 38, 38, 38, 37, 37, 37, 37, 37, 37, 37, 36, 36, 36, 36, 36, 35, 35, 35, 35, 35, 35, 34, 34, 34, 33, 33, 33, 32, 32, 32, 31, 30, 30, 30]","dict_values([27, 22, 25, 20, 23, 22, 29, 18, 25, 22, 21, 20, 24, 26, 17, 25, 19, 19, 20, 9, 11, 19, 24, 24, 20, 23, 22, 13, 28, 23, 14, 25, 16, 23, 36, 19, 21, 18, 23, 13, 26, 19, 17, 23, 11, 22, 18, 29, 27, 22, 25, 25, 24, 21, 23, 19, 19, 21, 17, 25, 19, 17, 22, 19, 11, 23, 26, 27, 23, 24, 22, 18, 26, 25, 25])",0.08824692581415253
36,39.68,0.2694413095415914,"{0: 0.01676570883538517, 1: 0.01056980380889038, 2: 0.004971552187470656, 3: 0.014214007882726046, 4: 0.015676569292942578, 5: 0.00828322889596492, 6: 0.008068265569726429, 7: 0.010927643280584457, 8: 0.012870783418728625, 9: 0.008446969723896372, 10: 0.01095746984016835, 11: 0.00998971403092651, 12: 0.007616079861883452, 13: 0.012910443540824698, 14: 0.013996576218801597, 15: 0.009873726726217724, 16: 0.007412106189751016, 17: 0.009279470323990874, 18: 0.005607613038155195, 19: 0.01173916520928521, 20: 0.007185426479533255, 21: 0.007298385318133615, 22: 0.013432301707901252, 23: 0.007525173621064033, 24: 0.007009009053731053, 25: 0.012678660963237626, 26: 0.01190929568343333, 27: 0.012145693658703056, 28: 0.007721129756997384, 29: 0.010241392493989608, 30: 0.0051683387199100315, 31: 0.008786294641446427, 32: 0.008829778800668561, 33: 0.008798124885704996, 34: 0.008284474595938857, 35: 0.012730414473736497, 36: 0.011117583945199735, 37: 0.0068738853294885655, 38: 0.005887192486135043, 39: 0.011322583284356702, 40: 0.0094070595896671, 41: 0.011383265321621486, 42: 0.00825084699073806, 43: 0.012020538144926481, 44: 0.007494814124628373, 45: 0.011688272904026327, 46: 0.019729710151211294, 47: 0.01456528814370137, 48: 0.0073792933164918495, 49: 0.022076970868694593, 50: 0.005407631263795647, 51: 0.009769674673959282, 52: 0.007974747700775097, 53: 0.009227999543269486, 54: 0.008444302879234387, 55: 0.00607751498162457, 56: 0.007962836804723742, 57: 0.013339727790817895, 58: 0.006291785910918432, 59: 0.009295902219232651, 60: 0.00800756280208335, 61: 0.01154196517496137, 62: 0.0119247640026981, 63: 0.010671490979710159, 64: 0.011650028216126004, 65: 0.012165150592461031, 66: 0.009549521953052727, 67: 0.0083183398086981, 68: 0.008081003785711485, 69: 0.01148250218106095, 70: 0.010020254575070974, 71: 0.005031983960267603, 72: 0.011817264579739879, 73: 0.008730025168381336, 74: 0.01170769527800831}","[56, 55, 55, 50, 48, 47, 47, 47, 46, 46, 45, 45, 45, 45, 45, 44, 44, 43, 43, 43, 43, 43, 43, 42, 42, 42, 42, 41, 41, 41, 41, 41, 40, 40, 40, 40, 39, 39, 38, 38, 38, 38, 37, 37, 37, 37, 37, 37, 37, 37, 37, 36, 36, 36, 36, 36, 36, 36, 35, 35, 35, 35, 35, 34, 34, 33, 33, 32, 32, 32, 32, 32, 31, 30, 30]","dict_values([27, 22, 25, 20, 23, 22, 29, 18, 25, 22, 21, 20, 24, 26, 17, 25, 19, 19, 20, 9, 11, 19, 24, 24, 20, 23, 22, 13, 28, 23, 14, 25, 16, 23, 36, 19, 21, 18, 23, 13, 26, 19, 17, 23, 11, 22, 18, 29, 27, 22, 25, 25, 24, 21, 23, 19, 19, 21, 17, 25, 19, 17, 22, 19, 11, 23, 26, 27, 23, 24, 22, 18, 26, 25, 25])",0.090312554197017
36,39.54666666666667,0.2691308781874736,"{0: 0.016620348993783368, 1: 0.010154391180512956, 2: 0.004592570305704875, 3: 0.014184652748629173, 4: 0.015307892630736295, 5: 0.009047139235508851, 6: 0.0075664595316220565, 7: 0.010324326359781638, 8: 0.013187225340765524, 9: 0.008845574032389647, 10: 0.011294781995935567, 11: 0.009869255566658647, 12: 0.007999144698758879, 13: 0.012954284011045451, 14: 0.014121267928795927, 15: 0.010582969637638637, 16: 0.007017751488753515, 17: 0.0100853648627349, 18: 0.0055178357132689895, 19: 0.011883723535267569, 20: 0.007278601964780573, 21: 0.0077220937240414485, 22: 0.013302847938087357, 23: 0.006935563972648895, 24: 0.007080870524148612, 25: 0.013560783644031679, 26: 0.01261002959813342, 27: 0.013163596716228295, 28: 0.007128944826154207, 29: 0.010361278070362426, 30: 0.005234623375235785, 31: 0.008849549798037218, 32: 0.008839149385652051, 33: 0.008850932820845337, 34: 0.008394120461532142, 35: 0.012172355782006719, 36: 0.010424819226716056, 37: 0.006726174735844356, 38: 0.006139329075522298, 39: 0.011119098174176091, 40: 0.009212914914310604, 41: 0.01123710914066338, 42: 0.007151442113166529, 43: 0.012122759897377258, 44: 0.007374848582597003, 45: 0.01190153850681168, 46: 0.020437728989808623, 47: 0.014687869948480042, 48: 0.007628335772553085, 49: 0.0217977487460794, 50: 0.004767661036828897, 51: 0.009081785243266529, 52: 0.008293044147472546, 53: 0.009873255426076403, 54: 0.007961468478904386, 55: 0.006099293269894572, 56: 0.008115061701939853, 57: 0.013200254280545016, 58: 0.00626435799081408, 59: 0.00960106300769603, 60: 0.008196359052523437, 61: 0.01118868815389024, 62: 0.012079010825209034, 63: 0.010781886995851421, 64: 0.012060444919132737, 65: 0.012239885634643684, 66: 0.009632670456390716, 67: 0.008342091060995767, 68: 0.00828880885828605, 69: 0.011498623339539387, 70: 0.010131997889602843, 71: 0.005044258287610423, 72: 0.012029262532000309, 73: 0.008652731003657679, 74: 0.010692490081459081}","[56, 55, 55, 49, 48, 47, 47, 46, 46, 46, 46, 45, 45, 44, 44, 44, 44, 44, 43, 43, 43, 43, 42, 42, 42, 41, 41, 41, 41, 41, 41, 41, 41, 40, 40, 40, 39, 39, 38, 38, 38, 38, 37, 37, 37, 37, 37, 37, 37, 37, 37, 36, 36, 36, 36, 35, 35, 35, 35, 35, 35, 35, 34, 34, 34, 34, 33, 32, 32, 32, 32, 31, 30, 30, 29]","dict_values([27, 22, 25, 20, 23, 22, 29, 18, 25, 22, 21, 20, 24, 26, 17, 25, 19, 19, 20, 9, 11, 19, 24, 24, 20, 23, 22, 13, 28, 23, 14, 25, 16, 23, 36, 19, 21, 18, 23, 13, 26, 19, 17, 23, 11, 22, 18, 29, 27, 22, 25, 25, 24, 21, 23, 19, 19, 21, 17, 25, 19, 17, 22, 19, 11, 23, 26, 27, 23, 24, 22, 18, 26, 25, 25])",0.09858049578750226
36,39.653333333333336,0.27032231225871217,"{0: 0.01671182917651351, 1: 0.010122188716831371, 2: 0.0050272078368946505, 3: 0.014297363919413922, 4: 0.01521843773632771, 5: 0.008946097422200625, 6: 0.008205726612934294, 7: 0.01048772447782276, 8: 0.013112753917754742, 9: 0.00829976963691432, 10: 0.011228211747168064, 11: 0.009896030053055001, 12: 0.007748884461213228, 13: 0.012715558454244078, 14: 0.013882698372955943, 15: 0.010991537448777833, 16: 0.006737419775909526, 17: 0.010554689518972772, 18: 0.0054873163944524255, 19: 0.011879112680302256, 20: 0.00725385674333376, 21: 0.008655075452940482, 22: 0.01424390624479206, 23: 0.006904048998337475, 24: 0.007620570776664514, 25: 0.013569636539550496, 26: 0.012387102504115299, 27: 0.013667058565508445, 28: 0.007048080966786021, 29: 0.010301792741492113, 30: 0.005387751953021895, 31: 0.008756530802336647, 32: 0.00957179169862212, 33: 0.009395514723241443, 34: 0.00821242940845854, 35: 0.01033163877788916, 36: 0.009281271931240936, 37: 0.006485005497746247, 38: 0.0056781399698277064, 39: 0.01079553706821803, 40: 0.009041484060991605, 41: 0.01005042475630711, 42: 0.007155063873336473, 43: 0.011959290879001092, 44: 0.008255910481443406, 45: 0.011330573504185287, 46: 0.020801298169524356, 47: 0.014435593382570474, 48: 0.007661268916292194, 49: 0.02180823986770426, 50: 0.004351983857988737, 51: 0.009503970325508692, 52: 0.008237409933968407, 53: 0.010689481216529972, 54: 0.007907625764092442, 55: 0.006117480554003939, 56: 0.008323712262068425, 57: 0.012142666575956125, 58: 0.0066069313757644715, 59: 0.009877145894683876, 60: 0.0082663226090262, 61: 0.012219162465361637, 62: 0.011630276991358705, 63: 0.010435781261241821, 64: 0.011620735854287103, 65: 0.012095380489167116, 66: 0.010044656238882576, 67: 0.008201072838460369, 68: 0.006924529869735349, 69: 0.011902229083071345, 70: 0.01067097484173852, 71: 0.005101035399182056, 72: 0.011916998961017925, 73: 0.009014971737780783, 74: 0.010581023387649702}","[57, 55, 55, 49, 48, 48, 47, 47, 46, 46, 45, 45, 45, 44, 44, 44, 44, 43, 43, 43, 42, 42, 42, 42, 42, 42, 42, 41, 41, 41, 41, 41, 41, 40, 40, 39, 39, 39, 39, 39, 38, 38, 38, 38, 38, 38, 37, 37, 37, 37, 37, 36, 36, 36, 36, 36, 36, 36, 35, 35, 35, 35, 34, 34, 33, 33, 33, 33, 32, 32, 32, 31, 30, 30, 29]","dict_values([27, 22, 25, 20, 23, 22, 29, 18, 25, 22, 21, 20, 24, 26, 17, 25, 19, 19, 20, 9, 11, 19, 24, 24, 20, 23, 22, 13, 28, 23, 14, 25, 16, 23, 36, 19, 21, 18, 23, 13, 26, 19, 17, 23, 11, 22, 18, 29, 27, 22, 25, 25, 24, 21, 23, 19, 19, 21, 17, 25, 19, 17, 22, 19, 11, 23, 26, 27, 23, 24, 22, 18, 26, 25, 25])",0.1013296586556704
36,39.54666666666667,0.2698782342846466,"{0: 0.016939179114594766, 1: 0.01047218553195441, 2: 0.005148818720783442, 3: 0.013915853609740911, 4: 0.015270124795385386, 5: 0.008886719901720195, 6: 0.008126996223124398, 7: 0.010403334756116649, 8: 0.013105595811075262, 9: 0.00823544517929122, 10: 0.011675617885857014, 11: 0.010127081707014601, 12: 0.00780032372498126, 13: 0.012158602803618596, 14: 0.013889292988809511, 15: 0.010433128926279612, 16: 0.006811416174619706, 17: 0.010513775307499425, 18: 0.0054939277024335965, 19: 0.010686704157989878, 20: 0.007605262356742848, 21: 0.008710972582980278, 22: 0.014291014506114271, 23: 0.006416173305142303, 24: 0.0077258530924928966, 25: 0.013471821951367832, 26: 0.011848784216428631, 27: 0.014061564527859088, 28: 0.006628103160986098, 29: 0.010216198111959349, 30: 0.005459356476681214, 31: 0.008381251216825333, 32: 0.009705260882066158, 33: 0.009684856935748285, 34: 0.0077361961908781205, 35: 0.010442619337376075, 36: 0.008164976189025473, 37: 0.006506967916237948, 38: 0.005710804556741882, 39: 0.010783826781602533, 40: 0.00907886374434496, 41: 0.009603025013983918, 42: 0.007521864403057783, 43: 0.01197816942856141, 44: 0.007901715010707982, 45: 0.01130211910673338, 46: 0.021649260809217696, 47: 0.014870681451398238, 48: 0.0071494920451594555, 49: 0.021212393326376706, 50: 0.0043561286711971655, 51: 0.009770864770855548, 52: 0.008284957383941305, 53: 0.011567833133103078, 54: 0.008613209093373746, 55: 0.006607797719616771, 56: 0.008403335115663883, 57: 0.01227199412130919, 58: 0.006712912796572673, 59: 0.010372528295619025, 60: 0.00829556380687314, 61: 0.012429448946619149, 62: 0.011638928310408752, 63: 0.010366547974695054, 64: 0.011448543460749975, 65: 0.01224774657794728, 66: 0.01073599105730227, 67: 0.008260024120401463, 68: 0.007115369615369616, 69: 0.011626006169173256, 70: 0.011291464408151127, 71: 0.005331763369636053, 72: 0.011880822129432688, 73: 0.00916378039665711, 74: 0.010198455419671602}","[58, 55, 54, 49, 48, 48, 47, 47, 45, 45, 45, 45, 44, 44, 44, 43, 43, 43, 43, 43, 43, 43, 42, 42, 42, 42, 42, 41, 41, 41, 41, 40, 40, 40, 40, 40, 39, 39, 39, 39, 38, 38, 38, 38, 37, 37, 37, 37, 37, 37, 37, 37, 36, 36, 35, 35, 35, 35, 35, 35, 35, 35, 34, 34, 33, 33, 33, 33, 33, 32, 32, 31, 30, 30, 29]","dict_values([27, 22, 25, 20, 23, 22, 29, 18, 25, 22, 21, 20, 24, 26, 17, 25, 19, 19, 20, 9, 11, 19, 24, 24, 20, 23, 22, 13, 28, 23, 14, 25, 16, 23, 36, 19, 21, 18, 23, 13, 26, 19, 17, 23, 11, 22, 18, 29, 27, 22, 25, 25, 24, 21, 23, 19, 19, 21, 17, 25, 19, 17, 22, 19, 11, 23, 26, 27, 23, 24, 22, 18, 26, 25, 25])",0.1091616426945254
36,39.54666666666667,0.26966170299946085,"{0: 0.01698510149375998, 1: 0.01031325943387104, 2: 0.005118331347907185, 3: 0.0141174073708655, 4: 0.01498899615618719, 5: 0.008833257238689796, 6: 0.00807634985102899, 7: 0.010521565370840442, 8: 0.013008188402230322, 9: 0.008334268457638652, 10: 0.01170761004894368, 11: 0.009490561415626705, 12: 0.007823938474623407, 13: 0.012308174978899163, 14: 0.013822094751646743, 15: 0.010402334974464739, 16: 0.006708986917717518, 17: 0.009565049154953573, 18: 0.005507839063711005, 19: 0.011916092598823614, 20: 0.0077127575126651636, 21: 0.008559631612579128, 22: 0.014688607459691798, 23: 0.006441213427130006, 24: 0.007758751886358294, 25: 0.01312513590328096, 26: 0.01116118884960449, 27: 0.014176021008020394, 28: 0.007183897011999451, 29: 0.010032798387355074, 30: 0.005025394227650472, 31: 0.00841104433459563, 32: 0.010657458817161139, 33: 0.009690845992215855, 34: 0.007621148545806083, 35: 0.010459379982893533, 36: 0.008221896530899914, 37: 0.0071802468645046314, 38: 0.006710728742050891, 39: 0.010709101658562115, 40: 0.009048281531364548, 41: 0.009711263478386767, 42: 0.007508549495797385, 43: 0.012071157935894647, 44: 0.007964531633410953, 45: 0.010494634217608307, 46: 0.021704066294310532, 47: 0.013802301747487459, 48: 0.0072597876307476245, 49: 0.020884269703442045, 50: 0.004369891173415877, 51: 0.009914371617641525, 52: 0.008128568060932581, 53: 0.011695265358682636, 54: 0.008505341257474397, 55: 0.006731379030456826, 56: 0.008481649063840843, 57: 0.01227344288011382, 58: 0.006733385675056623, 59: 0.010478865301874436, 60: 0.008236975633466323, 61: 0.012566668521068412, 62: 0.011803017364991288, 63: 0.009901368120546202, 64: 0.011425710965674732, 65: 0.012175770223344541, 66: 0.010823901785755447, 67: 0.008217330751989937, 68: 0.007681083879714017, 69: 0.011620192451916799, 70: 0.01141591996749128, 71: 0.004830530162923394, 72: 0.011889081684568311, 73: 0.009032607543087823, 74: 0.010262655496623538}","[58, 55, 54, 49, 48, 48, 47, 46, 45, 45, 45, 45, 45, 44, 44, 44, 43, 43, 43, 43, 43, 42, 42, 42, 42, 42, 41, 41, 41, 41, 41, 40, 40, 40, 40, 40, 39, 39, 39, 38, 38, 38, 38, 37, 37, 37, 37, 37, 37, 37, 37, 37, 36, 36, 36, 35, 35, 35, 35, 35, 35, 35, 34, 34, 34, 34, 33, 33, 33, 32, 32, 32, 30, 29, 29]","dict_values([27, 22, 25, 20, 23, 22, 29, 18, 25, 22, 21, 20, 24, 26, 17, 25, 19, 19, 20, 9, 11, 19, 24, 24, 20, 23, 22, 13, 28, 23, 14, 25, 16, 23, 36, 19, 21, 18, 23, 13, 26, 19, 17, 23, 11, 22, 18, 29, 27, 22, 25, 25, 24, 21, 23, 19, 19, 21, 17, 25, 19, 17, 22, 19, 11, 23, 26, 27, 23, 24, 22, 18, 26, 25, 25])",0.1012804592757023
36,39.46666666666667,0.26932366256236934,"{0: 0.016937638417167954, 1: 0.010076476018312807, 2: 0.0051308475464840325, 3: 0.01412916137966413, 4: 0.015033756262818424, 5: 0.00881322866317407, 6: 0.0081311751684422, 7: 0.010163281753207737, 8: 0.013117530375714257, 9: 0.00860661715464488, 10: 0.011538788784232, 11: 0.009483330854828366, 12: 0.0080306927869846, 13: 0.012014975195415849, 14: 0.014280114972773268, 15: 0.009716694933821112, 16: 0.006734395740337189, 17: 0.009530953046285602, 18: 0.00564957746953833, 19: 0.012442038575179209, 20: 0.0077395190653507685, 21: 0.007865416424557877, 22: 0.015904318828722765, 23: 0.006153657797108621, 24: 0.007801135353399293, 25: 0.013294407012843188, 26: 0.010482301179907876, 27: 0.014684749962154523, 28: 0.006983079442545609, 29: 0.01009519675277209, 30: 0.005103625948124945, 31: 0.008031470031849907, 32: 0.010889079288507639, 33: 0.009309917536762764, 34: 0.00770049060906022, 35: 0.010674081213321892, 36: 0.008234934784607226, 37: 0.007863374417827907, 38: 0.0067305253006895525, 39: 0.010053585418325142, 40: 0.01004127136975556, 41: 0.009699920720102544, 42: 0.007574440793789481, 43: 0.011724301494233267, 44: 0.007965866582354812, 45: 0.011414435866522842, 46: 0.02193182002231804, 47: 0.013983041781330302, 48: 0.006446980966887831, 49: 0.0208280973448859, 50: 0.004340760733326533, 51: 0.009962625548616995, 52: 0.00804974705489815, 53: 0.01165107699929477, 54: 0.009209191077418506, 55: 0.006394252609186169, 56: 0.008390011830003652, 57: 0.01235973305789858, 58: 0.00640854370901762, 59: 0.010361136459679359, 60: 0.008248263208739474, 61: 0.01262209945955272, 62: 0.011401306532526368, 63: 0.00913988568098157, 64: 0.011504104126259674, 65: 0.012321334709826532, 66: 0.010889202948361315, 67: 0.008562357195230142, 68: 0.007730822285616805, 69: 0.011625956391144814, 70: 0.011271510918972645, 71: 0.004840531885253883, 72: 0.011915845615691114, 73: 0.009160427672789854, 74: 0.01033389427251363}","[58, 55, 54, 49, 49, 47, 47, 46, 46, 45, 45, 45, 45, 45, 44, 44, 43, 43, 43, 43, 42, 42, 42, 42, 42, 41, 41, 41, 41, 41, 40, 40, 40, 40, 40, 40, 39, 39, 39, 39, 38, 38, 37, 37, 37, 37, 37, 37, 37, 37, 36, 36, 36, 36, 36, 35, 35, 35, 35, 35, 35, 35, 34, 34, 34, 33, 33, 33, 32, 32, 32, 31, 30, 29, 29]","dict_values([27, 22, 25, 20, 23, 22, 29, 18, 25, 22, 21, 20, 24, 26, 17, 25, 19, 19, 20, 9, 11, 19, 24, 24, 20, 23, 22, 13, 28, 23, 14, 25, 16, 23, 36, 19, 21, 18, 23, 13, 26, 19, 17, 23, 11, 22, 18, 29, 27, 22, 25, 25, 24, 21, 23, 19, 19, 21, 17, 25, 19, 17, 22, 19, 11, 23, 26, 27, 23, 24, 22, 18, 26, 25, 25])",0.10401753104455809
36,39.57333333333333,0.27035812076117177,"{0: 0.016835000032534488, 1: 0.009979752303215414, 2: 0.0051352682568670555, 3: 0.01425867693041275, 4: 0.015717845870254932, 5: 0.008757631677427734, 6: 0.008036697459358751, 7: 0.009578571618116923, 8: 0.013641565729584868, 9: 0.008529358344509361, 10: 0.011476452196054192, 11: 0.009481438977045736, 12: 0.008105265297046119, 13: 0.011948397524332268, 14: 0.015277082240017061, 15: 0.00964461862084901, 16: 0.006636037885883064, 17: 0.009400848459315214, 18: 0.0056397199700017175, 19: 0.012349548285711536, 20: 0.008206464395309795, 21: 0.0077765211944796865, 22: 0.01631960008893615, 23: 0.006138313124614495, 24: 0.0077520237360401605, 25: 0.01229252723444307, 26: 0.010425635304731815, 27: 0.014591182186893441, 28: 0.00691399121935581, 29: 0.009942207637483992, 30: 0.005057144430633552, 31: 0.00810984399967472, 32: 0.010418442258019547, 33: 0.009111167576342186, 34: 0.007593354339929684, 35: 0.009998100773979215, 36: 0.00773568762481328, 37: 0.007423693516982923, 38: 0.006554102048231207, 39: 0.010018167279556706, 40: 0.009973321815504636, 41: 0.01016921273975421, 42: 0.00751359691743642, 43: 0.012149231529128652, 44: 0.007938190582010897, 45: 0.011256390562122687, 46: 0.02181184988950543, 47: 0.013870000066385323, 48: 0.0064718766685157355, 49: 0.020845339534809923, 50: 0.004704586319408485, 51: 0.009730763651102538, 52: 0.008465930307834298, 53: 0.011784345730670139, 54: 0.008945437370239123, 55: 0.006524425790570605, 56: 0.008381936449657845, 57: 0.012242514029249725, 58: 0.006795645808448487, 59: 0.010163859036374541, 60: 0.008201595829467584, 61: 0.01315330168718111, 62: 0.011295868503878625, 63: 0.0096653444256184, 64: 0.011281114034868782, 65: 0.012212800518410435, 66: 0.010743804193201825, 67: 0.008202351750158645, 68: 0.008386782188152052, 69: 0.011510127223195173, 70: 0.010982396417529378, 71: 0.0048115155891143, 72: 0.011833848548819359, 73: 0.009051224206819378, 74: 0.010656879710948974}","[58, 55, 54, 50, 50, 48, 48, 46, 46, 45, 45, 45, 45, 45, 44, 44, 43, 43, 43, 43, 42, 42, 42, 42, 41, 41, 41, 41, 41, 41, 41, 40, 40, 40, 40, 40, 39, 39, 39, 39, 38, 38, 37, 37, 37, 37, 37, 37, 37, 36, 36, 36, 36, 36, 36, 36, 35, 35, 35, 35, 35, 35, 35, 34, 34, 33, 33, 33, 33, 32, 32, 32, 30, 30, 29]","dict_values([27, 22, 25, 20, 23, 22, 29, 18, 25, 22, 21, 20, 24, 26, 17, 25, 19, 19, 20, 9, 11, 19, 24, 24, 20, 23, 22, 13, 28, 23, 14, 25, 16, 23, 36, 19, 21, 18, 23, 13, 26, 19, 17, 23, 11, 22, 18, 29, 27, 22, 25, 25, 24, 21, 23, 19, 19, 21, 17, 25, 19, 17, 22, 19, 11, 23, 26, 27, 23, 24, 22, 18, 26, 25, 25])",0.09628898729303041
36,39.52,0.2702495941547857,"{0: 0.016794469143043465, 1: 0.010076977327542752, 2: 0.004758497160917878, 3: 0.0143399649761705, 4: 0.015696087436273508, 5: 0.008887484487013144, 6: 0.00833137718970132, 7: 0.00958331263905824, 8: 0.014203270859414963, 9: 0.00873732769855163, 10: 0.012102843575870229, 11: 0.009433548109281632, 12: 0.008220082712499091, 13: 0.01238088698681298, 14: 0.016232451945782843, 15: 0.009694596452507313, 16: 0.006666888414040268, 17: 0.0099467070836333, 18: 0.005623249271659619, 19: 0.011382877442939778, 20: 0.007800778496454544, 21: 0.007893908228040291, 22: 0.015135141233981804, 23: 0.006111071145317721, 24: 0.0073493216210092785, 25: 0.01176526944372558, 26: 0.009561079337738745, 27: 0.01451893113740906, 28: 0.006992319321094259, 29: 0.01000087939908261, 30: 0.005061533953978158, 31: 0.008666338713059909, 32: 0.010456969028524757, 33: 0.009571224840800977, 34: 0.007647595328228716, 35: 0.010008196413839075, 36: 0.00804386600684897, 37: 0.007278122206231619, 38: 0.006628540829357608, 39: 0.010100344166948143, 40: 0.010400146820173773, 41: 0.00986470550539718, 42: 0.007778363021095034, 43: 0.012204169600261633, 44: 0.00818178001587181, 45: 0.010671845795513567, 46: 0.02204425639403119, 47: 0.013802101470959267, 48: 0.006480195324826, 49: 0.020580662353787183, 50: 0.005154805865927358, 51: 0.009317420852933706, 52: 0.008636028082044157, 53: 0.011999482644501378, 54: 0.008932819657336947, 55: 0.00694516936094144, 56: 0.00847181487717382, 57: 0.012245867549140815, 58: 0.006809255372250421, 59: 0.010291587116110302, 60: 0.00830145790254381, 61: 0.013178326517667637, 62: 0.011312630506942001, 63: 0.0089227653631661, 64: 0.01137197611203223, 65: 0.012189836468580097, 66: 0.010280550033253393, 67: 0.008111997207749308, 68: 0.008406688585781334, 69: 0.012009035905442498, 70: 0.010003210872304165, 71: 0.00487090333506921, 72: 0.012031365126041702, 73: 0.00914614450721913, 74: 0.010271892633573051}","[58, 55, 54, 50, 49, 49, 48, 46, 46, 45, 45, 45, 45, 45, 44, 44, 43, 43, 43, 43, 42, 42, 42, 41, 41, 41, 41, 41, 40, 40, 40, 40, 40, 40, 39, 39, 39, 39, 38, 38, 38, 38, 38, 38, 37, 37, 37, 37, 37, 37, 37, 36, 36, 36, 36, 35, 35, 35, 35, 35, 35, 35, 35, 34, 34, 34, 33, 33, 33, 32, 32, 32, 31, 29, 29]","dict_values([27, 22, 25, 20, 23, 22, 29, 18, 25, 22, 21, 20, 24, 26, 17, 25, 19, 19, 20, 9, 11, 19, 24, 24, 20, 23, 22, 13, 28, 23, 14, 25, 16, 23, 36, 19, 21, 18, 23, 13, 26, 19, 17, 23, 11, 22, 18, 29, 27, 22, 25, 25, 24, 21, 23, 19, 19, 21, 17, 25, 19, 17, 22, 19, 11, 23, 26, 27, 23, 24, 22, 18, 26, 25, 25])",0.10461798896701943
36,39.68,0.27087375554112747,"{0: 0.016408979145231123, 1: 0.009389610505388599, 2: 0.004961269964812715, 3: 0.014202584572662855, 4: 0.015605251204051306, 5: 0.008889063681607459, 6: 0.00816194177712491, 7: 0.009486848478189328, 8: 0.01513678852146731, 9: 0.008436459280291353, 10: 0.012549179201340764, 11: 0.009377380618062217, 12: 0.00803726005784063, 13: 0.01221449958207793, 14: 0.0160696615102241, 15: 0.010364910184961565, 16: 0.006999103634868737, 17: 0.009942125896927813, 18: 0.006067722434320303, 19: 0.011239389471957593, 20: 0.007339003400647237, 21: 0.007454968626557203, 22: 0.0149034366867845, 23: 0.006057564639838941, 24: 0.007778714145518997, 25: 0.011704969334519717, 26: 0.01010094296267995, 27: 0.014429284061340544, 28: 0.0069391024963420525, 29: 0.009752576669224307, 30: 0.005028470444505087, 31: 0.008540282054502302, 32: 0.011038848885150793, 33: 0.009386767619564508, 34: 0.007507850007153985, 35: 0.009933351419222271, 36: 0.007687681389306563, 37: 0.007149478476647213, 38: 0.006520591003023392, 39: 0.00996164172613097, 40: 0.011446607858894299, 41: 0.009770844556711131, 42: 0.007749694693341437, 43: 0.012666358424382773, 44: 0.0081225864221992, 45: 0.01152903503142887, 46: 0.0224124427650853, 47: 0.013417623953426074, 48: 0.00660806030294818, 49: 0.020105095782647693, 50: 0.005554187460429796, 51: 0.009213238523639066, 52: 0.008530284848743835, 53: 0.01188952513693198, 54: 0.008972202644446856, 55: 0.006881677081928901, 56: 0.00818689043857301, 57: 0.012173556807353998, 58: 0.00718337516084582, 59: 0.01009441715926908, 60: 0.007695103602442402, 61: 0.01316111568213398, 62: 0.011311868592752175, 63: 0.009159071830304706, 64: 0.01213996555970887, 65: 0.011904214939685138, 66: 0.010055748855430875, 67: 0.007488267650901943, 68: 0.008399812120529012, 69: 0.011664574037020706, 70: 0.009977494967422446, 71: 0.004783373279068602, 72: 0.011591030486572645, 73: 0.009107337021703136, 74: 0.010277767953691909}","[59, 55, 54, 50, 49, 49, 49, 47, 46, 45, 45, 45, 45, 45, 45, 44, 44, 43, 43, 43, 43, 42, 42, 42, 42, 41, 41, 40, 40, 40, 40, 40, 40, 40, 40, 40, 40, 40, 39, 38, 38, 38, 38, 38, 37, 37, 37, 37, 36, 36, 36, 36, 36, 36, 35, 35, 35, 35, 35, 35, 35, 35, 34, 34, 34, 34, 34, 33, 33, 33, 33, 32, 32, 30, 29]","dict_values([27, 22, 25, 20, 23, 22, 29, 18, 25, 22, 21, 20, 24, 26, 17, 25, 19, 19, 20, 9, 11, 19, 24, 24, 20, 23, 22, 13, 28, 23, 14, 25, 16, 23, 36, 19, 21, 18, 23, 13, 26, 19, 17, 23, 11, 22, 18, 29, 27, 22, 25, 25, 24, 21, 23, 19, 19, 21, 17, 25, 19, 17, 22, 19, 11, 23, 26, 27, 23, 24, 22, 18, 26, 25, 25])",0.11102168603306746
36,39.54666666666667,0.27040241874253584,"{0: 0.016469734411650554, 1: 0.009548279123757355, 2: 0.0050346538251708995, 3: 0.014368473750619504, 4: 0.016027748191174453, 5: 0.008887396996811757, 6: 0.009027738613112653, 7: 0.00950983531713372, 8: 0.0152726318210431, 9: 0.00824198318485678, 10: 0.011866917773157076, 11: 0.009249220168804164, 12: 0.008145894387063946, 13: 0.011450487644824231, 14: 0.016181500859014864, 15: 0.010463127382641902, 16: 0.006388368755461197, 17: 0.010737036606856707, 18: 0.00617156045162875, 19: 0.01127705222450485, 20: 0.006890133346714355, 21: 0.007634503369981362, 22: 0.015241659034651226, 23: 0.005540840711584696, 24: 0.00808603092256725, 25: 0.010992583591572352, 26: 0.010246531311081736, 27: 0.014139150269569078, 28: 0.00723098600677518, 29: 0.009558632017295548, 30: 0.005083896402027057, 31: 0.008503956936060987, 32: 0.011154551418026083, 33: 0.009574492742625607, 34: 0.007591834270588482, 35: 0.009532300538172136, 36: 0.008513560080591091, 37: 0.007302919828101136, 38: 0.0065794370303101255, 39: 0.01003284277672896, 40: 0.011167190902268967, 41: 0.00980744794775863, 42: 0.008437617008715351, 43: 0.012234414307985183, 44: 0.008743215542483612, 45: 0.011794729162091453, 46: 0.02257195585277938, 47: 0.013313348563310283, 48: 0.006646580103400106, 49: 0.0205201145683784, 50: 0.00552028801187604, 51: 0.00919851823167383, 52: 0.008918340560570542, 53: 0.011012806053980613, 54: 0.009082219930247897, 55: 0.007051432374548773, 56: 0.007820510728292259, 57: 0.01221719551509224, 58: 0.0077300632663739105, 59: 0.01026544499306882, 60: 0.007286477060913277, 61: 0.012753830773571319, 62: 0.01132281489358452, 63: 0.009394633279348757, 64: 0.011340910346772991, 65: 0.012017828028769682, 66: 0.010125440113311844, 67: 0.00782660086320382, 68: 0.008486365754880904, 69: 0.011645808051344632, 70: 0.010104627907148896, 71: 0.0051499776317740975, 72: 0.011725090939513544, 73: 0.008642155882248993, 74: 0.009649344523378019}","[59, 55, 54, 50, 49, 49, 48, 47, 45, 45, 45, 45, 45, 44, 44, 44, 43, 43, 43, 42, 42, 42, 42, 41, 41, 41, 40, 40, 40, 40, 40, 40, 40, 40, 40, 40, 39, 39, 39, 39, 38, 38, 38, 38, 38, 38, 37, 37, 37, 37, 36, 36, 36, 35, 35, 35, 35, 35, 35, 35, 35, 34, 34, 34, 34, 34, 33, 33, 33, 33, 32, 32, 32, 30, 30]","dict_values([27, 22, 25, 20, 23, 22, 29, 18, 25, 22, 21, 20, 24, 26, 17, 25, 19, 19, 20, 9, 11, 19, 24, 24, 20, 23, 22, 13, 28, 23, 14, 25, 16, 23, 36, 19, 21, 18, 23, 13, 26, 19, 17, 23, 11, 22, 18, 29, 27, 22, 25, 25, 24, 21, 23, 19, 19, 21, 17, 25, 19, 17, 22, 19, 11, 23, 26, 27, 23, 24, 22, 18, 26, 25, 25])",0.10728785530232728
36,39.57333333333333,0.27098831791129613,"{0: 0.016648498753537813, 1: 0.009618889860730494, 2: 0.005101637626501579, 3: 0.013360772878360015, 4: 0.015930038562854704, 5: 0.008552462252071477, 6: 0.008983068455528431, 7: 0.009470102446423713, 8: 0.014710887737374298, 9: 0.008408033076859878, 10: 0.012226167965062597, 11: 0.00928418230305505, 12: 0.00805458727576926, 13: 0.011227503979369186, 14: 0.016318115077209747, 15: 0.00950833363200492, 16: 0.007036179417128339, 17: 0.01119750083260109, 18: 0.005885466641400815, 19: 0.012155023348226367, 20: 0.006786525493808717, 21: 0.0071157254180629565, 22: 0.015229985775254543, 23: 0.005119330198471443, 24: 0.007348611622160034, 25: 0.011018372097387584, 26: 0.009988578145821431, 27: 0.013278875226325438, 28: 0.006604336142979339, 29: 0.009573185067340175, 30: 0.005069330903878975, 31: 0.00858408350283726, 32: 0.01094879192187019, 33: 0.00956233203548707, 34: 0.008330335156902591, 35: 0.009449276945856552, 36: 0.008736045813222397, 37: 0.00737188254459359, 38: 0.006117472001026136, 39: 0.009931878671204238, 40: 0.011190613350700138, 41: 0.010219425861678086, 42: 0.008539761903338869, 43: 0.012275693510834693, 44: 0.008783152625350895, 45: 0.012213498968763094, 46: 0.02253714514153514, 47: 0.01345098784106669, 48: 0.007158928374406283, 49: 0.020258571930694205, 50: 0.00597380714103599, 51: 0.009133264308024486, 52: 0.008915705743061704, 53: 0.011666873480448942, 54: 0.008940291403941947, 55: 0.007806221023744172, 56: 0.007930869884011154, 57: 0.011622338071349393, 58: 0.008042326196635164, 59: 0.010295082128052644, 60: 0.006845802810653059, 61: 0.013020288234654362, 62: 0.01206671933601677, 63: 0.009832436740547018, 64: 0.011399911403977947, 65: 0.011553395170641481, 66: 0.009845642246071616, 67: 0.008304729798264273, 68: 0.007930645364454505, 69: 0.011847273170848516, 70: 0.010194232150978325, 71: 0.0048473357724779995, 72: 0.011621182087171599, 73: 0.008661598948330079, 74: 0.010322548215180017}","[59, 55, 54, 50, 49, 49, 49, 46, 46, 45, 44, 44, 44, 44, 44, 43, 43, 43, 43, 43, 43, 43, 43, 41, 41, 41, 41, 40, 40, 40, 40, 40, 40, 40, 40, 40, 39, 39, 39, 38, 38, 38, 38, 38, 38, 38, 38, 37, 37, 37, 37, 36, 36, 35, 35, 35, 35, 35, 35, 35, 35, 35, 34, 34, 34, 34, 34, 34, 32, 32, 32, 32, 31, 30, 29]","dict_values([27, 22, 25, 20, 23, 22, 29, 18, 25, 22, 21, 20, 24, 26, 17, 25, 19, 19, 20, 9, 11, 19, 24, 24, 20, 23, 22, 13, 28, 23, 14, 25, 16, 23, 36, 19, 21, 18, 23, 13, 26, 19, 17, 23, 11, 22, 18, 29, 27, 22, 25, 25, 24, 21, 23, 19, 19, 21, 17, 25, 19, 17, 22, 19, 11, 23, 26, 27, 23, 24, 22, 18, 26, 25, 25])",0.10360739169288222
36,39.54666666666667,0.2707908489476944,"{0: 0.016749102617355866, 1: 0.009809402271581577, 2: 0.0051654424085930935, 3: 0.01266338153128594, 4: 0.01586348374783475, 5: 0.008504691013417522, 6: 0.009064997813953542, 7: 0.008922082500180764, 8: 0.014609690502711374, 9: 0.009158688013106493, 10: 0.012127135149473594, 11: 0.009182066190518048, 12: 0.008166515616967381, 13: 0.01066762805770782, 14: 0.016146481502120873, 15: 0.009077013477895229, 16: 0.007004301195518875, 17: 0.011296910200174754, 18: 0.00588910649118338, 19: 0.012089160831780894, 20: 0.006741793624987027, 21: 0.007016876719704825, 22: 0.015314000229778166, 23: 0.005227235565672311, 24: 0.0070741194532491876, 25: 0.01102238877025854, 26: 0.010485487487146379, 27: 0.013011528825388615, 28: 0.0065242713750819775, 29: 0.009171025984450857, 30: 0.005099641017316512, 31: 0.008562977838187052, 32: 0.01088269593092156, 33: 0.009006719629062567, 34: 0.00819044674461399, 35: 0.009451164150557079, 36: 0.008337761815684302, 37: 0.007256716234896614, 38: 0.005670505008967749, 39: 0.009883408458993744, 40: 0.011284266911416329, 41: 0.010167185763883554, 42: 0.008515401202136945, 43: 0.012191540659526597, 44: 0.00884616494740177, 45: 0.013237538481743565, 46: 0.02409073738934521, 47: 0.013868715919189917, 48: 0.007008632008950233, 49: 0.020309663080674285, 50: 0.005773726365319166, 51: 0.009396349229347869, 52: 0.00918490735194734, 53: 0.01129968894454005, 54: 0.008985897289048191, 55: 0.007755322908728504, 56: 0.007899598794733422, 57: 0.0116278969088302, 58: 0.008469676343054573, 59: 0.01016274358682851, 60: 0.006935766056813947, 61: 0.01262481720398174, 62: 0.01142876154876601, 63: 0.010216184330497041, 64: 0.011396487305641913, 65: 0.01156455119467302, 66: 0.01057154821746687, 67: 0.008308101078869198, 68: 0.00783642495971263, 69: 0.012173281026088523, 70: 0.010461064531058143, 71: 0.004711720569227955, 72: 0.011502640673682094, 73: 0.009166130404043378, 74: 0.009659294713106632}","[60, 55, 54, 50, 49, 49, 49, 46, 46, 46, 44, 44, 44, 44, 43, 43, 43, 43, 43, 43, 43, 42, 42, 42, 42, 41, 40, 40, 40, 40, 40, 40, 40, 40, 40, 39, 39, 39, 39, 38, 38, 38, 38, 38, 37, 37, 37, 37, 37, 37, 37, 36, 36, 36, 36, 36, 35, 35, 35, 35, 35, 35, 34, 34, 34, 34, 34, 34, 32, 32, 32, 31, 31, 30, 29]","dict_values([27, 22, 25, 20, 23, 22, 29, 18, 25, 22, 21, 20, 24, 26, 17, 25, 19, 19, 20, 9, 11, 19, 24, 24, 20, 23, 22, 13, 28, 23, 14, 25, 16, 23, 36, 19, 21, 18, 23, 13, 26, 19, 17, 23, 11, 22, 18, 29, 27, 22, 25, 25, 24, 21, 23, 19, 19, 21, 17, 25, 19, 17, 22, 19, 11, 23, 26, 27, 23, 24, 22, 18, 26, 25, 25])",0.10026331237049795
36,39.68,0.27233650965308526,"{0: 0.016635813288592587, 1: 0.009251510537409302, 2: 0.004676357159233872, 3: 0.011158506460401795, 4: 0.016493432287036994, 5: 0.009114907223086992, 6: 0.009286924554313451, 7: 0.0093686836042515, 8: 0.013588468514529144, 9: 0.008978906748033137, 10: 0.012056412138206768, 11: 0.009036260295203392, 12: 0.007967798426527149, 13: 0.009442249341597821, 14: 0.016996435468498484, 15: 0.010048906158319814, 16: 0.0069098139434973765, 17: 0.011190449917223172, 18: 0.00579874064739288, 19: 0.012066150898211522, 20: 0.006565162055661393, 21: 0.007384112458760525, 22: 0.01566423704338385, 23: 0.00509502596097508, 24: 0.007461114422666168, 25: 0.010983587678839316, 26: 0.010405012391656341, 27: 0.01282821676657293, 28: 0.006503819644074075, 29: 0.009718188156525337, 30: 0.005067808966784555, 31: 0.008718716736917036, 32: 0.011447093206317111, 33: 0.009527198974453711, 34: 0.008192687204428888, 35: 0.009621201742824551, 36: 0.008854663538223317, 37: 0.006875089171280284, 38: 0.005228094191859106, 39: 0.010095186347080167, 40: 0.011202401738602881, 41: 0.010872048078506003, 42: 0.00842567690540341, 43: 0.012296782481081564, 44: 0.008682797957117004, 45: 0.013021900597824609, 46: 0.025246693469881433, 47: 0.013886772137833731, 48: 0.006246993728841718, 49: 0.020436231161072838, 50: 0.005087004402072894, 51: 0.009386372856307872, 52: 0.009200807132374728, 53: 0.011530337361811784, 54: 0.008052749264097247, 55: 0.008024947942486383, 56: 0.007837076629307917, 57: 0.012023101185313013, 58: 0.008716540991561354, 59: 0.009286263517670435, 60: 0.006871346933795345, 61: 0.012722342896916903, 62: 0.011101045607008758, 63: 0.010836105488193514, 64: 0.01126999730228693, 65: 0.011419210151534501, 66: 0.011259685907353604, 67: 0.00843210799179488, 68: 0.007857506291948563, 69: 0.012068746350320248, 70: 0.010211929935869526, 71: 0.004651892313052668, 72: 0.011329869349782558, 73: 0.008658514725743246, 74: 0.009523262349044024}","[61, 55, 54, 51, 50, 49, 49, 46, 46, 45, 44, 44, 44, 44, 44, 44, 43, 43, 43, 43, 43, 43, 43, 42, 41, 41, 41, 40, 40, 40, 40, 40, 40, 40, 39, 39, 39, 39, 39, 39, 39, 38, 38, 38, 38, 38, 38, 38, 37, 37, 37, 37, 37, 37, 36, 36, 35, 35, 35, 35, 35, 35, 34, 34, 34, 34, 33, 33, 32, 32, 32, 31, 30, 29, 29]","dict_values([27, 22, 25, 20, 23, 22, 29, 18, 25, 22, 21, 20, 24, 26, 17, 25, 19, 19, 20, 9, 11, 19, 24, 24, 20, 23, 22, 13, 28, 23, 14, 25, 16, 23, 36, 19, 21, 18, 23, 13, 26, 19, 17, 23, 11, 22, 18, 29, 27, 22, 25, 25, 24, 21, 23, 19, 19, 21, 17, 25, 19, 17, 22, 19, 11, 23, 26, 27, 23, 24, 22, 18, 26, 25, 25])",0.0965032084634062
36,39.68,0.27230026392470413,"{0: 0.01680304921770316, 1: 0.009811273433939172, 2: 0.004700947166700591, 3: 0.011201368416903158, 4: 0.017259731279167058, 5: 0.00899602352987777, 6: 0.008713733897418646, 7: 0.009375412533884882, 8: 0.013026145518708222, 9: 0.0084935594125743, 10: 0.011998751464107737, 11: 0.009464759676394714, 12: 0.00746032369329808, 13: 0.009462958967277184, 14: 0.016668777415450184, 15: 0.01010240791131343, 16: 0.006884731834585964, 17: 0.010984760036105563, 18: 0.005817872230725626, 19: 0.012124112747392633, 20: 0.006305227981649528, 21: 0.007410691250014301, 22: 0.015689179890483435, 23: 0.005209868350130411, 24: 0.0072040466594297655, 25: 0.010923025893611485, 26: 0.01081380348952736, 27: 0.012961083712119072, 28: 0.007206879486190941, 29: 0.009760484581580246, 30: 0.005355945277242728, 31: 0.009131639892380519, 32: 0.010913274675930661, 33: 0.009478829369375179, 34: 0.00836000319536438, 35: 0.009634102292259937, 36: 0.008905916559432429, 37: 0.006534496621783624, 38: 0.005108733285649637, 39: 0.010010694684424434, 40: 0.011426410466100633, 41: 0.010907291314718216, 42: 0.008255108600078812, 43: 0.012688790007128591, 44: 0.008681348841698472, 45: 0.012951267425487077, 46: 0.02519769812468945, 47: 0.013726961877751758, 48: 0.006189774458523484, 49: 0.020357605453241844, 50: 0.0051281127818241555, 51: 0.010524096805550503, 52: 0.009538992279120894, 53: 0.010990792932891756, 54: 0.008866311572597376, 55: 0.007721777961312725, 56: 0.007949711723437098, 57: 0.011848196590210906, 58: 0.008575285192893358, 59: 0.00922888611722512, 60: 0.006966954955546956, 61: 0.011846602394703004, 62: 0.011696580034973897, 63: 0.010896053615606851, 64: 0.010385705762418089, 65: 0.01133591064928461, 66: 0.01066514418272737, 67: 0.008311053569710933, 68: 0.008055998111679097, 69: 0.012357562081952168, 70: 0.010136997237301892, 71: 0.004618899161231863, 72: 0.010986645279291782, 73: 0.00869504402089577, 74: 0.009816691665277537}","[61, 55, 54, 52, 50, 50, 49, 46, 46, 44, 44, 44, 44, 44, 43, 43, 43, 43, 43, 43, 43, 43, 42, 42, 42, 41, 41, 40, 40, 40, 40, 40, 40, 40, 40, 39, 39, 39, 39, 39, 39, 38, 38, 38, 38, 38, 38, 38, 37, 37, 37, 37, 37, 36, 36, 36, 36, 35, 35, 35, 35, 35, 34, 34, 34, 34, 33, 33, 32, 32, 32, 31, 30, 29, 29]","dict_values([27, 22, 25, 20, 23, 22, 29, 18, 25, 22, 21, 20, 24, 26, 17, 25, 19, 19, 20, 9, 11, 19, 24, 24, 20, 23, 22, 13, 28, 23, 14, 25, 16, 23, 36, 19, 21, 18, 23, 13, 26, 19, 17, 23, 11, 22, 18, 29, 27, 22, 25, 25, 24, 21, 23, 19, 19, 21, 17, 25, 19, 17, 22, 19, 11, 23, 26, 27, 23, 24, 22, 18, 26, 25, 25])",0.09293162504335763
36,39.81333333333333,0.27409586048234846,"{0: 0.01707042309091348, 1: 0.009676280840479659, 2: 0.004702783641139806, 3: 0.011116816866875425, 4: 0.017934958002741048, 5: 0.008855758566461624, 6: 0.008691919422820726, 7: 0.009294801790717535, 8: 0.012329875599029757, 9: 0.008409003506100588, 10: 0.01193389540241592, 11: 0.009244691990573602, 12: 0.007399871472289856, 13: 0.009349277213715122, 14: 0.017884208325781935, 15: 0.01000894343428731, 16: 0.00673391251999089, 17: 0.010846332489221407, 18: 0.005798945182506827, 19: 0.011843868245346905, 20: 0.006291988173160522, 21: 0.0072232802057102235, 22: 0.015479747368154152, 23: 0.005292516377983919, 24: 0.006998581899170485, 25: 0.010895374571641065, 26: 0.01064471799066529, 27: 0.01366620513641858, 28: 0.007275136658524292, 29: 0.009706714859133256, 30: 0.005383737307452162, 31: 0.009008346374659578, 32: 0.010858427206281987, 33: 0.00936577805769373, 34: 0.00862569174670966, 35: 0.009578995863005882, 36: 0.008799779144834976, 37: 0.00682931201666093, 38: 0.005274211781061096, 39: 0.009741736938547768, 40: 0.011135940028442787, 41: 0.010852905351790754, 42: 0.008538045874108046, 43: 0.012856015771826892, 44: 0.008486799282823329, 45: 0.012737776388063725, 46: 0.02640370616506581, 47: 0.013381169341916915, 48: 0.006069536296684709, 49: 0.02079175369415196, 50: 0.005099096485684571, 51: 0.010427848351123162, 52: 0.009415249423667168, 53: 0.01064250939515636, 54: 0.008734458869852305, 55: 0.007668491708667685, 56: 0.007334900149721414, 57: 0.011806457557492921, 58: 0.008605371847710767, 59: 0.009138754793488434, 60: 0.006851403623149221, 61: 0.011769310821322517, 62: 0.011173818724541354, 63: 0.010700343488389871, 64: 0.010381231442875278, 65: 0.011315426535241768, 66: 0.010578112002883304, 67: 0.00816311386697671, 68: 0.00850394633359992, 69: 0.012150900382051341, 70: 0.009932024600822403, 71: 0.004609276035170381, 72: 0.010991815596497546, 73: 0.00844556140839946, 74: 0.010554038873170116}","[62, 56, 55, 53, 52, 50, 49, 46, 46, 45, 44, 44, 44, 43, 43, 43, 43, 43, 43, 43, 43, 42, 42, 42, 42, 41, 41, 40, 40, 40, 40, 40, 40, 40, 40, 40, 39, 39, 39, 39, 39, 39, 38, 38, 38, 38, 38, 38, 38, 37, 37, 37, 37, 36, 36, 36, 36, 36, 35, 35, 35, 34, 34, 34, 34, 34, 33, 33, 33, 32, 32, 31, 31, 29, 29]","dict_values([27, 22, 25, 20, 23, 22, 29, 18, 25, 22, 21, 20, 24, 26, 17, 25, 19, 19, 20, 9, 11, 19, 24, 24, 20, 23, 22, 13, 28, 23, 14, 25, 16, 23, 36, 19, 21, 18, 23, 13, 26, 19, 17, 23, 11, 22, 18, 29, 27, 22, 25, 25, 24, 21, 23, 19, 19, 21, 17, 25, 19, 17, 22, 19, 11, 23, 26, 27, 23, 24, 22, 18, 26, 25, 25])",0.09278665475725298
36,39.78666666666667,0.2732755646143225,"{0: 0.017049855869601938, 1: 0.009618615543088332, 2: 0.004677962162091797, 3: 0.012464042759968586, 4: 0.017856039317149512, 5: 0.009098631177639907, 6: 0.008743212411205022, 7: 0.009451765220317116, 8: 0.01190252464871486, 9: 0.008428246061221433, 10: 0.011925645122207541, 11: 0.009310989464734716, 12: 0.007427552104754884, 13: 0.009360626776263264, 14: 0.017807969010868265, 15: 0.009963423993415148, 16: 0.006560862125590677, 17: 0.011197774571368465, 18: 0.0058244461351711595, 19: 0.01084795405471925, 20: 0.005879932320794331, 21: 0.0070358997101105485, 22: 0.01561161847042629, 23: 0.005267099571745194, 24: 0.007408024260667641, 25: 0.010823206789031274, 26: 0.010330123718145378, 27: 0.013603618087530163, 28: 0.008108416455440725, 29: 0.009693345325215777, 30: 0.005570808163338491, 31: 0.009120058399287454, 32: 0.011249679530838264, 33: 0.009433642851585919, 34: 0.009253396016350154, 35: 0.009470632245319391, 36: 0.008409912338195984, 37: 0.006987844078555739, 38: 0.005343483596908254, 39: 0.009716780382209862, 40: 0.011121195909001992, 41: 0.010896573072991961, 42: 0.008047873187365336, 43: 0.012896673808083377, 44: 0.00933302036906639, 45: 0.012061699466924794, 46: 0.0255203883421653, 47: 0.013507379779441985, 48: 0.006041773564277808, 49: 0.020848134083213368, 50: 0.005173039060443003, 51: 0.010030453342639325, 52: 0.009220350193421897, 53: 0.010545658566942158, 54: 0.00773573259965928, 55: 0.007698453628776383, 56: 0.007879025130030828, 57: 0.011739235199013442, 58: 0.008670906795828883, 59: 0.00927188082518122, 60: 0.007191012080827749, 61: 0.011669977694189228, 62: 0.01119403702390046, 63: 0.011055573334816235, 64: 0.009989568208746292, 65: 0.011786872887774994, 66: 0.010608364981437217, 67: 0.008200671787809893, 68: 0.008576530481526533, 69: 0.011898094963139818, 70: 0.01000323738240978, 71: 0.004639282027343912, 72: 0.010927371151226814, 73: 0.008023140525738017, 74: 0.010660232119738261}","[61, 56, 55, 53, 52, 50, 49, 46, 45, 45, 45, 45, 44, 43, 43, 43, 43, 43, 43, 43, 42, 42, 42, 42, 41, 41, 41, 41, 40, 40, 40, 40, 40, 40, 40, 40, 39, 39, 39, 39, 39, 39, 38, 38, 38, 38, 38, 38, 37, 37, 37, 37, 37, 37, 36, 36, 36, 36, 35, 35, 35, 34, 34, 34, 34, 33, 33, 33, 33, 33, 32, 31, 30, 29, 29]","dict_values([27, 22, 25, 20, 23, 22, 29, 18, 25, 22, 21, 20, 24, 26, 17, 25, 19, 19, 20, 9, 11, 19, 24, 24, 20, 23, 22, 13, 28, 23, 14, 25, 16, 23, 36, 19, 21, 18, 23, 13, 26, 19, 17, 23, 11, 22, 18, 29, 27, 22, 25, 25, 24, 21, 23, 19, 19, 21, 17, 25, 19, 17, 22, 19, 11, 23, 26, 27, 23, 24, 22, 18, 26, 25, 25])",0.0970250630709629
36,39.68,0.27237184252289354,"{0: 0.01704790466593898, 1: 0.009706050730628413, 2: 0.004701746627202141, 3: 0.012470203444446068, 4: 0.017764032343130457, 5: 0.009117688479233098, 6: 0.008526606576546728, 7: 0.009580913293445056, 8: 0.011917333233835304, 9: 0.007740606921206832, 10: 0.012557000451002312, 11: 0.009235165652034435, 12: 0.007478697749369477, 13: 0.009328030472156119, 14: 0.017911743658809275, 15: 0.009358917840366734, 16: 0.006206968591331306, 17: 0.011064688517544384, 18: 0.005957057155687293, 19: 0.011278869977949135, 20: 0.005925602905302524, 21: 0.007049002030050044, 22: 0.015252433751005932, 23: 0.005316296728053611, 24: 0.00741358818553455, 25: 0.010873995837920562, 26: 0.010088969196168942, 27: 0.013800419311728644, 28: 0.007910436954653668, 29: 0.009676071968999654, 30: 0.005576741141216972, 31: 0.009438103658481804, 32: 0.011384763028492347, 33: 0.008645539743425102, 34: 0.009543913533805808, 35: 0.008760534349776895, 36: 0.008974705026276342, 37: 0.007153578557688148, 38: 0.005616667549770357, 39: 0.008741129433708235, 40: 0.011256874519941416, 41: 0.010442807080040946, 42: 0.008077450678884476, 43: 0.014348225073073763, 44: 0.009434961015337502, 45: 0.01220640881360856, 46: 0.02642231362654105, 47: 0.012529399591244878, 48: 0.006406466302133713, 49: 0.02095794565371637, 50: 0.005239694633571511, 51: 0.010915541769877453, 52: 0.00903846759848904, 53: 0.010628382396742497, 54: 0.007817940038717172, 55: 0.007712804080882319, 56: 0.007622264814045636, 57: 0.011917466820945022, 58: 0.008620875021961263, 59: 0.00857030685129845, 60: 0.007285506034397001, 61: 0.011788012914964174, 62: 0.010927933302778334, 63: 0.011048945871111245, 64: 0.010461395221669195, 65: 0.01172393140812102, 66: 0.010549542106168422, 67: 0.008291945356382117, 68: 0.008631431608494368, 69: 0.011677445985912728, 70: 0.010072128162416252, 71: 0.004588479858597866, 72: 0.011099671126959426, 73: 0.008171680515579849, 74: 0.010662175782245098}","[62, 56, 55, 53, 52, 51, 48, 46, 45, 45, 45, 44, 44, 43, 43, 43, 43, 43, 43, 43, 42, 42, 42, 42, 41, 41, 41, 40, 40, 40, 40, 40, 40, 40, 39, 39, 39, 39, 39, 39, 39, 38, 38, 38, 38, 38, 38, 37, 37, 37, 37, 37, 36, 36, 36, 36, 36, 36, 35, 35, 34, 34, 34, 34, 33, 33, 33, 33, 33, 33, 32, 32, 30, 29, 29]","dict_values([27, 22, 25, 20, 23, 22, 29, 18, 25, 22, 21, 20, 24, 26, 17, 25, 19, 19, 20, 9, 11, 19, 24, 24, 20, 23, 22, 13, 28, 23, 14, 25, 16, 23, 36, 19, 21, 18, 23, 13, 26, 19, 17, 23, 11, 22, 18, 29, 27, 22, 25, 25, 24, 21, 23, 19, 19, 21, 17, 25, 19, 17, 22, 19, 11, 23, 26, 27, 23, 24, 22, 18, 26, 25, 25])",0.10580522314718466
36,39.733333333333334,0.2732997439623234,"{0: 0.01596480640163354, 1: 0.0103643060222439, 2: 0.004607695791864673, 3: 0.01301607099773005, 4: 0.01763097487602981, 5: 0.008993872655215784, 6: 0.00818290280253106, 7: 0.009511095388632916, 8: 0.01151376463811647, 9: 0.007493090442999592, 10: 0.012749535269802766, 11: 0.00941596235345959, 12: 0.006938246695219792, 13: 0.009406313084685307, 14: 0.017462595254982283, 15: 0.009036007985647134, 16: 0.006329183040752275, 17: 0.01120784339886469, 18: 0.006457509084524865, 19: 0.010854595787386076, 20: 0.005881246252085481, 21: 0.00665765934418681, 22: 0.015601797374407365, 23: 0.004967208365266617, 24: 0.007275534804129031, 25: 0.010961482189929195, 26: 0.010098555737917486, 27: 0.014152361273259648, 28: 0.008247655899324528, 29: 0.009981941795417424, 30: 0.006246493533370653, 31: 0.009217932049090419, 32: 0.01128412087443702, 33: 0.008675216383419433, 34: 0.009777402252239971, 35: 0.009991522167558404, 36: 0.008170072977994361, 37: 0.007123811005812049, 38: 0.005729861156114647, 39: 0.009342350737389163, 40: 0.01102947569963015, 41: 0.010288272474908848, 42: 0.008136167689046733, 43: 0.014853040742129751, 44: 0.009540979225758039, 45: 0.01183632126864673, 46: 0.026979930342319266, 47: 0.012162201817502593, 48: 0.006287186921539957, 49: 0.020910818266987145, 50: 0.004680792180792181, 51: 0.010970812575896518, 52: 0.009194538771424322, 53: 0.009963210833892459, 54: 0.008165941225542702, 55: 0.008086901158066293, 56: 0.007430081517562011, 57: 0.012761905475060158, 58: 0.00885579966161009, 59: 0.00864636912211951, 60: 0.007189415013648447, 61: 0.012225066797306058, 62: 0.009908785689157668, 63: 0.010748848689638373, 64: 0.010225891256266483, 65: 0.011848866274698543, 66: 0.010699835883998178, 67: 0.008642040496832426, 68: 0.008697526708836043, 69: 0.0111892939942232, 70: 0.008369665056329497, 71: 0.00498645406801446, 72: 0.01139380786391927, 73: 0.008582459827867742, 74: 0.011230238173929713}","[62, 55, 55, 53, 52, 51, 48, 46, 46, 45, 45, 44, 44, 44, 44, 43, 43, 43, 42, 42, 42, 42, 41, 41, 41, 41, 41, 40, 40, 40, 40, 40, 40, 40, 40, 39, 39, 39, 39, 39, 39, 38, 38, 38, 38, 38, 38, 37, 37, 37, 37, 37, 37, 37, 36, 36, 36, 36, 36, 35, 35, 34, 34, 34, 34, 33, 33, 33, 33, 33, 32, 32, 30, 29, 29]","dict_values([27, 22, 25, 20, 23, 22, 29, 18, 25, 22, 21, 20, 24, 26, 17, 25, 19, 19, 20, 9, 11, 19, 24, 24, 20, 23, 22, 13, 28, 23, 14, 25, 16, 23, 36, 19, 21, 18, 23, 13, 26, 19, 17, 23, 11, 22, 18, 29, 27, 22, 25, 25, 24, 21, 23, 19, 19, 21, 17, 25, 19, 17, 22, 19, 11, 23, 26, 27, 23, 24, 22, 18, 26, 25, 25])",0.11051934597540652
36,39.89333333333333,0.2756417651718607,"{0: 0.015740170521316838, 1: 0.00960174062721113, 2: 0.004170047834431396, 3: 0.013181778421482928, 4: 0.018120758635521237, 5: 0.009602134977283076, 6: 0.00817062775313824, 7: 0.010011842946230063, 8: 0.011440551587155954, 9: 0.007496244277621921, 10: 0.01292126829137887, 11: 0.010194579966088833, 12: 0.006852719972701077, 13: 0.00986773751299023, 14: 0.017503950440940427, 15: 0.00927863312560224, 16: 0.006107571146541388, 17: 0.011266535552081134, 18: 0.006398333116566466, 19: 0.009996460703639508, 20: 0.005961324702467829, 21: 0.006120760918655514, 22: 0.017434373713789916, 23: 0.004954338331253103, 24: 0.007142902578927099, 25: 0.01069525884548729, 26: 0.00946970973385085, 27: 0.014087502142532843, 28: 0.008477733170503954, 29: 0.009954942533051713, 30: 0.006179048582698131, 31: 0.009544390408991939, 32: 0.012333515987080244, 33: 0.008453832465236743, 34: 0.00995114264642882, 35: 0.009738131922155413, 36: 0.008170358983506409, 37: 0.007141815573558606, 38: 0.005812405980531182, 39: 0.009049481679335735, 40: 0.010938771362167492, 41: 0.010223677331781793, 42: 0.00761602899644912, 43: 0.015056620828242983, 44: 0.009460571988723866, 45: 0.011941307808100437, 46: 0.02631071604744701, 47: 0.012402050297637907, 48: 0.006229951748374043, 49: 0.020345291286170675, 50: 0.005103445414026425, 51: 0.010975663616606115, 52: 0.00920619402213977, 53: 0.009984947523171923, 54: 0.0079860620661282, 55: 0.008073045707164068, 56: 0.007374481078003583, 57: 0.012242116564270558, 58: 0.009212642930915713, 59: 0.008821683714078883, 60: 0.006990634021810214, 61: 0.012719336532515559, 62: 0.009920257183376737, 63: 0.010404230583561172, 64: 0.009766686027207564, 65: 0.01158386885831383, 66: 0.010966481681491825, 67: 0.008017157874992723, 68: 0.008756110142843391, 69: 0.011064945177137925, 70: 0.00825565293425356, 71: 0.00499918328492776, 72: 0.011169076607922213, 73: 0.00834466343356957, 74: 0.010698394937500626}","[62, 55, 55, 54, 53, 51, 49, 47, 46, 45, 45, 45, 44, 44, 43, 43, 43, 43, 43, 43, 42, 42, 42, 41, 41, 41, 41, 40, 40, 40, 40, 40, 40, 40, 40, 40, 39, 39, 39, 39, 39, 39, 39, 38, 38, 38, 38, 38, 38, 37, 37, 37, 37, 37, 36, 36, 36, 36, 36, 35, 35, 34, 34, 34, 33, 33, 33, 33, 33, 33, 33, 33, 30, 29, 28]","dict_values([27, 22, 25, 20, 23, 22, 29, 18, 25, 22, 21, 20, 24, 26, 17, 25, 19, 19, 20, 9, 11, 19, 24, 24, 20, 23, 22, 13, 28, 23, 14, 25, 16, 23, 36, 19, 21, 18, 23, 13, 26, 19, 17, 23, 11, 22, 18, 29, 27, 22, 25, 25, 24, 21, 23, 19, 19, 21, 17, 25, 19, 17, 22, 19, 11, 23, 26, 27, 23, 24, 22, 18, 26, 25, 25])",0.1078660742371815
36,39.973333333333336,0.2761594658579366,"{0: 0.01568967162141997, 1: 0.00941781454578859, 2: 0.004591957856429797, 3: 0.012933905067275275, 4: 0.018582954723944948, 5: 0.00949579416113441, 6: 0.007612494439380955, 7: 0.010068776385924638, 8: 0.011220496345459094, 9: 0.007387168179331232, 10: 0.012750521515255506, 11: 0.009815082268424462, 12: 0.0071895961657416525, 13: 0.009794682639098277, 14: 0.01746911731604743, 15: 0.009253267720373326, 16: 0.006343486060675632, 17: 0.011880051425211688, 18: 0.006933049156533109, 19: 0.009624854338882459, 20: 0.0059109745649221215, 21: 0.005997523027514382, 22: 0.017577979464850867, 23: 0.00464541259266604, 24: 0.007635018475685369, 25: 0.010139364770086742, 26: 0.009461522988920248, 27: 0.013772965998993395, 28: 0.010005894539235987, 29: 0.0103831204874384, 30: 0.005942454504583034, 31: 0.010031231980897478, 32: 0.01272892103342036, 33: 0.008128033014825899, 34: 0.009990442230322838, 35: 0.009749157935495354, 36: 0.008142573731681896, 37: 0.0071686509587937, 38: 0.005852644968353961, 39: 0.009082235876593469, 40: 0.010852110607492213, 41: 0.010128863154127704, 42: 0.0074619387381284165, 43: 0.01400212535897969, 44: 0.009525098818149287, 45: 0.011912517512847387, 46: 0.027107232511865104, 47: 0.011902714758749447, 48: 0.006048011532987231, 49: 0.019436685399457896, 50: 0.005148107015328073, 51: 0.010878352656167175, 52: 0.009357941293199638, 53: 0.00976460566334603, 54: 0.007879181614267783, 55: 0.008119180700995895, 56: 0.007466018934676215, 57: 0.012171465395367143, 58: 0.009175852200245775, 59: 0.009514687453747646, 60: 0.0068534370612783465, 61: 0.012531896164394984, 62: 0.010021607995764976, 63: 0.009986788494875224, 64: 0.009659447601467351, 65: 0.011569921932472126, 66: 0.011262275735190402, 67: 0.007857148139134513, 68: 0.008866614321604536, 69: 0.009939725653581198, 70: 0.00912245756818148, 71: 0.00470771905274553, 72: 0.010996806682891646, 73: 0.008148087468033647, 74: 0.011240651159744656}","[63, 55, 55, 54, 52, 51, 49, 47, 46, 45, 45, 44, 44, 44, 43, 43, 43, 43, 43, 42, 42, 42, 41, 41, 41, 41, 41, 41, 41, 41, 41, 41, 40, 40, 40, 40, 40, 39, 39, 39, 39, 39, 39, 39, 39, 39, 38, 38, 38, 37, 37, 37, 37, 36, 36, 36, 36, 36, 35, 35, 35, 35, 34, 34, 34, 34, 33, 33, 33, 33, 33, 33, 29, 29, 28]","dict_values([27, 22, 25, 20, 23, 22, 29, 18, 25, 22, 21, 20, 24, 26, 17, 25, 19, 19, 20, 9, 11, 19, 24, 24, 20, 23, 22, 13, 28, 23, 14, 25, 16, 23, 36, 19, 21, 18, 23, 13, 26, 19, 17, 23, 11, 22, 18, 29, 27, 22, 25, 25, 24, 21, 23, 19, 19, 21, 17, 25, 19, 17, 22, 19, 11, 23, 26, 27, 23, 24, 22, 18, 26, 25, 25])",0.11339959350262858
36,39.76,0.27414468072187903,"{0: 0.015350385451459786, 1: 0.009742094964247092, 2: 0.0043452532790196965, 3: 0.014568033630847002, 4: 0.018806723658573, 5: 0.009583432795018818, 6: 0.007289916410047912, 7: 0.009992260379540653, 8: 0.011353098000203773, 9: 0.007496275024151593, 10: 0.01304287614392668, 11: 0.009345578331078502, 12: 0.007345658033107672, 13: 0.009964531806210498, 14: 0.016600264754822038, 15: 0.009477104387599642, 16: 0.006364547539875883, 17: 0.01135904576919447, 18: 0.007179782079817551, 19: 0.009997767946048196, 20: 0.005618430486082229, 21: 0.0060378586842883926, 22: 0.017608254929707173, 23: 0.00483810216891726, 24: 0.008055120030204735, 25: 0.009490866161470247, 26: 0.009417485273649658, 27: 0.014187446593268514, 28: 0.010589026406679318, 29: 0.010423592885368111, 30: 0.005300069101923658, 31: 0.00945537657866425, 32: 0.01274902833664553, 33: 0.00820552092606186, 34: 0.010203998833676918, 35: 0.010062720783944637, 36: 0.007861295482367116, 37: 0.00742771338740572, 38: 0.005943442319425284, 39: 0.0085975982258646, 40: 0.011369768031542328, 41: 0.009201196138168085, 42: 0.007699847465022707, 43: 0.01407193969763423, 44: 0.00904373903329378, 45: 0.011947842799811547, 46: 0.025893633518860988, 47: 0.012079723776978626, 48: 0.006008863253602698, 49: 0.019207315504424408, 50: 0.00529500324635765, 51: 0.011593065387578816, 52: 0.009077430653999262, 53: 0.009560991986261777, 54: 0.007879139164665575, 55: 0.008140723731000233, 56: 0.007634552907239373, 57: 0.01159256516327427, 58: 0.009407815771942834, 59: 0.010164108053234087, 60: 0.006660443591346089, 61: 0.012650472269730933, 62: 0.009824092767652377, 63: 0.010107867830358854, 64: 0.009912882261086633, 65: 0.011835237092808162, 66: 0.011277188197457436, 67: 0.008582938126070468, 68: 0.009265045541953565, 69: 0.009511324991649308, 70: 0.00935694231151789, 71: 0.0048871150412776445, 72: 0.01126240730690063, 73: 0.008029630982719407, 74: 0.01174399270947274}","[61, 55, 54, 53, 51, 50, 49, 48, 46, 45, 45, 44, 44, 44, 44, 44, 43, 43, 43, 42, 42, 42, 42, 41, 41, 41, 41, 41, 41, 40, 40, 40, 40, 40, 40, 40, 39, 39, 39, 39, 39, 39, 38, 38, 38, 38, 38, 38, 38, 38, 37, 37, 36, 36, 36, 36, 36, 35, 35, 35, 34, 34, 34, 34, 34, 34, 33, 33, 33, 33, 32, 32, 29, 28, 28]","dict_values([27, 22, 25, 20, 23, 22, 29, 18, 25, 22, 21, 20, 24, 26, 17, 25, 19, 19, 20, 9, 11, 19, 24, 24, 20, 23, 22, 13, 28, 23, 14, 25, 16, 23, 36, 19, 21, 18, 23, 13, 26, 19, 17, 23, 11, 22, 18, 29, 27, 22, 25, 25, 24, 21, 23, 19, 19, 21, 17, 25, 19, 17, 22, 19, 11, 23, 26, 27, 23, 24, 22, 18, 26, 25, 25])",0.09942822596207693
36,39.89333333333333,0.2752172516803859,"{0: 0.015263013947633066, 1: 0.009661465139572084, 2: 0.004664799831442961, 3: 0.014241183730218474, 4: 0.01768041616974052, 5: 0.009645488418740687, 6: 0.0075475657178349555, 7: 0.010060582273571548, 8: 0.012059964831870109, 9: 0.00744967247208614, 10: 0.013163068578429481, 11: 0.009253696760415748, 12: 0.007624165506563583, 13: 0.009774015160913967, 14: 0.01677395113474666, 15: 0.009385243963345299, 16: 0.006258590413370812, 17: 0.011170600521013284, 18: 0.007206353930499739, 19: 0.009871287386064392, 20: 0.005155946199838824, 21: 0.0060064821955311525, 22: 0.017403635943360033, 23: 0.004826198215429952, 24: 0.007889501121903498, 25: 0.009569098141266165, 26: 0.010008413775537068, 27: 0.0141378927567846, 28: 0.01039889690244966, 29: 0.010349202747258975, 30: 0.005388961638670712, 31: 0.008899130002105913, 32: 0.012511175482396797, 33: 0.008398548872952383, 34: 0.01063501031040434, 35: 0.010214199531479019, 36: 0.007695401652948621, 37: 0.0073344255104475075, 38: 0.006316811710730406, 39: 0.009018529708731243, 40: 0.01148376467036674, 41: 0.009200427106099756, 42: 0.007716718737745097, 43: 0.015423480515357335, 44: 0.009026563141166552, 45: 0.01161383120268467, 46: 0.023937291386127785, 47: 0.011928604726596, 48: 0.006429863332137024, 49: 0.019092745938332312, 50: 0.00552272351534603, 51: 0.010873251053804496, 52: 0.008289626623682187, 53: 0.009964029795601704, 54: 0.00875773734845298, 55: 0.007984394290574308, 56: 0.007545090028654488, 57: 0.011679512527923621, 58: 0.009551406448209772, 59: 0.011435318645604459, 60: 0.007211198133874272, 61: 0.012471312459768673, 62: 0.00931122471406679, 63: 0.010154453809682953, 64: 0.00991707563654895, 65: 0.01052774580591539, 66: 0.01118954779980886, 67: 0.008395100749300012, 68: 0.009511002947124009, 69: 0.010103515976012242, 70: 0.00813761238392909, 71: 0.004906325764636889, 72: 0.011225380523428561, 73: 0.008423395732066333, 74: 0.0122749793910064}","[60, 54, 54, 53, 52, 51, 49, 48, 46, 45, 45, 44, 44, 44, 44, 43, 43, 43, 43, 43, 42, 42, 42, 42, 42, 41, 41, 41, 41, 40, 40, 40, 40, 40, 40, 40, 40, 39, 39, 39, 39, 39, 39, 39, 38, 38, 38, 38, 38, 37, 37, 37, 36, 36, 36, 36, 36, 36, 35, 35, 35, 35, 35, 34, 34, 34, 34, 33, 33, 33, 33, 31, 29, 29, 28]","dict_values([27, 22, 25, 20, 23, 22, 29, 18, 25, 22, 21, 20, 24, 26, 17, 25, 19, 19, 20, 9, 11, 19, 24, 24, 20, 23, 22, 13, 28, 23, 14, 25, 16, 23, 36, 19, 21, 18, 23, 13, 26, 19, 17, 23, 11, 22, 18, 29, 27, 22, 25, 25, 24, 21, 23, 19, 19, 21, 17, 25, 19, 17, 22, 19, 11, 23, 26, 27, 23, 24, 22, 18, 26, 25, 25])",0.10684016557522377
36,39.86666666666667,0.27584646567670407,"{0: 0.015080991645778015, 1: 0.009682067557434774, 2: 0.004523505846691319, 3: 0.016064053184959765, 4: 0.018892217874467605, 5: 0.009117344416799702, 6: 0.007573779693728255, 7: 0.009620972933096737, 8: 0.012272862030910001, 9: 0.007477987871390467, 10: 0.013255743492487471, 11: 0.010568685400391731, 12: 0.007586275407423496, 13: 0.010038168699167169, 14: 0.016823834562683358, 15: 0.009249284247315895, 16: 0.006351598966871967, 17: 0.011197123997318304, 18: 0.007207574389089519, 19: 0.009770610454673447, 20: 0.00471794986022006, 21: 0.006130883712468895, 22: 0.017163251967809257, 23: 0.00490062683453028, 24: 0.0072840811377164584, 25: 0.009488555114302884, 26: 0.009964765212549258, 27: 0.013754028150764376, 28: 0.011028643148325915, 29: 0.009830889036316742, 30: 0.0053645094868710295, 31: 0.008932563660061893, 32: 0.012343913993272664, 33: 0.007847436755929213, 34: 0.0103048052835092, 35: 0.009773851232726382, 36: 0.007310849458781837, 37: 0.007225094879867781, 38: 0.006675335334208513, 39: 0.009439619382541375, 40: 0.011701691752967347, 41: 0.009161775011335726, 42: 0.008051762470651643, 43: 0.015798697315959117, 44: 0.009835121644862952, 45: 0.01149627703269754, 46: 0.02377301849614045, 47: 0.012064428819517426, 48: 0.006296299386549184, 49: 0.019132543079050462, 50: 0.005784903837775592, 51: 0.0102354653622911, 52: 0.008919391441798315, 53: 0.00926709156473669, 54: 0.008895827655482755, 55: 0.00797139072122812, 56: 0.007360802241438486, 57: 0.012279930274716617, 58: 0.009362025625412424, 59: 0.011626377303483747, 60: 0.00667270920087022, 61: 0.012465426493726572, 62: 0.009434739176502513, 63: 0.010220752606987354, 64: 0.009885567147645026, 65: 0.009989768359993087, 66: 0.011049236814490502, 67: 0.007840241294980803, 68: 0.009906377200453014, 69: 0.00922043107569408, 70: 0.00847842235444107, 71: 0.004914562680251678, 72: 0.011821050147967608, 73: 0.007928674177412843, 74: 0.012190191578863186}","[60, 55, 54, 53, 52, 51, 50, 49, 46, 45, 45, 44, 44, 44, 44, 44, 43, 43, 43, 43, 43, 43, 41, 41, 41, 41, 41, 40, 40, 40, 40, 40, 40, 40, 40, 40, 39, 39, 39, 39, 39, 39, 39, 39, 39, 38, 38, 38, 38, 37, 37, 37, 36, 36, 36, 36, 35, 35, 35, 35, 35, 35, 35, 35, 34, 34, 34, 33, 33, 33, 32, 30, 29, 29, 28]","dict_values([27, 22, 25, 20, 23, 22, 29, 18, 25, 22, 21, 20, 24, 26, 17, 25, 19, 19, 20, 9, 11, 19, 24, 24, 20, 23, 22, 13, 28, 23, 14, 25, 16, 23, 36, 19, 21, 18, 23, 13, 26, 19, 17, 23, 11, 22, 18, 29, 27, 22, 25, 25, 24, 21, 23, 19, 19, 21, 17, 25, 19, 17, 22, 19, 11, 23, 26, 27, 23, 24, 22, 18, 26, 25, 25])",0.09739488372613281
36,39.81333333333333,0.2759047427793461,"{0: 0.014886584943247688, 1: 0.009787845395271496, 2: 0.004577309262002912, 3: 0.016014624154603627, 4: 0.017773871023206954, 5: 0.008239793132367983, 6: 0.007600250746250256, 7: 0.010185945377455534, 8: 0.012588094599883831, 9: 0.0074405580703982436, 10: 0.012538550935976254, 11: 0.010145002576091968, 12: 0.00808000391885262, 13: 0.009361844661848742, 14: 0.017319091456916527, 15: 0.009425428275473135, 16: 0.00633098814122668, 17: 0.011310619922626369, 18: 0.007365792564843711, 19: 0.009257307357254104, 20: 0.004728175235717179, 21: 0.006550096787048724, 22: 0.0169720573503955, 23: 0.0046396204683707845, 24: 0.00732445246199264, 25: 0.008857708391396536, 26: 0.010107127846853876, 27: 0.01422342042906493, 28: 0.011101872804034936, 29: 0.009932295757233861, 30: 0.005384343410814542, 31: 0.008587786089643133, 32: 0.012238482710073183, 33: 0.007836492316104749, 34: 0.010355943639646622, 35: 0.009793055570010083, 36: 0.007378906198509928, 37: 0.0071944168404501135, 38: 0.006661529218952308, 39: 0.009516054278985659, 40: 0.01160245327234085, 41: 0.00921637572801959, 42: 0.00799963290147933, 43: 0.01579888044525767, 44: 0.009815757321161031, 45: 0.011592637973065452, 46: 0.02415580829536235, 47: 0.012036513480128819, 48: 0.006247680844779959, 49: 0.019030270002164243, 50: 0.005439283193146181, 51: 0.010250813523682529, 52: 0.008968373592777147, 53: 0.009299238765240709, 54: 0.009637093250379059, 55: 0.008017374174746803, 56: 0.00796003240715712, 57: 0.012809428710998667, 58: 0.009885530129132118, 59: 0.011653240675205186, 60: 0.0068867005956598755, 61: 0.012544750727915492, 62: 0.009293775799495337, 63: 0.010132089936237855, 64: 0.01003365623228637, 65: 0.009612187656805537, 66: 0.011197550464083014, 67: 0.008382595041970189, 68: 0.009712638407171237, 69: 0.009038536905491145, 70: 0.008389009245918976, 71: 0.004657873543284131, 72: 0.011922021726871419, 73: 0.00799727165711982, 74: 0.012409119963140697}","[60, 54, 53, 53, 52, 52, 50, 49, 47, 45, 44, 44, 44, 44, 44, 43, 43, 43, 43, 43, 43, 43, 41, 41, 41, 41, 40, 40, 40, 40, 40, 40, 40, 40, 40, 39, 39, 39, 39, 39, 39, 39, 39, 39, 39, 38, 38, 38, 38, 37, 37, 37, 36, 36, 36, 36, 36, 35, 35, 35, 35, 35, 35, 35, 35, 34, 34, 34, 33, 32, 32, 30, 29, 28, 27]","dict_values([27, 22, 25, 20, 23, 22, 29, 18, 25, 22, 21, 20, 24, 26, 17, 25, 19, 19, 20, 9, 11, 19, 24, 24, 20, 23, 22, 13, 28, 23, 14, 25, 16, 23, 36, 19, 21, 18, 23, 13, 26, 19, 17, 23, 11, 22, 18, 29, 27, 22, 25, 25, 24, 21, 23, 19, 19, 21, 17, 25, 19, 17, 22, 19, 11, 23, 26, 27, 23, 24, 22, 18, 26, 25, 25])",0.10287436480759284
36,39.84,0.27552132771261173,"{0: 0.014848502601406471, 1: 0.009592774304245242, 2: 0.004672214700838704, 3: 0.015254766623322369, 4: 0.017670615077727186, 5: 0.008406474329053303, 6: 0.007523013127786098, 7: 0.010078593102896313, 8: 0.012940355996544091, 9: 0.007259364558335056, 10: 0.012049851501802414, 11: 0.010180160431973484, 12: 0.007011845586434413, 13: 0.008659767619330272, 14: 0.018348126288325467, 15: 0.009499869648042662, 16: 0.006364081959674574, 17: 0.011417278744434399, 18: 0.007542699973222295, 19: 0.00902149867867212, 20: 0.005368737565374594, 21: 0.006689234453164602, 22: 0.016126793707986996, 23: 0.0047834112197528795, 24: 0.00714540798428371, 25: 0.008979290072805872, 26: 0.009440852577647757, 27: 0.014344880985138607, 28: 0.010467997099465933, 29: 0.010391351212668985, 30: 0.005543045803367883, 31: 0.00883750462412481, 32: 0.011685141070191696, 33: 0.007871573013430208, 34: 0.010909484564465475, 35: 0.009298199377810415, 36: 0.00791390591023784, 37: 0.007224296646742912, 38: 0.006686067128867231, 39: 0.010499993578607363, 40: 0.01097606844386644, 41: 0.008605775396512508, 42: 0.007776200556450219, 43: 0.016613575323071197, 44: 0.009660917634987899, 45: 0.01182069236162491, 46: 0.023607575978134336, 47: 0.012081329450650977, 48: 0.005858025855381246, 49: 0.019096592033776796, 50: 0.005430529947048883, 51: 0.010354665504580715, 52: 0.009076955065685868, 53: 0.008578770468182546, 54: 0.009915980696547609, 55: 0.007466000028870609, 56: 0.008941524889183856, 57: 0.012881341643405186, 58: 0.00990235920445258, 59: 0.011730355239662423, 60: 0.0070221172960899, 61: 0.012486191948560049, 62: 0.009682317196169736, 63: 0.009639242923836383, 64: 0.01035892751943973, 65: 0.009412007316922707, 66: 0.01102012797803889, 67: 0.00888106395063323, 68: 0.010143814082170249, 69: 0.009035880917849699, 70: 0.008497733316427915, 71: 0.004540452917574161, 72: 0.012286608447421249, 73: 0.007892529185841034, 74: 0.01304603349457382}","[60, 54, 53, 53, 53, 53, 49, 48, 47, 45, 44, 44, 44, 44, 44, 44, 44, 43, 43, 43, 42, 42, 42, 42, 41, 41, 41, 40, 40, 40, 40, 40, 40, 40, 40, 40, 39, 39, 39, 39, 39, 39, 38, 38, 38, 38, 38, 38, 38, 38, 37, 37, 36, 36, 36, 36, 35, 35, 35, 35, 35, 35, 35, 35, 34, 34, 34, 34, 33, 32, 32, 31, 29, 28, 28]","dict_values([27, 22, 25, 20, 23, 22, 29, 18, 25, 22, 21, 20, 24, 26, 17, 25, 19, 19, 20, 9, 11, 19, 24, 24, 20, 23, 22, 13, 28, 23, 14, 25, 16, 23, 36, 19, 21, 18, 23, 13, 26, 19, 17, 23, 11, 22, 18, 29, 27, 22, 25, 25, 24, 21, 23, 19, 19, 21, 17, 25, 19, 17, 22, 19, 11, 23, 26, 27, 23, 24, 22, 18, 26, 25, 25])",0.11161468721830652
36,39.78666666666667,0.2747093061151263,"{0: 0.015335022583881032, 1: 0.009625898384087785, 2: 0.004590004076305445, 3: 0.015330300389028778, 4: 0.01716874774137098, 5: 0.00979150012532203, 6: 0.007502132958753963, 7: 0.009884104476473884, 8: 0.012978747170726522, 9: 0.007182208353450284, 10: 0.012223552510429619, 11: 0.009904483448305211, 12: 0.006111765569335729, 13: 0.008266164635771121, 14: 0.018416567940205384, 15: 0.009534043084457555, 16: 0.00637175302898948, 17: 0.011477690475605904, 18: 0.008091573559610089, 19: 0.009152836334159843, 20: 0.005506733440138601, 21: 0.006768865876065621, 22: 0.015421456544757135, 23: 0.005232531498858355, 24: 0.006532804203240648, 25: 0.009018296483003615, 26: 0.009049577237486709, 27: 0.015022236083879922, 28: 0.009957333457728292, 29: 0.010493991795153895, 30: 0.005285737156836982, 31: 0.008674753574991813, 32: 0.0111949103985893, 33: 0.00850062788180023, 34: 0.010804694059651924, 35: 0.008832602062149376, 36: 0.007847779311448162, 37: 0.007189752166921117, 38: 0.006692108233204125, 39: 0.011128697971641585, 40: 0.011042980698922083, 41: 0.008599886455840844, 42: 0.007831532814217132, 43: 0.016629131408304857, 44: 0.00982476967515672, 45: 0.011844147860129599, 46: 0.022806626337352896, 47: 0.012246244370875044, 48: 0.005883815338848096, 49: 0.018774740853451422, 50: 0.006098575601807864, 51: 0.009813795591394303, 52: 0.008991110094973774, 53: 0.00943151163768595, 54: 0.011086759364615588, 55: 0.007499490420811891, 56: 0.009009268869096842, 57: 0.01340738555523306, 58: 0.00927251248969372, 59: 0.011791580802494555, 60: 0.007087171110951318, 61: 0.012649199239303261, 62: 0.009833055571278119, 63: 0.009480149605427927, 64: 0.009877337140589077, 65: 0.009464326718444004, 66: 0.011082753024735301, 67: 0.008873241999503017, 68: 0.0102839915160718, 69: 0.008991099144888073, 70: 0.008466576926567512, 71: 0.004601658345694055, 72: 0.011622429085756645, 73: 0.007772219961611488, 74: 0.012988762371755194}","[59, 54, 53, 53, 53, 52, 49, 48, 48, 45, 45, 44, 44, 44, 44, 44, 43, 43, 43, 43, 43, 42, 41, 41, 41, 41, 41, 40, 40, 40, 40, 40, 40, 40, 40, 40, 39, 39, 39, 39, 39, 38, 38, 38, 38, 38, 38, 37, 37, 37, 37, 37, 36, 36, 36, 36, 36, 36, 35, 35, 35, 35, 35, 34, 34, 34, 34, 33, 33, 33, 32, 31, 29, 29, 28]","dict_values([27, 22, 25, 20, 23, 22, 29, 18, 25, 22, 21, 20, 24, 26, 17, 25, 19, 19, 20, 9, 11, 19, 24, 24, 20, 23, 22, 13, 28, 23, 14, 25, 16, 23, 36, 19, 21, 18, 23, 13, 26, 19, 17, 23, 11, 22, 18, 29, 27, 22, 25, 25, 24, 21, 23, 19, 19, 21, 17, 25, 19, 17, 22, 19, 11, 23, 26, 27, 23, 24, 22, 18, 26, 25, 25])",0.11077040013225137
36,39.70666666666666,0.27394197537799075,"{0: 0.01520830733947693, 1: 0.009625928559589629, 2: 0.004443039027076169, 3: 0.015450770535875256, 4: 0.01727247827212204, 5: 0.010313510316200772, 6: 0.007563797026689655, 7: 0.00944208481366867, 8: 0.011503677862660013, 9: 0.007302762053107597, 10: 0.012086100384986167, 11: 0.010024992610922786, 12: 0.006136316623628547, 13: 0.008230831332799305, 14: 0.01869966269054562, 15: 0.010332412929919328, 16: 0.006361707173202111, 17: 0.011510803766657984, 18: 0.007036810007328173, 19: 0.00863121561959648, 20: 0.005517955351390341, 21: 0.007063590282768367, 22: 0.015591573371886953, 23: 0.0053187993358490854, 24: 0.0072161647117458, 25: 0.008472223596207445, 26: 0.009047878224919073, 27: 0.014990313010404576, 28: 0.009298422476118793, 29: 0.00958119245418233, 30: 0.005266940586077079, 31: 0.008286467068033064, 32: 0.011333334398392406, 33: 0.008557782737838953, 34: 0.011515658917482734, 35: 0.008787747432513556, 36: 0.007901652613784884, 37: 0.007276382358276344, 38: 0.006804461276165745, 39: 0.011234290340993545, 40: 0.011058776660980322, 41: 0.008560377957694246, 42: 0.007769187303136083, 43: 0.01647926949883916, 44: 0.009859357456827825, 45: 0.012641589063490326, 46: 0.022915867979234422, 47: 0.01211396003205528, 48: 0.005619869110882387, 49: 0.01994060591418798, 50: 0.005906133385392501, 51: 0.00982302996227556, 52: 0.008909419220372267, 53: 0.009344561069738308, 54: 0.011300529311442107, 55: 0.007520128167298127, 56: 0.008896487119005772, 57: 0.013732134108846439, 58: 0.009078953291906737, 59: 0.011839941919075754, 60: 0.007180541598349819, 61: 0.012563223136853275, 62: 0.01036615291404048, 63: 0.009289988814701937, 64: 0.009920451977822306, 65: 0.008556812428164424, 66: 0.011085202915511575, 67: 0.008887669293401805, 68: 0.010316426219378177, 69: 0.008680897034498416, 70: 0.00871246666100045, 71: 0.004533035354953164, 72: 0.012953922031890172, 73: 0.007972449791125392, 74: 0.012855199338789322}","[59, 54, 54, 53, 53, 52, 49, 48, 48, 45, 45, 45, 45, 44, 44, 44, 43, 43, 43, 43, 42, 42, 41, 41, 41, 40, 40, 40, 40, 40, 40, 39, 39, 39, 39, 39, 39, 39, 39, 39, 39, 39, 38, 38, 38, 38, 38, 38, 37, 37, 37, 37, 36, 36, 36, 36, 36, 36, 35, 35, 35, 35, 35, 34, 34, 34, 33, 33, 33, 32, 32, 31, 29, 28, 28]","dict_values([27, 22, 25, 20, 23, 22, 29, 18, 25, 22, 21, 20, 24, 26, 17, 25, 19, 19, 20, 9, 11, 19, 24, 24, 20, 23, 22, 13, 28, 23, 14, 25, 16, 23, 36, 19, 21, 18, 23, 13, 26, 19, 17, 23, 11, 22, 18, 29, 27, 22, 25, 25, 24, 21, 23, 19, 19, 21, 17, 25, 19, 17, 22, 19, 11, 23, 26, 27, 23, 24, 22, 18, 26, 25, 25])",0.10720344085866311
36,39.6,0.27285275046910784,"{0: 0.01562871561928185, 1: 0.009595576645676071, 2: 0.004448995882348092, 3: 0.015510438209441653, 4: 0.017433671880291178, 5: 0.009836470267050519, 6: 0.007581756433597808, 7: 0.009492703676816391, 8: 0.011641480226489774, 9: 0.007745380606007819, 10: 0.012225665764277575, 11: 0.009357015195985233, 12: 0.006225275445464082, 13: 0.008351511076766722, 14: 0.018170789341524513, 15: 0.009762944003901222, 16: 0.006450812912992782, 17: 0.011568615982004447, 18: 0.006640954434083037, 19: 0.008686136222462287, 20: 0.005505196599982982, 21: 0.007038318818755943, 22: 0.015998898225109914, 23: 0.005019543893835446, 24: 0.0069366424970996815, 25: 0.008115275619204056, 26: 0.00917981054863222, 27: 0.014687694888023484, 28: 0.009397943408331735, 29: 0.009612472622448798, 30: 0.005400696028051699, 31: 0.00840124953428544, 32: 0.011342817284587619, 33: 0.008504298899531349, 34: 0.01158294734093554, 35: 0.00875855285391156, 36: 0.00789708735217791, 37: 0.00736874182804077, 38: 0.006438731087055536, 39: 0.011804539027680588, 40: 0.011194669091393302, 41: 0.008996883508098519, 42: 0.008320235959079306, 43: 0.016543948815480918, 44: 0.009882189842673911, 45: 0.012666384282221206, 46: 0.023196461239279736, 47: 0.011545454326563275, 48: 0.005752021811528238, 49: 0.02016851775707596, 50: 0.005949249678316397, 51: 0.01028045233750615, 52: 0.00906432259406893, 53: 0.009333667531062713, 54: 0.01136649547329868, 55: 0.0075178509389935005, 56: 0.008950118850719693, 57: 0.013691584753228587, 58: 0.00904291059579016, 59: 0.011877920210478704, 60: 0.007230420244118876, 61: 0.012627212584404371, 62: 0.010313923580989233, 63: 0.00977067967749223, 64: 0.009892537566346251, 65: 0.008733023032264822, 66: 0.011011877499720405, 67: 0.00894036249100804, 68: 0.009721896001560289, 69: 0.008728645369917985, 70: 0.008286544830969031, 71: 0.004540454711687588, 72: 0.013224551583341643, 73: 0.007664522062849813, 74: 0.012975881633936755}","[59, 54, 54, 53, 52, 52, 49, 48, 47, 45, 45, 45, 45, 44, 44, 43, 43, 43, 43, 43, 42, 42, 42, 41, 41, 40, 40, 40, 40, 40, 40, 39, 39, 39, 39, 39, 39, 39, 38, 38, 38, 38, 38, 38, 38, 38, 38, 38, 38, 37, 37, 37, 36, 36, 36, 36, 36, 36, 35, 35, 35, 35, 34, 34, 34, 33, 33, 33, 33, 32, 32, 31, 28, 28, 28]","dict_values([27, 22, 25, 20, 23, 22, 29, 18, 25, 22, 21, 20, 24, 26, 17, 25, 19, 19, 20, 9, 11, 19, 24, 24, 20, 23, 22, 13, 28, 23, 14, 25, 16, 23, 36, 19, 21, 18, 23, 13, 26, 19, 17, 23, 11, 22, 18, 29, 27, 22, 25, 25, 24, 21, 23, 19, 19, 21, 17, 25, 19, 17, 22, 19, 11, 23, 26, 27, 23, 24, 22, 18, 26, 25, 25])",0.10612976000181386
36,39.57333333333333,0.2730166487519169,"{0: 0.015579164043742972, 1: 0.009619604331736604, 2: 0.004387135194496542, 3: 0.015546131243410713, 4: 0.01897398520579044, 5: 0.009788046242631526, 6: 0.007634227163140173, 7: 0.0094090531084916, 8: 0.011824597629477584, 9: 0.007750852889749854, 10: 0.0128639631636207, 11: 0.008730775910820547, 12: 0.006268422535545823, 13: 0.008422239251824207, 14: 0.018269012412544486, 15: 0.009754128851049005, 16: 0.006374193144592192, 17: 0.011641359161121504, 18: 0.007083432542171448, 19: 0.008808054126466836, 20: 0.005538823383377112, 21: 0.0070428976952424055, 22: 0.015811476015265724, 23: 0.005032857938044946, 24: 0.006953457571844466, 25: 0.0081370909582038, 26: 0.009152090779540496, 27: 0.014727490996904876, 28: 0.009425541143021542, 29: 0.009598215700095373, 30: 0.005343049599625746, 31: 0.008361007578915843, 32: 0.011359743439850644, 33: 0.008365979981255428, 34: 0.011565334572296174, 35: 0.008685546185518197, 36: 0.007937714983755463, 37: 0.007370148849995735, 38: 0.006437075080266313, 39: 0.010725505350260142, 40: 0.011176320956244606, 41: 0.008422750679394023, 42: 0.008428394554766013, 43: 0.01657614900101288, 44: 0.01035976865931513, 45: 0.012690640325639171, 46: 0.023381289725638684, 47: 0.011533851655951968, 48: 0.005426391019213153, 49: 0.02005438910202217, 50: 0.006456730748711663, 51: 0.009517840612534958, 52: 0.008820775142828191, 53: 0.008790096855426447, 54: 0.010815018962066875, 55: 0.007600453751769834, 56: 0.009444296322031738, 57: 0.013784924692714511, 58: 0.00909848715759136, 59: 0.011274107619435774, 60: 0.007512141073784911, 61: 0.012278577319596539, 62: 0.010350184789131665, 63: 0.009275384460566083, 64: 0.00984160526112581, 65: 0.009167918158940773, 66: 0.01107632046807151, 67: 0.008888812003123137, 68: 0.010370573726738108, 69: 0.008532318247922771, 70: 0.008297132094779504, 71: 0.004520421733159415, 72: 0.013199061560691403, 73: 0.007891932585938516, 74: 0.013010637044553311}","[59, 54, 54, 53, 53, 52, 49, 48, 47, 45, 45, 45, 45, 44, 44, 43, 43, 43, 42, 42, 42, 42, 41, 41, 41, 40, 40, 40, 40, 39, 39, 39, 39, 39, 39, 39, 39, 39, 39, 38, 38, 38, 38, 38, 38, 38, 38, 38, 37, 37, 37, 37, 37, 36, 36, 36, 36, 35, 35, 35, 35, 35, 34, 34, 34, 34, 33, 33, 33, 33, 32, 31, 28, 28, 28]","dict_values([27, 22, 25, 20, 23, 22, 29, 18, 25, 22, 21, 20, 24, 26, 17, 25, 19, 19, 20, 9, 11, 19, 24, 24, 20, 23, 22, 13, 28, 23, 14, 25, 16, 23, 36, 19, 21, 18, 23, 13, 26, 19, 17, 23, 11, 22, 18, 29, 27, 22, 25, 25, 24, 21, 23, 19, 19, 21, 17, 25, 19, 17, 22, 19, 11, 23, 26, 27, 23, 24, 22, 18, 26, 25, 25])",0.10212709149163401
36,39.626666666666665,0.27306496101178745,"{0: 0.01622445022794807, 1: 0.00907118421251541, 2: 0.004720404255768557, 3: 0.015521730377097153, 4: 0.01912555031202647, 5: 0.009451081705070224, 6: 0.00819954246268873, 7: 0.00892784962280986, 8: 0.011633314379922318, 9: 0.007769195075385351, 10: 0.012734507768754342, 11: 0.00860931220148016, 12: 0.0062323819173134235, 13: 0.008662226551025907, 14: 0.017852222498963007, 15: 0.010281377418474194, 16: 0.005781649794022752, 17: 0.011537680920462758, 18: 0.00708414257841099, 19: 0.010258292028502262, 20: 0.0055538650137796795, 21: 0.007470903302192936, 22: 0.016150251609146113, 23: 0.0050534864263274025, 24: 0.0068587040443422774, 25: 0.008019561468521424, 26: 0.009130935681608724, 27: 0.013881448307017324, 28: 0.00928569468053755, 29: 0.00966686612432759, 30: 0.005225312641413485, 31: 0.008409930498971598, 32: 0.011360401699553272, 33: 0.008524509031767854, 34: 0.011151088096405857, 35: 0.009157242256995076, 36: 0.007960096442824256, 37: 0.006615242668048679, 38: 0.006471266647141642, 39: 0.010677900028923347, 40: 0.011860143632324578, 41: 0.008603848559232243, 42: 0.00874426161590519, 43: 0.016639845766033064, 44: 0.010309570824817885, 45: 0.012264208237111609, 46: 0.023211768773477814, 47: 0.011373714443927605, 48: 0.006067541111241262, 49: 0.01999360263864696, 50: 0.006420530393133133, 51: 0.009446779854189138, 52: 0.009571177724151224, 53: 0.008603628219436337, 54: 0.010275555238392117, 55: 0.007575132889330597, 56: 0.009000593347015029, 57: 0.013632711598062121, 58: 0.009485851266673185, 59: 0.011079933365388643, 60: 0.0068808745550853955, 61: 0.012519798677087683, 62: 0.010439450867177546, 63: 0.008789315296164613, 64: 0.009516338797160715, 65: 0.009318717460564568, 66: 0.011156316985559623, 67: 0.008882080290413841, 68: 0.010513559828628323, 69: 0.007744177270248855, 70: 0.008771668925442294, 71: 0.0045253398396025305, 72: 0.013197506831177458, 73: 0.008188294506235292, 74: 0.012888248173665698}","[59, 55, 54, 53, 53, 52, 49, 48, 46, 45, 45, 45, 45, 44, 44, 44, 44, 43, 42, 42, 42, 41, 41, 41, 41, 40, 40, 40, 40, 40, 39, 39, 39, 39, 39, 39, 39, 39, 38, 38, 38, 38, 38, 38, 38, 38, 38, 38, 37, 37, 37, 37, 37, 37, 36, 36, 36, 36, 36, 35, 35, 35, 35, 34, 34, 33, 33, 33, 33, 32, 32, 31, 29, 28, 28]","dict_values([27, 22, 25, 20, 23, 22, 29, 18, 25, 22, 21, 20, 24, 26, 17, 25, 19, 19, 20, 9, 11, 19, 24, 24, 20, 23, 22, 13, 28, 23, 14, 25, 16, 23, 36, 19, 21, 18, 23, 13, 26, 19, 17, 23, 11, 22, 18, 29, 27, 22, 25, 25, 24, 21, 23, 19, 19, 21, 17, 25, 19, 17, 22, 19, 11, 23, 26, 27, 23, 24, 22, 18, 26, 25, 25])",0.1050966490293434
36,39.54666666666667,0.2731385851359493,"{0: 0.01637217639128448, 1: 0.008459114829041917, 2: 0.004702754167549984, 3: 0.01568651672624772, 4: 0.01938668794285409, 5: 0.009464928900064982, 6: 0.008212117023289424, 7: 0.009151458917479182, 8: 0.01165328561086139, 9: 0.007424912597640178, 10: 0.012785881934291287, 11: 0.008749001900014155, 12: 0.006346941907757197, 13: 0.00921156666083267, 14: 0.01839180209026484, 15: 0.009683934161460588, 16: 0.0055493012544337895, 17: 0.011580655793506473, 18: 0.006458901040874822, 19: 0.010257047641499328, 20: 0.0056257398054997505, 21: 0.007543967904748705, 22: 0.016962442293097325, 23: 0.005115884661219769, 24: 0.006877696722218045, 25: 0.007629954287832543, 26: 0.009538295276155961, 27: 0.013981427449581339, 28: 0.009337170022456842, 29: 0.009686824142750147, 30: 0.005324586303533691, 31: 0.007911200755932829, 32: 0.011532928545885755, 33: 0.00912348745192835, 34: 0.011635302367735299, 35: 0.009204905979040374, 36: 0.008073572436386872, 37: 0.006621763719788758, 38: 0.006594777274103202, 39: 0.01065225861176443, 40: 0.011960591713097353, 41: 0.008693118888072577, 42: 0.008744179247125427, 43: 0.017178528952688392, 44: 0.010335025342932522, 45: 0.011735347154043832, 46: 0.022305687551221854, 47: 0.0116052893297594, 48: 0.006197323607962447, 49: 0.01844014292254505, 50: 0.006556261688367488, 51: 0.009378472085932989, 52: 0.009772000313415536, 53: 0.008526201156903411, 54: 0.010480183408217396, 55: 0.007587332424694316, 56: 0.008915993710176805, 57: 0.014291483671336291, 58: 0.010066023670607107, 59: 0.011203955708002053, 60: 0.006977521991444735, 61: 0.012347819406522504, 62: 0.01062342244883983, 63: 0.008734499247959661, 64: 0.009888372537270691, 65: 0.008967624217628745, 66: 0.010721469362851219, 67: 0.008774840902282982, 68: 0.010670381901153292, 69: 0.007291760730540563, 70: 0.008811815166120627, 71: 0.0045235351912206075, 72: 0.013514649613644314, 73: 0.0078046349706672805, 74: 0.01296204340734393}","[58, 55, 54, 53, 53, 52, 49, 49, 46, 46, 45, 45, 44, 44, 44, 44, 43, 43, 43, 42, 42, 42, 42, 41, 41, 40, 40, 40, 40, 40, 40, 39, 39, 39, 39, 39, 38, 38, 38, 38, 38, 38, 38, 38, 38, 38, 37, 37, 37, 37, 37, 37, 37, 36, 36, 36, 36, 36, 36, 35, 35, 35, 34, 33, 33, 33, 33, 33, 32, 32, 32, 31, 29, 28, 28]","dict_values([27, 22, 25, 20, 23, 22, 29, 18, 25, 22, 21, 20, 24, 26, 17, 25, 19, 19, 20, 9, 11, 19, 24, 24, 20, 23, 22, 13, 28, 23, 14, 25, 16, 23, 36, 19, 21, 18, 23, 13, 26, 19, 17, 23, 11, 22, 18, 29, 27, 22, 25, 25, 24, 21, 23, 19, 19, 21, 17, 25, 19, 17, 22, 19, 11, 23, 26, 27, 23, 24, 22, 18, 26, 25, 25])",0.10005324448037527
36,39.49333333333333,0.2723242964454813,"{0: 0.015605073339742159, 1: 0.008576570372384794, 2: 0.004858673630269979, 3: 0.016123415909036057, 4: 0.01858136751986658, 5: 0.009475823193507586, 6: 0.008700434474685475, 7: 0.009418089401385388, 8: 0.01241392348179259, 9: 0.007867819087356197, 10: 0.01384306863769777, 11: 0.008652011133056768, 12: 0.006500213674041295, 13: 0.009346895453309875, 14: 0.017595926925537467, 15: 0.009646378893102615, 16: 0.005073463403126827, 17: 0.011910040511447074, 18: 0.006959562759583675, 19: 0.010351056250974305, 20: 0.005259725600391451, 21: 0.007297451728660783, 22: 0.016850821584735796, 23: 0.005294592779062265, 24: 0.007336208416746916, 25: 0.007682082109402953, 26: 0.0091693501754934, 27: 0.013292237583616607, 28: 0.009441737948258025, 29: 0.009801339252893906, 30: 0.005215023268282598, 31: 0.007405964709982208, 32: 0.011742685880404608, 33: 0.009116077894194514, 34: 0.010985041329320225, 35: 0.009004523296018887, 36: 0.008259445886009317, 37: 0.006661458251720018, 38: 0.00673396324777431, 39: 0.01019905315631577, 40: 0.012242313158058455, 41: 0.008771926363741056, 42: 0.009174391958773962, 43: 0.01572469196103818, 44: 0.009999381003286453, 45: 0.011824724079668081, 46: 0.021988177143858208, 47: 0.011777415898535423, 48: 0.006207042097020444, 49: 0.018264338780402116, 50: 0.007116915882324319, 51: 0.009539176465648436, 52: 0.009972340294300209, 53: 0.00800388425232334, 54: 0.011871390536107543, 55: 0.007671563314575363, 56: 0.00877557339342496, 57: 0.014454385450713652, 58: 0.009553339228203067, 59: 0.01223330913361728, 60: 0.006935076058587844, 61: 0.012543702619948216, 62: 0.010839396089888969, 63: 0.00863594325388827, 64: 0.010622649651037869, 65: 0.009147614470907072, 66: 0.010017838854089824, 67: 0.00820057606700993, 68: 0.010609035418717763, 69: 0.007419418943040235, 70: 0.009221704697115763, 71: 0.004320794573485821, 72: 0.012996122579734763, 73: 0.007037411375876043, 74: 0.013683899815782115}","[58, 54, 53, 53, 52, 51, 49, 49, 46, 46, 45, 45, 44, 44, 44, 44, 44, 43, 43, 43, 43, 42, 42, 41, 41, 41, 40, 40, 40, 40, 40, 39, 39, 39, 38, 38, 38, 38, 38, 38, 38, 38, 38, 38, 38, 37, 37, 37, 37, 37, 37, 37, 37, 37, 36, 36, 36, 36, 35, 35, 35, 35, 34, 34, 34, 33, 33, 32, 32, 32, 31, 30, 29, 29, 27]","dict_values([27, 22, 25, 20, 23, 22, 29, 18, 25, 22, 21, 20, 24, 26, 17, 25, 19, 19, 20, 9, 11, 19, 24, 24, 20, 23, 22, 13, 28, 23, 14, 25, 16, 23, 36, 19, 21, 18, 23, 13, 26, 19, 17, 23, 11, 22, 18, 29, 27, 22, 25, 25, 24, 21, 23, 19, 19, 21, 17, 25, 19, 17, 22, 19, 11, 23, 26, 27, 23, 24, 22, 18, 26, 25, 25])",0.1102066645663892
36,39.653333333333336,0.2738295913902283,"{0: 0.015349505047074767, 1: 0.009163455560120243, 2: 0.004832355111194659, 3: 0.015842422599289287, 4: 0.01803564183970228, 5: 0.009832906517571577, 6: 0.008648565840346664, 7: 0.0096016702672504, 8: 0.012465613757080997, 9: 0.007792161291267903, 10: 0.013847593380016857, 11: 0.00872740999892186, 12: 0.006415390478713188, 13: 0.009687425639542425, 14: 0.015951881197101853, 15: 0.009025281240323887, 16: 0.004977680169543514, 17: 0.012816718991841699, 18: 0.006674544463019074, 19: 0.010331875661335007, 20: 0.005167713599385493, 21: 0.0075849394069205595, 22: 0.016177454924908928, 23: 0.005243779787936163, 24: 0.007306284234413341, 25: 0.007826016708054525, 26: 0.009663606562649535, 27: 0.013246025714571315, 28: 0.009939445363511679, 29: 0.011096262031868906, 30: 0.005201753515581023, 31: 0.0073555994788871495, 32: 0.011540875410738425, 33: 0.008912667735420102, 34: 0.011365908968648695, 35: 0.008793895160599861, 36: 0.00769041928958546, 37: 0.006569091410135609, 38: 0.006675562317361035, 39: 0.010215675709065362, 40: 0.011973632557763165, 41: 0.008373667862863685, 42: 0.009136011523889175, 43: 0.017774642414983936, 44: 0.009862915695148737, 45: 0.012708985363301256, 46: 0.021962921360511724, 47: 0.011678729366514847, 48: 0.006169632277799764, 49: 0.018053823727673744, 50: 0.006733326425107247, 51: 0.0097330272400416, 52: 0.009575865892800186, 53: 0.007973640165420988, 54: 0.011827232961388162, 55: 0.007428607202760378, 56: 0.008679697873261394, 57: 0.014701631283072458, 58: 0.009573556966517415, 59: 0.011995601133773265, 60: 0.007219855887217411, 61: 0.011956269322679246, 62: 0.010689352092989997, 63: 0.008607741939938924, 64: 0.010472277263414414, 65: 0.009098001445915365, 66: 0.00960156601907644, 67: 0.008589071967732039, 68: 0.010608718376263369, 69: 0.007307052854998061, 70: 0.009263578136419114, 71: 0.004770513332157168, 72: 0.012557475894008513, 73: 0.006911421546986294, 74: 0.013187118895719758}","[58, 55, 54, 53, 51, 49, 49, 48, 47, 46, 45, 45, 44, 44, 44, 44, 43, 43, 43, 43, 43, 43, 42, 42, 42, 42, 41, 41, 41, 40, 40, 40, 39, 39, 39, 39, 39, 39, 38, 38, 38, 38, 38, 38, 38, 38, 38, 37, 37, 37, 37, 37, 37, 37, 36, 36, 36, 35, 35, 35, 35, 35, 34, 33, 33, 33, 33, 33, 32, 32, 31, 30, 29, 29, 29]","dict_values([27, 22, 25, 20, 23, 22, 29, 18, 25, 22, 21, 20, 24, 26, 17, 25, 19, 19, 20, 9, 11, 19, 24, 24, 20, 23, 22, 13, 28, 23, 14, 25, 16, 23, 36, 19, 21, 18, 23, 13, 26, 19, 17, 23, 11, 22, 18, 29, 27, 22, 25, 25, 24, 21, 23, 19, 19, 21, 17, 25, 19, 17, 22, 19, 11, 23, 26, 27, 23, 24, 22, 18, 26, 25, 25])",0.1030504678746853
36,39.78666666666667,0.27495520260181483,"{0: 0.015104009744717225, 1: 0.00889154347089214, 2: 0.004765560122441721, 3: 0.01602467873837406, 4: 0.017939630385067726, 5: 0.009588692929026347, 6: 0.008061631999988165, 7: 0.010217380300035554, 8: 0.013324737612695656, 9: 0.00798811127093629, 10: 0.013649550827230118, 11: 0.009197635152339212, 12: 0.005983020864162524, 13: 0.009533269181235267, 14: 0.016560995115041558, 15: 0.008602873923370172, 16: 0.004954520498436694, 17: 0.012711654460741035, 18: 0.006656764453586505, 19: 0.011002950208742234, 20: 0.0057119026551772515, 21: 0.00675402659827505, 22: 0.015764198032263955, 23: 0.0051942532552927394, 24: 0.007261140353653022, 25: 0.007511310208668032, 26: 0.009582682920082058, 27: 0.013172316755926972, 28: 0.010575993460950731, 29: 0.010876565308049892, 30: 0.00508933727173547, 31: 0.00800301573751771, 32: 0.011410738315908048, 33: 0.008798507632319107, 34: 0.011940038379040705, 35: 0.008855528882973055, 36: 0.007707489813654196, 37: 0.007058395483053017, 38: 0.007099504107628262, 39: 0.009997197673590993, 40: 0.01170663491372597, 41: 0.008506571463465767, 42: 0.008962629273742905, 43: 0.017722833368666396, 44: 0.009002806604824151, 45: 0.012635462385663836, 46: 0.021034000015687036, 47: 0.011360236160841385, 48: 0.005438460849419753, 49: 0.01863861184343162, 50: 0.006758020708653947, 51: 0.009746705180369937, 52: 0.008967096775442392, 53: 0.00797127478634328, 54: 0.011351920562565891, 55: 0.007493126468623659, 56: 0.008644599889475229, 57: 0.014383200428973472, 58: 0.009240643477146298, 59: 0.012347377353171173, 60: 0.007191662955891659, 61: 0.01165697218199895, 62: 0.01061978282786007, 63: 0.008597272734342657, 64: 0.010216692642702285, 65: 0.00949074587993899, 66: 0.009463343435946178, 67: 0.009073021098977853, 68: 0.011425924811111715, 69: 0.007835821638483823, 70: 0.009221358680198173, 71: 0.004917222365671796, 72: 0.012889421399451054, 73: 0.006870423925218445, 74: 0.012919424341398403}","[57, 55, 54, 54, 51, 50, 49, 48, 47, 46, 45, 45, 45, 44, 44, 44, 44, 44, 44, 44, 43, 43, 43, 42, 42, 42, 42, 41, 40, 40, 40, 40, 40, 39, 39, 39, 39, 39, 39, 39, 38, 38, 38, 38, 38, 38, 38, 38, 38, 37, 37, 36, 36, 36, 36, 36, 36, 35, 35, 35, 35, 34, 33, 33, 33, 33, 33, 33, 32, 32, 32, 31, 30, 29, 29]","dict_values([27, 22, 25, 20, 23, 22, 29, 18, 25, 22, 21, 20, 24, 26, 17, 25, 19, 19, 20, 9, 11, 19, 24, 24, 20, 23, 22, 13, 28, 23, 14, 25, 16, 23, 36, 19, 21, 18, 23, 13, 26, 19, 17, 23, 11, 22, 18, 29, 27, 22, 25, 25, 24, 21, 23, 19, 19, 21, 17, 25, 19, 17, 22, 19, 11, 23, 26, 27, 23, 24, 22, 18, 26, 25, 25])",0.09863507967425914
36,39.733333333333334,0.2741755019822273,"{0: 0.014978359073558795, 1: 0.009958715628152296, 2: 0.004847157850360236, 3: 0.01611959977054246, 4: 0.017996521101713625, 5: 0.009487608394872274, 6: 0.008400828759708325, 7: 0.01134867444168297, 8: 0.012975377116319197, 9: 0.008100888131980418, 10: 0.012935702549183168, 11: 0.009546793635654487, 12: 0.005890478697515497, 13: 0.008759897202315396, 14: 0.016489382027551826, 15: 0.009001966385721939, 16: 0.00445808558789548, 17: 0.013495197318005877, 18: 0.006491646619937781, 19: 0.010980448387133501, 20: 0.006273201973295278, 21: 0.006660330562044152, 22: 0.015997902571837377, 23: 0.004874446257403549, 24: 0.007247034525176276, 25: 0.00755330990044051, 26: 0.010240072037797542, 27: 0.012527161668150707, 28: 0.010443003547853973, 29: 0.010403713950754982, 30: 0.005267056757842745, 31: 0.008169525203473983, 32: 0.011459143094871638, 33: 0.009140214836520137, 34: 0.011970436637958564, 35: 0.008841199133980864, 36: 0.008093343589906314, 37: 0.006765891135594549, 38: 0.007466386583829549, 39: 0.00948914056865385, 40: 0.011179527258470382, 41: 0.008065768699205769, 42: 0.00878025688449135, 43: 0.01581375836461579, 44: 0.008700540097689165, 45: 0.013713065148667443, 46: 0.020607082931626282, 47: 0.010173499306593175, 48: 0.0056789145191730415, 49: 0.01867497167073879, 50: 0.007252490635875088, 51: 0.00997484862319606, 52: 0.00891093816393776, 53: 0.008577705907201682, 54: 0.01241519003652936, 55: 0.007727169170064344, 56: 0.0086541120359946, 57: 0.014921137300315732, 58: 0.00917954088213019, 59: 0.011849640723845204, 60: 0.007542632082344326, 61: 0.012559590698372283, 62: 0.01087058469906487, 63: 0.008487970824522722, 64: 0.009613533557284497, 65: 0.009118925791918208, 66: 0.0095199844938388, 67: 0.009143643109119609, 68: 0.01190897241272563, 69: 0.00781342008370341, 70: 0.009458453405686303, 71: 0.004765405842370514, 72: 0.011609549497186867, 73: 0.0068320015540129534, 74: 0.013109571021906269}","[57, 54, 54, 53, 52, 50, 49, 48, 48, 45, 45, 45, 45, 45, 44, 44, 44, 43, 43, 43, 43, 43, 43, 42, 41, 41, 41, 41, 40, 40, 40, 40, 39, 39, 39, 39, 39, 39, 39, 39, 39, 38, 38, 38, 38, 38, 38, 38, 38, 37, 37, 37, 37, 37, 36, 36, 36, 36, 35, 35, 35, 34, 34, 33, 33, 33, 33, 33, 33, 32, 32, 29, 29, 29, 28]","dict_values([27, 22, 25, 20, 23, 22, 29, 18, 25, 22, 21, 20, 24, 26, 17, 25, 19, 19, 20, 9, 11, 19, 24, 24, 20, 23, 22, 13, 28, 23, 14, 25, 16, 23, 36, 19, 21, 18, 23, 13, 26, 19, 17, 23, 11, 22, 18, 29, 27, 22, 25, 25, 24, 21, 23, 19, 19, 21, 17, 25, 19, 17, 22, 19, 11, 23, 26, 27, 23, 24, 22, 18, 26, 25, 25])",0.10442457546957346
36,39.86666666666667,0.27477860037860785,"{0: 0.015135076009771814, 1: 0.010031977908606712, 2: 0.004828049908708369, 3: 0.018055649616975825, 4: 0.017491431950038702, 5: 0.009079667272362755, 6: 0.008524045708789075, 7: 0.011164883889070998, 8: 0.012233553458924998, 9: 0.00836094855989616, 10: 0.012483842438631355, 11: 0.009651630351012203, 12: 0.005937533150497213, 13: 0.008812992311369224, 14: 0.016433944768677898, 15: 0.008631817821416449, 16: 0.004415734731561431, 17: 0.013159540290723944, 18: 0.006489400144520066, 19: 0.010811404082378982, 20: 0.006751890458264506, 21: 0.006645303206439735, 22: 0.015573583136592581, 23: 0.005250562989050805, 24: 0.007076672130694898, 25: 0.007591850658402202, 26: 0.010708526238436478, 27: 0.012699151367293904, 28: 0.010538016247286688, 29: 0.010469171371469917, 30: 0.0050847312052390075, 31: 0.006945623802954769, 32: 0.010828283822160792, 33: 0.010055747678555986, 34: 0.010741286326555285, 35: 0.008618169077910352, 36: 0.008511824489615032, 37: 0.006611434718635518, 38: 0.007385160199890305, 39: 0.009236478587563426, 40: 0.011586953642312823, 41: 0.007947728087467465, 42: 0.008803100476921769, 43: 0.015454917614554895, 44: 0.008604413098369868, 45: 0.01359453146629798, 46: 0.020574460066913148, 47: 0.010656911373611069, 48: 0.005450212284645192, 49: 0.020672479599754778, 50: 0.007492914701593231, 51: 0.009330893929106557, 52: 0.008621207375444966, 53: 0.008522459113127769, 54: 0.01240907062758993, 55: 0.007954308898945743, 56: 0.00778291874157459, 57: 0.014694828505699448, 58: 0.009237862692225516, 59: 0.011281660646037984, 60: 0.007464494692119434, 61: 0.01289640326738922, 62: 0.011046686044859892, 63: 0.008381599070343486, 64: 0.010685524128127398, 65: 0.008833255157152728, 66: 0.00957419259015439, 67: 0.008915657733367735, 68: 0.012076819309454296, 69: 0.007807255436826314, 70: 0.00895393869286248, 71: 0.005446418024013628, 72: 0.011410408175765954, 73: 0.006814662801408199, 74: 0.013201800757787601}","[57, 57, 54, 52, 52, 51, 50, 48, 48, 45, 45, 45, 45, 45, 44, 44, 44, 44, 43, 43, 42, 42, 42, 42, 41, 41, 41, 41, 41, 40, 40, 40, 40, 39, 39, 39, 39, 39, 39, 39, 39, 38, 38, 38, 38, 38, 38, 38, 38, 38, 37, 37, 37, 37, 37, 36, 36, 36, 35, 35, 35, 34, 34, 34, 33, 33, 33, 33, 33, 32, 32, 31, 29, 29, 29]","dict_values([27, 22, 25, 20, 23, 22, 29, 18, 25, 22, 21, 20, 24, 26, 17, 25, 19, 19, 20, 9, 11, 19, 24, 24, 20, 23, 22, 13, 28, 23, 14, 25, 16, 23, 36, 19, 21, 18, 23, 13, 26, 19, 17, 23, 11, 22, 18, 29, 27, 22, 25, 25, 24, 21, 23, 19, 19, 21, 17, 25, 19, 17, 22, 19, 11, 23, 26, 27, 23, 24, 22, 18, 26, 25, 25])",0.1070793391572801
36,39.973333333333336,0.2758259262328872,"{0: 0.014325829280634117, 1: 0.010674503939723336, 2: 0.005415940197470028, 3: 0.01825959869731777, 4: 0.017498023216937927, 5: 0.009013852994566765, 6: 0.008607792722630077, 7: 0.011569378358907362, 8: 0.01208708644487214, 9: 0.008806590698581453, 10: 0.012345629443084441, 11: 0.009182128087138901, 12: 0.005919259847989701, 13: 0.008772213628114088, 14: 0.017904559449562707, 15: 0.008620035780971475, 16: 0.0044082687701562885, 17: 0.013548986069105151, 18: 0.006372364192294143, 19: 0.010250570570212513, 20: 0.006730090351262345, 21: 0.006519052842599449, 22: 0.015548684001683837, 23: 0.005304560085464525, 24: 0.006538607223538732, 25: 0.00765266414436827, 26: 0.010729479496827102, 27: 0.012818016729140675, 28: 0.010004681539917869, 29: 0.010461370757997824, 30: 0.005069187139939256, 31: 0.0068393679297048425, 32: 0.010248482953008163, 33: 0.010601375050244118, 34: 0.010711711969946221, 35: 0.008537760422750961, 36: 0.008528014969202332, 37: 0.006446279991824985, 38: 0.007413537209773931, 39: 0.009275421803624867, 40: 0.011502786704928306, 41: 0.007323823471838828, 42: 0.008689364787266004, 43: 0.015278505214354223, 44: 0.008681647634401055, 45: 0.013563825218946914, 46: 0.020664637973345713, 47: 0.01055971273019973, 48: 0.005458083687351485, 49: 0.020696387250187423, 50: 0.0070593207118292995, 51: 0.008475339236821913, 52: 0.008178170244347412, 53: 0.00935268738250205, 54: 0.012310408888929685, 55: 0.0079333924022653, 56: 0.007694208724042129, 57: 0.014557588434165509, 58: 0.009698863570187444, 59: 0.01026760784143949, 60: 0.007933963734252127, 61: 0.013148335894331443, 62: 0.011841256484528927, 63: 0.008309233961477184, 64: 0.011237846260491232, 65: 0.008722552076593464, 66: 0.010088823936527403, 67: 0.008612313142622674, 68: 0.012074408305616818, 69: 0.00794885119814082, 70: 0.008979229760910494, 71: 0.005305894783183897, 72: 0.011425528678378325, 73: 0.0061047927748341425, 74: 0.01325872231255313}","[57, 57, 53, 52, 52, 52, 51, 48, 48, 45, 45, 45, 45, 45, 45, 44, 44, 44, 44, 43, 42, 42, 42, 42, 42, 41, 41, 41, 41, 41, 40, 40, 40, 40, 40, 40, 39, 39, 39, 39, 39, 39, 38, 38, 38, 38, 38, 38, 38, 37, 37, 37, 37, 37, 37, 36, 36, 36, 35, 35, 34, 34, 34, 34, 33, 33, 33, 33, 32, 32, 32, 31, 31, 29, 29]","dict_values([27, 22, 25, 20, 23, 22, 29, 18, 25, 22, 21, 20, 24, 26, 17, 25, 19, 19, 20, 9, 11, 19, 24, 24, 20, 23, 22, 13, 28, 23, 14, 25, 16, 23, 36, 19, 21, 18, 23, 13, 26, 19, 17, 23, 11, 22, 18, 29, 27, 22, 25, 25, 24, 21, 23, 19, 19, 21, 17, 25, 19, 17, 22, 19, 11, 23, 26, 27, 23, 24, 22, 18, 26, 25, 25])",0.09966573223598921
36,40.10666666666667,0.27659194328574827,"{0: 0.01419043170069335, 1: 0.01064018045622898, 2: 0.005236859172829741, 3: 0.018157626130614564, 4: 0.017517168505729933, 5: 0.00883024108024108, 6: 0.00852495617584256, 7: 0.011488590025281216, 8: 0.012111910658593255, 9: 0.008776083464036728, 10: 0.012472522480936384, 11: 0.00910257416764266, 12: 0.005913204726669913, 13: 0.008773524009741702, 14: 0.018688474415407896, 15: 0.008532918215843814, 16: 0.004298238625879569, 17: 0.013476052249252265, 18: 0.006297257132688164, 19: 0.010431865911205042, 20: 0.0066577013019446735, 21: 0.006557433740749633, 22: 0.015413799142574037, 23: 0.0050817199242681995, 24: 0.006525414780641891, 25: 0.007617824718757397, 26: 0.01057488719149118, 27: 0.012673411290735667, 28: 0.010040564232974317, 29: 0.01036236868229348, 30: 0.005076594857018173, 31: 0.00681985776419612, 32: 0.010278751946146662, 33: 0.010065627612491346, 34: 0.01107370201109993, 35: 0.00851473331407807, 36: 0.008440105248992682, 37: 0.006857643588120089, 38: 0.007312281910248985, 39: 0.009781153098829844, 40: 0.01152464141856384, 41: 0.007210852379415678, 42: 0.009009334549062699, 43: 0.015301625739218514, 44: 0.008668790445624618, 45: 0.013426011553735993, 46: 0.020927500794968447, 47: 0.010866930832391092, 48: 0.005300080104690369, 49: 0.020503412865298082, 50: 0.007330738230903632, 51: 0.008435237313158343, 52: 0.008174275475131805, 53: 0.008881902254182672, 54: 0.011810581969282506, 55: 0.007818417222401874, 56: 0.007926524145044862, 57: 0.014484225271761249, 58: 0.009600180115339606, 59: 0.010397110373550967, 60: 0.008195612165330983, 61: 0.01309164298934626, 62: 0.01178828662918319, 63: 0.007877231148075668, 64: 0.010687823044642492, 65: 0.008797572804612967, 66: 0.009407642743450031, 67: 0.008993391551819326, 68: 0.01195706425281729, 69: 0.00788909041487607, 70: 0.008967541408919331, 71: 0.005264255570311807, 72: 0.011831111862410905, 73: 0.006789323244872904, 74: 0.0132512727521115}","[57, 57, 53, 53, 52, 52, 51, 48, 48, 46, 45, 45, 45, 45, 45, 44, 44, 44, 44, 43, 43, 42, 42, 42, 42, 42, 42, 41, 41, 41, 40, 40, 40, 40, 40, 40, 40, 40, 39, 39, 39, 38, 38, 38, 38, 38, 38, 38, 37, 37, 37, 37, 37, 37, 37, 36, 36, 36, 35, 35, 35, 35, 34, 34, 34, 34, 33, 33, 33, 32, 32, 31, 31, 29, 29]","dict_values([27, 22, 25, 20, 23, 22, 29, 18, 25, 22, 21, 20, 24, 26, 17, 25, 19, 19, 20, 9, 11, 19, 24, 24, 20, 23, 22, 13, 28, 23, 14, 25, 16, 23, 36, 19, 21, 18, 23, 13, 26, 19, 17, 23, 11, 22, 18, 29, 27, 22, 25, 25, 24, 21, 23, 19, 19, 21, 17, 25, 19, 17, 22, 19, 11, 23, 26, 27, 23, 24, 22, 18, 26, 25, 25])",0.10591525435717519
36,40.026666666666664,0.2771406899499182,"{0: 0.013375657041442656, 1: 0.010623472803616496, 2: 0.005260053829992897, 3: 0.017340403210159394, 4: 0.01814791778905072, 5: 0.00869556486805946, 6: 0.008576413788944007, 7: 0.011675559457971408, 8: 0.012580445393246976, 9: 0.008829104243548313, 10: 0.013208173940747097, 11: 0.00929781432404027, 12: 0.0053753666161961795, 13: 0.009087777219414204, 14: 0.01894722873710657, 15: 0.008459050798407164, 16: 0.0043230911562901885, 17: 0.01353890433856758, 18: 0.006156052715458788, 19: 0.0110893627880418, 20: 0.006693578943780394, 21: 0.0063890310448939235, 22: 0.01623199582317566, 23: 0.005055118152512124, 24: 0.0060797249215334935, 25: 0.007679397614876942, 26: 0.01055293525056935, 27: 0.012691396217828785, 28: 0.010856293897695327, 29: 0.010751616007437672, 30: 0.005019419356715946, 31: 0.007017437246722374, 32: 0.009773392077336412, 33: 0.009684200996717164, 34: 0.010958935232352486, 35: 0.00850806784169448, 36: 0.00835926830566261, 37: 0.006990944222946306, 38: 0.00716274882419531, 39: 0.009856197799773802, 40: 0.010988570101423043, 41: 0.007496905295150122, 42: 0.00956308600212574, 43: 0.014793548928497036, 44: 0.009992433398674627, 45: 0.014278631592775252, 46: 0.020935313111167038, 47: 0.009806414002574095, 48: 0.005233032588641622, 49: 0.021168605798865318, 50: 0.007463457553930548, 51: 0.008430191649807668, 52: 0.00867483092871324, 53: 0.008710830859796438, 54: 0.011865053182542279, 55: 0.007746107411960563, 56: 0.007287325397650937, 57: 0.014898344549542376, 58: 0.009423430826375496, 59: 0.010220560463481354, 60: 0.008581373943849963, 61: 0.013208944023820435, 62: 0.011774332310067174, 63: 0.008024896413456203, 64: 0.010529390028608275, 65: 0.008175286377785123, 66: 0.008184867463161502, 67: 0.00915277814269231, 68: 0.01213588368553759, 69: 0.007337561899885609, 70: 0.00894594757095391, 71: 0.005027512558198064, 72: 0.011457011033841226, 73: 0.006259784752856006, 74: 0.014012832353224572}","[58, 57, 53, 53, 52, 51, 51, 49, 48, 47, 46, 46, 45, 45, 45, 44, 44, 44, 43, 43, 43, 43, 42, 42, 41, 41, 41, 41, 41, 41, 40, 40, 40, 40, 40, 40, 40, 39, 39, 39, 39, 39, 38, 38, 38, 38, 37, 37, 37, 37, 37, 37, 37, 36, 36, 36, 36, 36, 36, 35, 35, 34, 34, 34, 34, 33, 33, 33, 33, 31, 31, 31, 31, 29, 29]","dict_values([27, 22, 25, 20, 23, 22, 29, 18, 25, 22, 21, 20, 24, 26, 17, 25, 19, 19, 20, 9, 11, 19, 24, 24, 20, 23, 22, 13, 28, 23, 14, 25, 16, 23, 36, 19, 21, 18, 23, 13, 26, 19, 17, 23, 11, 22, 18, 29, 27, 22, 25, 25, 24, 21, 23, 19, 19, 21, 17, 25, 19, 17, 22, 19, 11, 23, 26, 27, 23, 24, 22, 18, 26, 25, 25])",0.10148552974454958
36,40.13333333333333,0.2782055061784103,"{0: 0.013284272265644832, 1: 0.011191077231965524, 2: 0.005130076463589486, 3: 0.01723514343331808, 4: 0.01860450600727618, 5: 0.008561671489753682, 6: 0.009006661406772394, 7: 0.01149459604606706, 8: 0.012389173547938634, 9: 0.008298426456775265, 10: 0.012474090946623023, 11: 0.009789882407047699, 12: 0.005270057543592453, 13: 0.00913775331285754, 14: 0.019421839204985594, 15: 0.008451764085126882, 16: 0.004711690826095178, 17: 0.01338235233890933, 18: 0.006079425228179197, 19: 0.010876543469876796, 20: 0.0060255387831325904, 21: 0.006124294803478403, 22: 0.016015605757341, 23: 0.00499968913871668, 24: 0.006007050269532726, 25: 0.007573292495854714, 26: 0.010306326297524586, 27: 0.011969643670060584, 28: 0.010704506116875637, 29: 0.010835473113845296, 30: 0.0049412043793419305, 31: 0.006812722712067559, 32: 0.009519492484931164, 33: 0.009494818408875396, 34: 0.011333960609914087, 35: 0.008540543836477498, 36: 0.007876627386035959, 37: 0.007074167276051649, 38: 0.007479231589726506, 39: 0.009923330346967905, 40: 0.010907404152965351, 41: 0.00738176269543306, 42: 0.009647096157338941, 43: 0.014597532153973794, 44: 0.011135854682529927, 45: 0.014033188138654461, 46: 0.020320534600972426, 47: 0.010261757876586146, 48: 0.005300940080993175, 49: 0.021688036140995858, 50: 0.007080093372894566, 51: 0.008816080316130886, 52: 0.008883688865792994, 53: 0.00825159043480259, 54: 0.011826192892207352, 55: 0.007900878264920204, 56: 0.007426606749661963, 57: 0.015076576661264754, 58: 0.01000331183178116, 59: 0.009801221719061221, 60: 0.00840755188476038, 61: 0.013223599803081229, 62: 0.011591512929685726, 63: 0.007808410578900478, 64: 0.00984726665811138, 65: 0.007932563740686014, 66: 0.0069702194802657245, 67: 0.010224561268989404, 68: 0.012130820628318016, 69: 0.007774592121743953, 70: 0.008906599565023694, 71: 0.005022684742384011, 72: 0.011943394433646816, 73: 0.0066440954656140005, 74: 0.01408651377325478}","[59, 56, 54, 54, 52, 51, 51, 49, 48, 47, 46, 45, 45, 45, 45, 44, 44, 44, 43, 43, 43, 43, 42, 42, 42, 41, 41, 41, 41, 41, 41, 41, 41, 41, 40, 40, 40, 39, 39, 39, 39, 39, 39, 39, 38, 38, 38, 37, 37, 37, 37, 37, 37, 37, 36, 36, 36, 36, 36, 35, 35, 34, 34, 34, 33, 33, 33, 32, 32, 31, 31, 31, 31, 30, 29]","dict_values([27, 22, 25, 20, 23, 22, 29, 18, 25, 22, 21, 20, 24, 26, 17, 25, 19, 19, 20, 9, 11, 19, 24, 24, 20, 23, 22, 13, 28, 23, 14, 25, 16, 23, 36, 19, 21, 18, 23, 13, 26, 19, 17, 23, 11, 22, 18, 29, 27, 22, 25, 25, 24, 21, 23, 19, 19, 21, 17, 25, 19, 17, 22, 19, 11, 23, 26, 27, 23, 24, 22, 18, 26, 25, 25])",0.09868765245416716
36,39.946666666666665,0.27591639322065653,"{0: 0.013595270436277939, 1: 0.01151947156698621, 2: 0.0054057322183686165, 3: 0.01670190333868087, 4: 0.017259860211249495, 5: 0.008588635785272466, 6: 0.009880185004252964, 7: 0.011727166010404563, 8: 0.012479020005426729, 9: 0.008718293843809496, 10: 0.013012941362038948, 11: 0.008936384600180314, 12: 0.005388166248815687, 13: 0.007289826601074974, 14: 0.018162390970312203, 15: 0.008515760093945059, 16: 0.005137294756880096, 17: 0.01383892235299015, 18: 0.00623862065990811, 19: 0.010384561877182272, 20: 0.00643595923191098, 21: 0.006199430712009036, 22: 0.015872618914373755, 23: 0.005017903183359037, 24: 0.005671770874717152, 25: 0.008182997634947427, 26: 0.01033501879491355, 27: 0.011663259608465088, 28: 0.010934159529727115, 29: 0.010976797066289769, 30: 0.005038977976109786, 31: 0.006883199336078108, 32: 0.009741122764329408, 33: 0.009051632267356913, 34: 0.01138163556649249, 35: 0.00867727932522985, 36: 0.00795530282861625, 37: 0.007169806718195282, 38: 0.006965575091418276, 39: 0.009878664830106718, 40: 0.01092961214795322, 41: 0.007144138340885887, 42: 0.009710588616756295, 43: 0.014988792228666396, 44: 0.011449575113130321, 45: 0.014429464505839533, 46: 0.02055020351240829, 47: 0.01053353323854203, 48: 0.0053474587913267665, 49: 0.021987585097083814, 50: 0.007408117786687683, 51: 0.008870682394377322, 52: 0.009124259842130214, 53: 0.008068863550298998, 54: 0.012572068145837358, 55: 0.007855539725530065, 56: 0.007411013531903015, 57: 0.014426906335367754, 58: 0.010098195408217037, 59: 0.009777935267985345, 60: 0.008352277336129253, 61: 0.013468280262367748, 62: 0.011195357282484086, 63: 0.007980134444159777, 64: 0.010328551163929342, 65: 0.007747381676998296, 66: 0.0074636104662947735, 67: 0.0103106651539354, 68: 0.01204680330696587, 69: 0.007685476459540586, 70: 0.00879159185013554, 71: 0.005148812959787614, 72: 0.01154469663226966, 73: 0.0067608904273369535, 74: 0.014176491214917293}","[59, 56, 52, 52, 52, 51, 50, 49, 47, 46, 46, 46, 45, 45, 45, 44, 44, 43, 43, 43, 43, 42, 42, 42, 42, 41, 41, 41, 41, 41, 41, 41, 41, 40, 40, 40, 40, 39, 39, 39, 39, 39, 39, 38, 38, 38, 37, 37, 37, 37, 36, 36, 36, 36, 36, 36, 36, 36, 35, 35, 35, 34, 34, 34, 33, 33, 33, 32, 32, 32, 31, 31, 31, 31, 29]","dict_values([27, 22, 25, 20, 23, 22, 29, 18, 25, 22, 21, 20, 24, 26, 17, 25, 19, 19, 20, 9, 11, 19, 24, 24, 20, 23, 22, 13, 28, 23, 14, 25, 16, 23, 36, 19, 21, 18, 23, 13, 26, 19, 17, 23, 11, 22, 18, 29, 27, 22, 25, 25, 24, 21, 23, 19, 19, 21, 17, 25, 19, 17, 22, 19, 11, 23, 26, 27, 23, 24, 22, 18, 26, 25, 25])",0.10654749278521787
36,40.053333333333335,0.2766896817516247,"{0: 0.01361396207920973, 1: 0.011358209303833957, 2: 0.005342863556051781, 3: 0.016803845469646868, 4: 0.016994784138240505, 5: 0.008555883632487812, 6: 0.009881830149554547, 7: 0.011773811652324218, 8: 0.012388630566775501, 9: 0.008549920177304176, 10: 0.013662310581832659, 11: 0.008391532411021545, 12: 0.005393966245340301, 13: 0.007056572665801217, 14: 0.017956119988268408, 15: 0.008700351250849453, 16: 0.005244756519205367, 17: 0.013749642473923412, 18: 0.006453486780609503, 19: 0.010126231569259653, 20: 0.006856803206839256, 21: 0.006079566012622359, 22: 0.015813967897395646, 23: 0.004545588426827289, 24: 0.005647123859096269, 25: 0.008077374089972661, 26: 0.009759504626167821, 27: 0.011728918578233648, 28: 0.010322414242745895, 29: 0.010929300476589944, 30: 0.005404733449335398, 31: 0.006902551864723615, 32: 0.009702005888459962, 33: 0.009453635518994783, 34: 0.011478049189222768, 35: 0.009239111271863262, 36: 0.00907765555433293, 37: 0.007001834565889871, 38: 0.006839374360750823, 39: 0.010374874951110372, 40: 0.0110619039179293, 41: 0.007238219678355757, 42: 0.010065886060966157, 43: 0.014939023223565462, 44: 0.010930519590634024, 45: 0.015204379631861166, 46: 0.020093487860825644, 47: 0.011663567172777061, 48: 0.005709120747824642, 49: 0.022112807853785367, 50: 0.00729281681437078, 51: 0.009281637769722162, 52: 0.009095016019520554, 53: 0.00853010127869579, 54: 0.012653198703563606, 55: 0.00812557109554892, 56: 0.006721484150364812, 57: 0.01425697155949222, 58: 0.009932928217670466, 59: 0.009674806616140489, 60: 0.0078003510005870014, 61: 0.012548698500049022, 62: 0.011069984996293544, 63: 0.008384807577483808, 64: 0.010125200850671794, 65: 0.006773462734068433, 66: 0.007458025633465943, 67: 0.010400783103590376, 68: 0.01213561352456577, 69: 0.007633528043693266, 70: 0.00874083915106457, 71: 0.005282705023812232, 72: 0.010614579675516317, 73: 0.006732822264968924, 74: 0.013870425389885388}","[59, 56, 52, 52, 52, 51, 50, 49, 47, 46, 46, 46, 46, 46, 44, 44, 44, 44, 43, 43, 43, 42, 42, 42, 42, 42, 42, 41, 41, 41, 41, 40, 40, 40, 40, 40, 40, 40, 39, 39, 39, 39, 39, 39, 38, 38, 38, 38, 37, 37, 37, 37, 37, 36, 36, 36, 35, 35, 35, 34, 34, 34, 34, 34, 34, 34, 33, 32, 32, 32, 32, 32, 31, 31, 28]","dict_values([27, 22, 25, 20, 23, 22, 29, 18, 25, 22, 21, 20, 24, 26, 17, 25, 19, 19, 20, 9, 11, 19, 24, 24, 20, 23, 22, 13, 28, 23, 14, 25, 16, 23, 36, 19, 21, 18, 23, 13, 26, 19, 17, 23, 11, 22, 18, 29, 27, 22, 25, 25, 24, 21, 23, 19, 19, 21, 17, 25, 19, 17, 22, 19, 11, 23, 26, 27, 23, 24, 22, 18, 26, 25, 25])",0.10421923010774804
36,39.86666666666667,0.27529287203846914,"{0: 0.013767701931044969, 1: 0.011576903565179653, 2: 0.005419190491613576, 3: 0.017316771602230042, 4: 0.016336455683522596, 5: 0.00867454026700602, 6: 0.009945764397819194, 7: 0.012055328882391482, 8: 0.011693927115933303, 9: 0.008789275517906595, 10: 0.013473111609890096, 11: 0.008505345912134468, 12: 0.005955927153228448, 13: 0.007086082634966102, 14: 0.018298369349984668, 15: 0.008352901642356738, 16: 0.005215901277545113, 17: 0.013855187868375909, 18: 0.006538251290617975, 19: 0.010152913012560692, 20: 0.006442281378948672, 21: 0.00560020761977761, 22: 0.014553249942528556, 23: 0.00454763054336145, 24: 0.0057516214434726355, 25: 0.008102375811859904, 26: 0.009960107047192232, 27: 0.011798043476125668, 28: 0.01040627980016233, 29: 0.010774379523481847, 30: 0.005376490679376375, 31: 0.006582156892861709, 32: 0.010322561827818278, 33: 0.009563716883922364, 34: 0.012223182334542348, 35: 0.008853852287336327, 36: 0.01010490031517877, 37: 0.007248189598201788, 38: 0.00710576777535986, 39: 0.010415604772108143, 40: 0.011426509083889268, 41: 0.007520923233599718, 42: 0.010232073533926396, 43: 0.01451434053015603, 44: 0.010952670502988376, 45: 0.015138563561628229, 46: 0.019786198891805773, 47: 0.01075382813729742, 48: 0.005211445664511014, 49: 0.021878497566873847, 50: 0.0073946440967938105, 51: 0.009185747520507798, 52: 0.008994259537592527, 53: 0.0085003261389771, 54: 0.012727811417902392, 55: 0.007788816575532726, 56: 0.00638514329896936, 57: 0.014437655561292638, 58: 0.01003050007934836, 59: 0.009375948587724992, 60: 0.008471270466299858, 61: 0.012795639734721538, 62: 0.011974771124325271, 63: 0.008029513884155513, 64: 0.010289478609862197, 65: 0.006874921249831473, 66: 0.006952683795572815, 67: 0.010488400353899693, 68: 0.012209768342345695, 69: 0.0078048492681902755, 70: 0.009022098482773563, 71: 0.0053737634107576746, 72: 0.010012036785143716, 73: 0.007311034642935269, 74: 0.014095606208298635}","[58, 55, 52, 52, 51, 51, 50, 47, 47, 46, 46, 46, 45, 45, 45, 44, 44, 43, 43, 42, 42, 42, 42, 42, 42, 42, 42, 42, 41, 41, 40, 40, 40, 40, 40, 40, 40, 40, 39, 39, 39, 39, 39, 39, 38, 38, 38, 37, 37, 37, 37, 36, 36, 36, 36, 35, 35, 35, 35, 35, 34, 34, 34, 34, 34, 33, 33, 32, 32, 32, 32, 31, 31, 31, 28]","dict_values([27, 22, 25, 20, 23, 22, 29, 18, 25, 22, 21, 20, 24, 26, 17, 25, 19, 19, 20, 9, 11, 19, 24, 24, 20, 23, 22, 13, 28, 23, 14, 25, 16, 23, 36, 19, 21, 18, 23, 13, 26, 19, 17, 23, 11, 22, 18, 29, 27, 22, 25, 25, 24, 21, 23, 19, 19, 21, 17, 25, 19, 17, 22, 19, 11, 23, 26, 27, 23, 24, 22, 18, 26, 25, 25])",0.09974698269594301
36,39.89333333333333,0.2753101936431919,"{0: 0.013777942426327695, 1: 0.01162904693047548, 2: 0.005284328215333091, 3: 0.017309203350971972, 4: 0.016552010456060307, 5: 0.008661450861342715, 6: 0.009959149513944035, 7: 0.011877371452887364, 8: 0.010966760192489794, 9: 0.008236296706681648, 10: 0.013311825965483979, 11: 0.009054755842670013, 12: 0.005834315396520365, 13: 0.007383050533735464, 14: 0.018475582117287788, 15: 0.008333590563755378, 16: 0.005204955889887396, 17: 0.014305397500448375, 18: 0.0064587281961953754, 19: 0.010048698392128064, 20: 0.006386669914067175, 21: 0.005338370886652687, 22: 0.014815519917632707, 23: 0.005030286946998022, 24: 0.0057466209267876935, 25: 0.007507560995500245, 26: 0.010427555170265765, 27: 0.011477181340195038, 28: 0.00996600123312452, 29: 0.011390097430223513, 30: 0.005274800875833228, 31: 0.006595180418885005, 32: 0.010656918348893084, 33: 0.009468818182425722, 34: 0.012151603046480948, 35: 0.008530926170063041, 36: 0.010113385122031806, 37: 0.0072122577336084705, 38: 0.007195611645495276, 39: 0.0104745795637147, 40: 0.012497577260220601, 41: 0.0071680350987657244, 42: 0.01005075200138096, 43: 0.014436877892588407, 44: 0.010799061908083434, 45: 0.015130178879173775, 46: 0.019770105553794624, 47: 0.01076623987609663, 48: 0.005179368577639406, 49: 0.021816148810199488, 50: 0.007449985987401524, 51: 0.009285899378686438, 52: 0.008560019595386643, 53: 0.008000652260628438, 54: 0.012454566958879762, 55: 0.0079093652962788, 56: 0.006392919684666774, 57: 0.015302324708013312, 58: 0.01066444361403767, 59: 0.009104290343341951, 60: 0.009222199471147344, 61: 0.0122076059126714, 62: 0.012814646082376405, 63: 0.008236461531992636, 64: 0.010600131365363993, 65: 0.006832180696117935, 66: 0.006861339024725315, 67: 0.010480748345548822, 68: 0.011344231954841459, 69: 0.007258744649841233, 70: 0.008976601027594728, 71: 0.005347244018172173, 72: 0.010338730288964995, 73: 0.006728425677973364, 74: 0.014086564310781563}","[58, 55, 52, 52, 51, 51, 50, 48, 47, 46, 46, 46, 45, 45, 45, 45, 44, 43, 43, 43, 42, 42, 42, 42, 42, 42, 42, 41, 41, 41, 41, 41, 41, 41, 40, 40, 40, 40, 39, 39, 39, 39, 39, 38, 38, 37, 37, 37, 37, 37, 37, 36, 36, 36, 36, 36, 35, 35, 35, 34, 34, 34, 34, 34, 33, 33, 33, 32, 32, 32, 32, 31, 31, 30, 29]","dict_values([27, 22, 25, 20, 23, 22, 29, 18, 25, 22, 21, 20, 24, 26, 17, 25, 19, 19, 20, 9, 11, 19, 24, 24, 20, 23, 22, 13, 28, 23, 14, 25, 16, 23, 36, 19, 21, 18, 23, 13, 26, 19, 17, 23, 11, 22, 18, 29, 27, 22, 25, 25, 24, 21, 23, 19, 19, 21, 17, 25, 19, 17, 22, 19, 11, 23, 26, 27, 23, 24, 22, 18, 26, 25, 25])",0.10649789813835113
36,39.946666666666665,0.2765963965479002,"{0: 0.013567289412317787, 1: 0.012107921623844836, 2: 0.005219145236298548, 3: 0.016914574807437903, 4: 0.017200795778189466, 5: 0.008613362294869144, 6: 0.010063877454172322, 7: 0.012073520669422784, 8: 0.010922378470025883, 9: 0.007793859319846427, 10: 0.013876456575004203, 11: 0.00893990961998926, 12: 0.0058202461738505965, 13: 0.007248822579639241, 14: 0.018250683009483265, 15: 0.008435105222610408, 16: 0.005224315982207585, 17: 0.014953708181050428, 18: 0.006548886647148141, 19: 0.010089751283520333, 20: 0.007127324287836497, 21: 0.005409538170685118, 22: 0.015844259354489534, 23: 0.00547597427323676, 24: 0.006117061154382501, 25: 0.00757292960350628, 26: 0.010013576958657287, 27: 0.011636054838854125, 28: 0.010004742522531933, 29: 0.012514615494464172, 30: 0.0051977897497055975, 31: 0.006723173404583907, 32: 0.010817840291405896, 33: 0.0092113300513784, 34: 0.01168194404000684, 35: 0.008523520523160612, 36: 0.009854911882519813, 37: 0.006601010968831343, 38: 0.00736685337323218, 39: 0.010509030505043064, 40: 0.012699246265166053, 41: 0.006662159208317637, 42: 0.009888668573153386, 43: 0.015792415212165452, 44: 0.010367289788350434, 45: 0.014087668249371646, 46: 0.01972268000537675, 47: 0.01064138691841828, 48: 0.005179434820913079, 49: 0.02144684717125996, 50: 0.008257404233431633, 51: 0.00920927762953057, 52: 0.008616538805320284, 53: 0.007939291582829402, 54: 0.012373182564666631, 55: 0.007901209623004815, 56: 0.006294631722713913, 57: 0.015140066053600024, 58: 0.01080569904111192, 59: 0.009636543596489995, 60: 0.008829853350401299, 61: 0.012023411697149568, 62: 0.012828626344735434, 63: 0.008225770201796333, 64: 0.009985790385100196, 65: 0.006341763470360736, 66: 0.006206574263540946, 67: 0.009593363779338036, 68: 0.011261625488552775, 69: 0.00656567044473011, 70: 0.008716877888593995, 71: 0.005649226565879096, 72: 0.009881163172582528, 73: 0.00663441295394338, 74: 0.014284745061654799}","[58, 55, 52, 52, 52, 52, 51, 49, 48, 47, 47, 46, 46, 45, 45, 44, 44, 43, 43, 42, 42, 42, 42, 42, 42, 42, 42, 42, 42, 41, 41, 41, 41, 40, 40, 40, 40, 39, 39, 39, 39, 39, 38, 38, 37, 37, 37, 37, 37, 37, 37, 36, 36, 36, 36, 36, 36, 35, 35, 35, 34, 34, 33, 33, 33, 33, 33, 32, 32, 32, 32, 31, 30, 30, 30]","dict_values([27, 22, 25, 20, 23, 22, 29, 18, 25, 22, 21, 20, 24, 26, 17, 25, 19, 19, 20, 9, 11, 19, 24, 24, 20, 23, 22, 13, 28, 23, 14, 25, 16, 23, 36, 19, 21, 18, 23, 13, 26, 19, 17, 23, 11, 22, 18, 29, 27, 22, 25, 25, 24, 21, 23, 19, 19, 21, 17, 25, 19, 17, 22, 19, 11, 23, 26, 27, 23, 24, 22, 18, 26, 25, 25])",0.10410854882611618
36,39.973333333333336,0.2767401957011499,"{0: 0.013278023948422943, 1: 0.011974402034188428, 2: 0.005198058401075522, 3: 0.01733069081954743, 4: 0.017134433103429637, 5: 0.008560418406308818, 6: 0.0100706423581975, 7: 0.012646499671321589, 8: 0.010925097125318934, 9: 0.007631837582482224, 10: 0.01421463444164929, 11: 0.008547574305159355, 12: 0.005778197977246954, 13: 0.00787661192205941, 14: 0.01858878592407081, 15: 0.009151680496812569, 16: 0.005216823078992342, 17: 0.01484719067930215, 18: 0.00661998907335231, 19: 0.010139397736699633, 20: 0.0078015464461245135, 21: 0.005339911269723789, 22: 0.015759881597956115, 23: 0.005418381111529552, 24: 0.005938856704368388, 25: 0.008062708008249138, 26: 0.010057164516046576, 27: 0.010966899421581352, 28: 0.009523612640180413, 29: 0.012596047569023534, 30: 0.005140176124404623, 31: 0.007113906722392163, 32: 0.010832910683188614, 33: 0.00897338974494494, 34: 0.011673384729994308, 35: 0.008943404475275174, 36: 0.00970873450977577, 37: 0.006526738474989126, 38: 0.007106531847265346, 39: 0.010463493803861584, 40: 0.012611929481258869, 41: 0.006712976778029868, 42: 0.009834076480890061, 43: 0.015180362642588582, 44: 0.009774110615095564, 45: 0.013962523402089604, 46: 0.020969754489014752, 47: 0.010142755903896756, 48: 0.0051619036912256035, 49: 0.02146641919076946, 50: 0.008882227546611108, 51: 0.00962772798303052, 52: 0.008262777508078824, 53: 0.007965434245958369, 54: 0.011819964288845613, 55: 0.007835916381561989, 56: 0.006285259024985052, 57: 0.014380862020826285, 58: 0.010706609688779805, 59: 0.009542518452520316, 60: 0.008843109356807988, 61: 0.011773230553342309, 62: 0.012948213712135, 63: 0.008164384294957656, 64: 0.009871501484677999, 65: 0.006370636962799849, 66: 0.006230822404227444, 67: 0.00939791448537619, 68: 0.011138605236026581, 69: 0.006393335683354253, 70: 0.008379674820677158, 71: 0.005552335810192378, 72: 0.009896684245396695, 73: 0.0072024821520746156, 74: 0.014420664171429958}","[58, 57, 52, 52, 52, 51, 51, 49, 47, 47, 47, 47, 45, 45, 45, 44, 44, 43, 43, 43, 42, 42, 42, 42, 42, 42, 42, 41, 41, 41, 41, 41, 41, 40, 40, 39, 39, 39, 39, 39, 39, 38, 38, 38, 38, 38, 38, 37, 37, 37, 37, 37, 37, 36, 36, 36, 36, 35, 35, 35, 35, 34, 33, 33, 33, 33, 33, 32, 32, 32, 32, 31, 30, 30, 30]","dict_values([27, 22, 25, 20, 23, 22, 29, 18, 25, 22, 21, 20, 24, 26, 17, 25, 19, 19, 20, 9, 11, 19, 24, 24, 20, 23, 22, 13, 28, 23, 14, 25, 16, 23, 36, 19, 21, 18, 23, 13, 26, 19, 17, 23, 11, 22, 18, 29, 27, 22, 25, 25, 24, 21, 23, 19, 19, 21, 17, 25, 19, 17, 22, 19, 11, 23, 26, 27, 23, 24, 22, 18, 26, 25, 25])",0.09691495464398993
36,40.08,0.27752233113367814,"{0: 0.013212556108528988, 1: 0.012095970015707213, 2: 0.004964870507206072, 3: 0.017266526945034864, 4: 0.01683594097137975, 5: 0.008478392912359727, 6: 0.011265918039774553, 7: 0.01253361244408058, 8: 0.011607010443919208, 9: 0.007623686613382046, 10: 0.014206306247052589, 11: 0.0084740879453106, 12: 0.005783501157152893, 13: 0.007862089000944747, 14: 0.017459669439181858, 15: 0.009224334540805314, 16: 0.005672947850185606, 17: 0.014853508804711538, 18: 0.006554291723627875, 19: 0.00978905166660213, 20: 0.007808798176489639, 21: 0.005285665466834847, 22: 0.016377118664072612, 23: 0.005375497016845222, 24: 0.006384911010620311, 25: 0.008007578246143732, 26: 0.010076811130788255, 27: 0.011180784703658318, 28: 0.009900386765183164, 29: 0.012516945590331955, 30: 0.00545807576685665, 31: 0.0070920512703494375, 32: 0.01107296202520395, 33: 0.008899902489205636, 34: 0.01175465608270339, 35: 0.009465149207455554, 36: 0.008997733076790975, 37: 0.006262607865414802, 38: 0.007043484904724576, 39: 0.011524884588259357, 40: 0.012490703877699962, 41: 0.006688870088072488, 42: 0.009766902731884405, 43: 0.014463229743949845, 44: 0.009759371949045637, 45: 0.013959001023142762, 46: 0.02093801097585314, 47: 0.010186865706578545, 48: 0.005195827149806596, 49: 0.021193010465670657, 50: 0.00880119561626411, 51: 0.009831319888352289, 52: 0.008063306603977739, 53: 0.00809720956981231, 54: 0.011793453201052325, 55: 0.007879617359844463, 56: 0.006222328722328722, 57: 0.014208572663195952, 58: 0.010665308713016837, 59: 0.009560125380091425, 60: 0.008367995104380887, 61: 0.011499708609410764, 62: 0.011532175339652015, 63: 0.007999207691815871, 64: 0.010071688361407075, 65: 0.006595447900880005, 66: 0.006140738496732981, 67: 0.009183696706594018, 68: 0.011447125960020213, 69: 0.006430421938497996, 70: 0.008277620961854413, 71: 0.005323925790520081, 72: 0.009894062793696862, 73: 0.00717552270730695, 74: 0.015064294211809472}","[58, 57, 52, 52, 51, 51, 50, 50, 48, 47, 47, 47, 45, 45, 45, 44, 44, 43, 43, 43, 43, 43, 43, 42, 42, 42, 42, 42, 41, 41, 41, 41, 41, 41, 40, 40, 40, 39, 39, 39, 39, 38, 38, 38, 38, 38, 38, 38, 37, 37, 37, 37, 37, 36, 36, 36, 36, 36, 35, 35, 35, 34, 34, 33, 33, 32, 32, 32, 32, 32, 32, 31, 30, 30, 30]","dict_values([27, 22, 25, 20, 23, 22, 29, 18, 25, 22, 21, 20, 24, 26, 17, 25, 19, 19, 20, 9, 11, 19, 24, 24, 20, 23, 22, 13, 28, 23, 14, 25, 16, 23, 36, 19, 21, 18, 23, 13, 26, 19, 17, 23, 11, 22, 18, 29, 27, 22, 25, 25, 24, 21, 23, 19, 19, 21, 17, 25, 19, 17, 22, 19, 11, 23, 26, 27, 23, 24, 22, 18, 26, 25, 25])",0.098143035286712
36,40.10666666666667,0.2770766364830091,"{0: 0.01332367136441855, 1: 0.01382205362054071, 2: 0.005175340414109868, 3: 0.01615016538745419, 4: 0.017415474213870442, 5: 0.008643031994614088, 6: 0.011264882935999724, 7: 0.012878198115507108, 8: 0.011657188874204017, 9: 0.0080648457105457, 10: 0.014108647288025878, 11: 0.008456848150782247, 12: 0.005726422223731995, 13: 0.008474472493779257, 14: 0.016395415340014746, 15: 0.008093992723935453, 16: 0.005621079559080567, 17: 0.014018319349117117, 18: 0.006420186402870541, 19: 0.00981854570710015, 20: 0.007330624971549415, 21: 0.005336113483118808, 22: 0.016081408395169635, 23: 0.005351096181351866, 24: 0.00648079109867457, 25: 0.007834590761877376, 26: 0.010156617533574936, 27: 0.011083037223114203, 28: 0.010466220004442254, 29: 0.012431373373063208, 30: 0.005477045905943167, 31: 0.0076478222960969615, 32: 0.011593899159103294, 33: 0.008876433169691228, 34: 0.01164454870962905, 35: 0.009053842370124578, 36: 0.008963796733104165, 37: 0.005836986035683382, 38: 0.006535250744162639, 39: 0.011461031826902241, 40: 0.012451398072587728, 41: 0.006697858107324276, 42: 0.009472539252589417, 43: 0.013356034485990455, 44: 0.009660686001183964, 45: 0.01242489570636103, 46: 0.022147463066286687, 47: 0.010621752767159555, 48: 0.005571696395538855, 49: 0.021012202616387924, 50: 0.00911745812100656, 51: 0.00993267980213405, 52: 0.008303576197043427, 53: 0.00866211698487898, 54: 0.0111417442629389, 55: 0.007853231665599538, 56: 0.00618145895213068, 57: 0.014174128043991058, 58: 0.010538430760357754, 59: 0.010477511620492413, 60: 0.00890263034384572, 61: 0.011431130051408589, 62: 0.012078280432328895, 63: 0.008070513842309517, 64: 0.010064148687650163, 65: 0.006049133431895728, 66: 0.006083440546232785, 67: 0.009584138275915366, 68: 0.011651421977428262, 69: 0.006421954277820866, 70: 0.008338340566388363, 71: 0.0053124389386690445, 72: 0.009972496749018843, 73: 0.0075113999783220356, 74: 0.014576498601803607}","[58, 58, 53, 52, 50, 50, 50, 48, 47, 47, 47, 46, 45, 45, 44, 44, 44, 44, 43, 43, 43, 43, 43, 43, 42, 42, 42, 42, 42, 42, 41, 41, 41, 41, 41, 41, 40, 39, 39, 39, 39, 39, 39, 38, 38, 38, 38, 38, 37, 37, 37, 37, 37, 36, 36, 36, 36, 35, 35, 35, 35, 34, 34, 33, 33, 32, 32, 32, 32, 32, 32, 31, 30, 30, 30]","dict_values([27, 22, 25, 20, 23, 22, 29, 18, 25, 22, 21, 20, 24, 26, 17, 25, 19, 19, 20, 9, 11, 19, 24, 24, 20, 23, 22, 13, 28, 23, 14, 25, 16, 23, 36, 19, 21, 18, 23, 13, 26, 19, 17, 23, 11, 22, 18, 29, 27, 22, 25, 25, 24, 21, 23, 19, 19, 21, 17, 25, 19, 17, 22, 19, 11, 23, 26, 27, 23, 24, 22, 18, 26, 25, 25])",0.10804874943413308
36,40.08,0.2770081874464345,"{0: 0.013467368051540536, 1: 0.013838585991277828, 2: 0.004815256370343715, 3: 0.015229059098249459, 4: 0.016693436676849683, 5: 0.008484172097185796, 6: 0.012157773082045825, 7: 0.012742677000739933, 8: 0.012313818991901182, 9: 0.008481024476570603, 10: 0.014080994085034337, 11: 0.008247773400121668, 12: 0.0056870678778169845, 13: 0.008496394807518444, 14: 0.016393088616720345, 15: 0.008257114665656639, 16: 0.005733685086789636, 17: 0.01397647215204669, 18: 0.0063504582084341924, 19: 0.010010860148348812, 20: 0.007289764587716406, 21: 0.005455901847431128, 22: 0.015604461663852496, 23: 0.005334511515267038, 24: 0.0064929454388617126, 25: 0.008295897819425276, 26: 0.009379440963363012, 27: 0.011103376944750864, 28: 0.011133480677919883, 29: 0.012614822993576802, 30: 0.005466043944253498, 31: 0.0073914027488610696, 32: 0.011949998498526062, 33: 0.009342656357581733, 34: 0.011460346370660889, 35: 0.008943159412795172, 36: 0.008562862961518758, 37: 0.005479306212124879, 38: 0.006550987581798083, 39: 0.011627267068291067, 40: 0.012374013182996262, 41: 0.007250654339695435, 42: 0.009504801114390154, 43: 0.014818318751798641, 44: 0.009791657948702633, 45: 0.011793389667500992, 46: 0.022135026559668796, 47: 0.010713439731057392, 48: 0.005447355152776561, 49: 0.019659076802232597, 50: 0.009165656989927532, 51: 0.009598511004502715, 52: 0.008371475336736335, 53: 0.008898147655300422, 54: 0.011234217871043527, 55: 0.007900228857391615, 56: 0.005941986227117827, 57: 0.014686879661049618, 58: 0.01068936064586266, 59: 0.010012901457431358, 60: 0.008833944548393311, 61: 0.011440633599221373, 62: 0.011974278116592183, 63: 0.008080048093233134, 64: 0.010054889943741088, 65: 0.00624427713364848, 66: 0.006174376298072885, 67: 0.009735661944150526, 68: 0.011710182704120487, 69: 0.006466850913283136, 70: 0.008817074255119664, 71: 0.004849710929906247, 72: 0.009505312921426748, 73: 0.007557262218442216, 74: 0.014465705735324895}","[58, 56, 52, 52, 50, 50, 49, 49, 48, 47, 47, 46, 45, 45, 44, 44, 44, 44, 44, 44, 43, 43, 43, 43, 42, 42, 42, 42, 42, 42, 42, 41, 41, 41, 41, 40, 40, 39, 39, 39, 39, 39, 39, 38, 38, 38, 38, 38, 37, 37, 37, 37, 36, 36, 36, 36, 36, 35, 35, 35, 35, 34, 34, 34, 34, 32, 32, 32, 32, 31, 31, 30, 30, 30, 30]","dict_values([27, 22, 25, 20, 23, 22, 29, 18, 25, 22, 21, 20, 24, 26, 17, 25, 19, 19, 20, 9, 11, 19, 24, 24, 20, 23, 22, 13, 28, 23, 14, 25, 16, 23, 36, 19, 21, 18, 23, 13, 26, 19, 17, 23, 11, 22, 18, 29, 27, 22, 25, 25, 24, 21, 23, 19, 19, 21, 17, 25, 19, 17, 22, 19, 11, 23, 26, 27, 23, 24, 22, 18, 26, 25, 25])",0.10164147199059408
36,39.973333333333336,0.27608662970768255,"{0: 0.013581793437922367, 1: 0.014348295960716306, 2: 0.005371681049563838, 3: 0.01546208463091844, 4: 0.016892652396810474, 5: 0.008428668530004707, 6: 0.012307637650103403, 7: 0.012452138744920542, 8: 0.012301411480785996, 9: 0.007935954210971576, 10: 0.014195892120019819, 11: 0.008716134357365964, 12: 0.005855441222458577, 13: 0.00850023604284125, 14: 0.016359853461488324, 15: 0.00810776449801998, 16: 0.005792391734590198, 17: 0.01422722533978732, 18: 0.0064512554663243, 19: 0.010026337530995966, 20: 0.007278050782840648, 21: 0.005465599663410116, 22: 0.015741853223545543, 23: 0.005222539966460659, 24: 0.0064591493598668915, 25: 0.007788037999054562, 26: 0.009532672065766253, 27: 0.01092023407946354, 28: 0.011109227402118362, 29: 0.01288866147558247, 30: 0.005057386562078287, 31: 0.006395401020002164, 32: 0.011006946083609083, 33: 0.009338590920326323, 34: 0.012097112001246385, 35: 0.009867265199414983, 36: 0.009061517558297384, 37: 0.0049883741664563585, 38: 0.007054287397257429, 39: 0.011630745734261708, 40: 0.01237725774202779, 41: 0.007297291476178722, 42: 0.010235617495095035, 43: 0.014454119950889386, 44: 0.009965910309942485, 45: 0.011381898058514566, 46: 0.02231284429399052, 47: 0.010086962098154156, 48: 0.005302304955437868, 49: 0.01983070752558922, 50: 0.009187216859907036, 51: 0.009554076154764396, 52: 0.009063747893560853, 53: 0.00882543230980355, 54: 0.011865064024686038, 55: 0.008114845569143658, 56: 0.006546229455595496, 57: 0.014823172636799165, 58: 0.010948011841397204, 59: 0.010138738895829816, 60: 0.008857898922151566, 61: 0.011522559490206244, 62: 0.011639912899733916, 63: 0.008114682377657874, 64: 0.01007205522854853, 65: 0.006333726525170385, 66: 0.006245853855168041, 67: 0.008672247062145765, 68: 0.011024940129296248, 69: 0.006092938371812884, 70: 0.007798238205801796, 71: 0.00459419642541025, 72: 0.009707876578821063, 73: 0.008107223734476799, 74: 0.014259189418141903}","[58, 56, 52, 52, 50, 49, 49, 49, 48, 47, 46, 46, 46, 45, 45, 45, 44, 44, 44, 43, 43, 43, 42, 42, 42, 42, 42, 42, 42, 41, 41, 41, 41, 41, 40, 39, 39, 39, 39, 39, 39, 39, 38, 38, 38, 38, 38, 38, 38, 38, 37, 37, 36, 36, 36, 36, 35, 35, 35, 35, 34, 34, 34, 34, 34, 33, 32, 32, 32, 32, 30, 30, 30, 30, 29]","dict_values([27, 22, 25, 20, 23, 22, 29, 18, 25, 22, 21, 20, 24, 26, 17, 25, 19, 19, 20, 9, 11, 19, 24, 24, 20, 23, 22, 13, 28, 23, 14, 25, 16, 23, 36, 19, 21, 18, 23, 13, 26, 19, 17, 23, 11, 22, 18, 29, 27, 22, 25, 25, 24, 21, 23, 19, 19, 21, 17, 25, 19, 17, 22, 19, 11, 23, 26, 27, 23, 24, 22, 18, 26, 25, 25])",0.10625584946335134
36,39.86666666666667,0.2753112196700655,"{0: 0.013471560641937354, 1: 0.014394282242486123, 2: 0.005399326225524854, 3: 0.01566009136048551, 4: 0.017039365485528958, 5: 0.008436326929477614, 6: 0.012458662629895506, 7: 0.01267512927072289, 8: 0.01171443553192143, 9: 0.008636620040890611, 10: 0.014453796394300498, 11: 0.008812415811358422, 12: 0.006027218062956491, 13: 0.007779258215816067, 14: 0.016288108054312536, 15: 0.008048210877576211, 16: 0.005800104927234897, 17: 0.014174580596765305, 18: 0.006935062706863576, 19: 0.010272753064640842, 20: 0.007351923911396012, 21: 0.004762545520979651, 22: 0.014036605565269944, 23: 0.004712130050527398, 24: 0.006259571512140006, 25: 0.007867530078104751, 26: 0.010094375804992242, 27: 0.010946310631618017, 28: 0.01111531455053595, 29: 0.014231899638374379, 30: 0.005138798107674014, 31: 0.006865754789556159, 32: 0.011298764034507901, 33: 0.009708798814107033, 34: 0.012616294318550563, 35: 0.010274142662815839, 36: 0.00868130106079512, 37: 0.005135732875458902, 38: 0.006426153439445719, 39: 0.010683710832618072, 40: 0.012543027198818616, 41: 0.0073090489652234214, 42: 0.01036074422981081, 43: 0.014526913252716154, 44: 0.010182263056242149, 45: 0.01149209689406423, 46: 0.021272155569498883, 47: 0.010045792418727056, 48: 0.005295235671151567, 49: 0.019705083774788086, 50: 0.009424476001275767, 51: 0.010097136415350965, 52: 0.008734024017360615, 53: 0.0097519239289046, 54: 0.01202850292233049, 55: 0.008239607559126701, 56: 0.005823528732894773, 57: 0.014800741341837231, 58: 0.010976019009968793, 59: 0.01106367484598462, 60: 0.008210261263215942, 61: 0.011627371824391455, 62: 0.011671789682895674, 63: 0.007571960273822215, 64: 0.010333813643724269, 65: 0.006404081710708024, 66: 0.006322751326235718, 67: 0.008679147490909249, 68: 0.010966903432656858, 69: 0.006095801333138064, 70: 0.007527496532752983, 71: 0.004064236675538045, 72: 0.009377708350311093, 73: 0.008628059484223866, 74: 0.014475611692647522}","[57, 56, 52, 52, 50, 49, 49, 48, 47, 47, 46, 46, 46, 46, 45, 45, 44, 44, 43, 43, 43, 43, 42, 42, 42, 42, 42, 42, 42, 41, 41, 41, 41, 41, 41, 40, 40, 40, 39, 39, 39, 39, 38, 38, 38, 38, 38, 37, 37, 37, 37, 37, 36, 36, 36, 35, 35, 35, 35, 34, 34, 34, 34, 34, 34, 33, 32, 32, 32, 32, 30, 29, 29, 29, 28]","dict_values([27, 22, 25, 20, 23, 22, 29, 18, 25, 22, 21, 20, 24, 26, 17, 25, 19, 19, 20, 9, 11, 19, 24, 24, 20, 23, 22, 13, 28, 23, 14, 25, 16, 23, 36, 19, 21, 18, 23, 13, 26, 19, 17, 23, 11, 22, 18, 29, 27, 22, 25, 25, 24, 21, 23, 19, 19, 21, 17, 25, 19, 17, 22, 19, 11, 23, 26, 27, 23, 24, 22, 18, 26, 25, 25])",0.10586637733358686
36,39.86666666666667,0.275948936180331,"{0: 0.013801905941966014, 1: 0.013467243376644348, 2: 0.005704165891469395, 3: 0.014035864427731814, 4: 0.01719700196700199, 5: 0.008404452411301727, 6: 0.014042843186577132, 7: 0.012636335973784206, 8: 0.011769181324704494, 9: 0.009197616678104096, 10: 0.013658993175700948, 11: 0.008263125945907087, 12: 0.005876905478689486, 13: 0.008625562632378056, 14: 0.016174364185275306, 15: 0.008061292663074551, 16: 0.0058329162263536264, 17: 0.014832592299132363, 18: 0.00740084225299967, 19: 0.010231687590320915, 20: 0.006948414282443081, 21: 0.004766682099730045, 22: 0.014025376603811129, 23: 0.004703654092456089, 24: 0.00623320677939755, 25: 0.008098326444336319, 26: 0.010691640291769416, 27: 0.011947592738629225, 28: 0.010774377921325554, 29: 0.014110075807172813, 30: 0.005395503067491471, 31: 0.006281328520198384, 32: 0.011209224218940687, 33: 0.009964837640351339, 34: 0.012832672388559884, 35: 0.009789384231785934, 36: 0.008937285419178454, 37: 0.00501335021882967, 38: 0.006435049344745819, 39: 0.010021597024724547, 40: 0.012608344331881799, 41: 0.007330272232541978, 42: 0.010598083508245983, 43: 0.014342208553740304, 44: 0.010298278309452081, 45: 0.01172986806531505, 46: 0.01917041345740772, 47: 0.009907409634667097, 48: 0.005672472540640852, 49: 0.019961847782297412, 50: 0.009416000511890923, 51: 0.010179537081314988, 52: 0.00846556099857202, 53: 0.009026477876328418, 54: 0.012023550108429848, 55: 0.00845541321591595, 56: 0.005874907893862976, 57: 0.015256004723779259, 58: 0.011235187654827668, 59: 0.011602047370866892, 60: 0.008135103090540436, 61: 0.011509658002667195, 62: 0.011721764953287733, 63: 0.007802311516087296, 64: 0.010453678888277135, 65: 0.006392245568734897, 66: 0.006341882124476104, 67: 0.008926741590150014, 68: 0.010980239062430848, 69: 0.005825421439470499, 70: 0.007513086286476581, 71: 0.003884669030216976, 72: 0.009649322919870865, 73: 0.008102246800876938, 74: 0.014712344526345294}","[57, 55, 52, 52, 50, 49, 48, 48, 47, 47, 47, 46, 46, 46, 45, 45, 45, 44, 44, 43, 43, 43, 42, 42, 42, 42, 42, 42, 41, 41, 41, 41, 41, 41, 41, 41, 41, 40, 40, 39, 39, 39, 38, 38, 38, 38, 38, 37, 37, 37, 37, 36, 36, 36, 35, 35, 35, 35, 34, 34, 34, 34, 34, 34, 34, 34, 33, 32, 32, 32, 30, 29, 28, 28, 28]","dict_values([27, 22, 25, 20, 23, 22, 29, 18, 25, 22, 21, 20, 24, 26, 17, 25, 19, 19, 20, 9, 11, 19, 24, 24, 20, 23, 22, 13, 28, 23, 14, 25, 16, 23, 36, 19, 21, 18, 23, 13, 26, 19, 17, 23, 11, 22, 18, 29, 27, 22, 25, 25, 24, 21, 23, 19, 19, 21, 17, 25, 19, 17, 22, 19, 11, 23, 26, 27, 23, 24, 22, 18, 26, 25, 25])",0.10494245030816211
36,39.84,0.2747361738248969,"{0: 0.013635670342767412, 1: 0.013990314085248099, 2: 0.005726265241190616, 3: 0.01406275720971969, 4: 0.01710549125360492, 5: 0.00839152647192925, 6: 0.014018220498355733, 7: 0.012962162266063396, 8: 0.012007846244349066, 9: 0.008938464749215197, 10: 0.013671862436341112, 11: 0.00767667081321042, 12: 0.006098366476567785, 13: 0.008714335746795544, 14: 0.015884793810642533, 15: 0.007313466552495674, 16: 0.005858931863994401, 17: 0.013973203126417102, 18: 0.007433842447243282, 19: 0.010072011432896764, 20: 0.006965053201884407, 21: 0.004822197295728982, 22: 0.014261023310972044, 23: 0.004744686392988954, 24: 0.006164763038282227, 25: 0.007485845435386477, 26: 0.010681626229992379, 27: 0.011735527739353598, 28: 0.010734995361260996, 29: 0.013899433766068602, 30: 0.005384180588261915, 31: 0.006895871368883023, 32: 0.0112969484544827, 33: 0.00906908537249981, 34: 0.012192769777378964, 35: 0.009947736975389284, 36: 0.009008406864273451, 37: 0.005566569778898545, 38: 0.006262852687545258, 39: 0.009997149475422894, 40: 0.012480588944065627, 41: 0.0072843198814370345, 42: 0.010767114292497049, 43: 0.015455449925928092, 44: 0.01051862739645208, 45: 0.01166703158960455, 46: 0.01882428961638727, 47: 0.010012132521810898, 48: 0.00490672887933162, 49: 0.020167014965992, 50: 0.009630808767199477, 51: 0.01129293525809309, 52: 0.008117774191552114, 53: 0.008889079857005443, 54: 0.011710393225020804, 55: 0.008024447065542955, 56: 0.006011388545635121, 57: 0.015116933438851246, 58: 0.011193810747560762, 59: 0.011553360499906065, 60: 0.008165603882487705, 61: 0.011687078453010556, 62: 0.011832562763176223, 63: 0.007776816487469595, 64: 0.01023443882760358, 65: 0.006364756535989413, 66: 0.006412291259609863, 67: 0.00941477335197389, 68: 0.010793621153210196, 69: 0.005775387906733595, 70: 0.008102274283781132, 71: 0.004429273062347487, 72: 0.00985869975596003, 73: 0.008826044784948894, 74: 0.014363179491231908}","[57, 54, 52, 52, 49, 49, 48, 48, 47, 46, 46, 46, 46, 46, 45, 45, 44, 44, 44, 44, 43, 43, 43, 43, 42, 42, 42, 42, 41, 41, 41, 41, 41, 41, 41, 41, 41, 40, 40, 40, 39, 39, 38, 38, 38, 38, 38, 38, 37, 37, 37, 36, 35, 35, 35, 35, 35, 34, 34, 34, 34, 34, 34, 34, 33, 33, 33, 32, 32, 32, 31, 29, 29, 29, 28]","dict_values([27, 22, 25, 20, 23, 22, 29, 18, 25, 22, 21, 20, 24, 26, 17, 25, 19, 19, 20, 9, 11, 19, 24, 24, 20, 23, 22, 13, 28, 23, 14, 25, 16, 23, 36, 19, 21, 18, 23, 13, 26, 19, 17, 23, 11, 22, 18, 29, 27, 22, 25, 25, 24, 21, 23, 19, 19, 21, 17, 25, 19, 17, 22, 19, 11, 23, 26, 27, 23, 24, 22, 18, 26, 25, 25])",0.1049741133207529
36,39.78666666666667,0.27497114578019277,"{0: 0.013539370167089749, 1: 0.01280298087051392, 2: 0.005340389278745444, 3: 0.01414831721411436, 4: 0.018054029392110385, 5: 0.009071085903277687, 6: 0.01412914138538635, 7: 0.013855856807555852, 8: 0.011312795782981118, 9: 0.009468845721031674, 10: 0.013801948723383051, 11: 0.0072870079045392385, 12: 0.005766067712078993, 13: 0.00831841928739592, 14: 0.016288334529672165, 15: 0.006939700393568242, 16: 0.006050605123933087, 17: 0.013215785661394043, 18: 0.00718918567427834, 19: 0.009666462018481667, 20: 0.007315390614505947, 21: 0.0043229110702150625, 22: 0.014413053925629577, 23: 0.005197280346439398, 24: 0.006202084455509114, 25: 0.007498531566823268, 26: 0.010609226122924755, 27: 0.011729882289914522, 28: 0.010346810215867428, 29: 0.013534825309132232, 30: 0.005347217419135228, 31: 0.007325080612751845, 32: 0.010666556820867862, 33: 0.008723935277118195, 34: 0.012396953915890258, 35: 0.009812891159115895, 36: 0.009875093895401815, 37: 0.006071319769949907, 38: 0.006322267632424163, 39: 0.010531581935691526, 40: 0.01155810245811446, 41: 0.007266481410317027, 42: 0.010949556144963075, 43: 0.015579953076738444, 44: 0.010581048307680056, 45: 0.011851593040150658, 46: 0.0189749739810175, 47: 0.010187695782338916, 48: 0.0049408071668345654, 49: 0.021284004662328593, 50: 0.009569193474760365, 51: 0.01138938829986715, 52: 0.008775868869264725, 53: 0.008743402347350776, 54: 0.011800982589382473, 55: 0.008521211633620981, 56: 0.006586006038060833, 57: 0.015084274743823492, 58: 0.011209509182360522, 59: 0.01030284794889952, 60: 0.007164148079461741, 61: 0.012624870589663911, 62: 0.011986752211905228, 63: 0.00796654480175834, 64: 0.010153337375335764, 65: 0.006342477095901754, 66: 0.005776913478363921, 67: 0.009739060131888496, 68: 0.010511423816218337, 69: 0.005823259197554121, 70: 0.008742128690758829, 71: 0.004258248072433613, 72: 0.010080350868022102, 73: 0.008294508979440486, 74: 0.013759159210408206}","[58, 54, 53, 52, 49, 49, 48, 48, 47, 46, 46, 45, 45, 45, 45, 45, 44, 44, 44, 43, 43, 43, 42, 42, 42, 42, 42, 41, 41, 41, 41, 41, 41, 41, 41, 41, 41, 40, 40, 40, 40, 39, 39, 38, 38, 38, 38, 37, 37, 37, 37, 36, 36, 36, 36, 35, 34, 34, 34, 34, 34, 34, 34, 33, 33, 33, 32, 32, 32, 31, 31, 30, 30, 29, 27]","dict_values([27, 22, 25, 20, 23, 22, 29, 18, 25, 22, 21, 20, 24, 26, 17, 25, 19, 19, 20, 9, 11, 19, 24, 24, 20, 23, 22, 13, 28, 23, 14, 25, 16, 23, 36, 19, 21, 18, 23, 13, 26, 19, 17, 23, 11, 22, 18, 29, 27, 22, 25, 25, 24, 21, 23, 19, 19, 21, 17, 25, 19, 17, 22, 19, 11, 23, 26, 27, 23, 24, 22, 18, 26, 25, 25])",0.10610611375054806
36,39.6,0.27409600235949066,"{0: 0.014446916558018127, 1: 0.01229519989361339, 2: 0.005370651295308832, 3: 0.013787951522706276, 4: 0.018913524933632797, 5: 0.009022102121417191, 6: 0.014396326900867793, 7: 0.014077919159506593, 8: 0.011090196907788487, 9: 0.00961250997983212, 10: 0.013976878734748299, 11: 0.006816916336911919, 12: 0.005942678990071832, 13: 0.007942617012923219, 14: 0.01651091232399231, 15: 0.006841032995756844, 16: 0.006086495726906685, 17: 0.013116806472970859, 18: 0.007270817296226047, 19: 0.009894579236994815, 20: 0.00748481032980247, 21: 0.004330233097356384, 22: 0.012854774683223495, 23: 0.005385385157811141, 24: 0.006073878661043529, 25: 0.007651398773216208, 26: 0.010702539934518376, 27: 0.012437047716667541, 28: 0.009781703566957393, 29: 0.013497177290414566, 30: 0.005221349591717883, 31: 0.007290839615187826, 32: 0.01090598546285947, 33: 0.009202413036859763, 34: 0.012441197075593815, 35: 0.009750007290391662, 36: 0.010879022146145433, 37: 0.005760238979417062, 38: 0.006271528287750003, 39: 0.01066483838210764, 40: 0.011959401417103431, 41: 0.007426332768798522, 42: 0.010982294789311871, 43: 0.0155740651188521, 44: 0.01073702936459309, 45: 0.012023132519707864, 46: 0.018367124523251926, 47: 0.010457296954073748, 48: 0.0046690315525931975, 49: 0.02061156918795481, 50: 0.009716751531820025, 51: 0.010981470047974687, 52: 0.008793407534569708, 53: 0.008928264997372407, 54: 0.012086940947966139, 55: 0.008328677514520504, 56: 0.006534217458874993, 57: 0.016218713035796032, 58: 0.010464294042508803, 59: 0.01023718044860434, 60: 0.007608936381706885, 61: 0.012810943790285374, 62: 0.012156205853731268, 63: 0.00800004818437534, 64: 0.01031379641172423, 65: 0.006275849554682962, 66: 0.005932565798921381, 67: 0.009940917701633566, 68: 0.010632777798597509, 69: 0.005783538745896808, 70: 0.00880120101010512, 71: 0.00427673257551288, 72: 0.008993022383433344, 73: 0.008344915194230263, 74: 0.013197073407816565}","[57, 54, 53, 53, 49, 49, 49, 47, 46, 46, 45, 45, 45, 44, 44, 44, 44, 44, 44, 43, 43, 43, 42, 42, 42, 42, 41, 41, 41, 41, 41, 41, 41, 41, 41, 41, 40, 40, 40, 40, 39, 39, 39, 38, 38, 38, 38, 37, 37, 37, 36, 36, 36, 36, 36, 34, 34, 34, 34, 34, 34, 33, 33, 33, 33, 32, 32, 32, 31, 31, 31, 30, 30, 29, 27]","dict_values([27, 22, 25, 20, 23, 22, 29, 18, 25, 22, 21, 20, 24, 26, 17, 25, 19, 19, 20, 9, 11, 19, 24, 24, 20, 23, 22, 13, 28, 23, 14, 25, 16, 23, 36, 19, 21, 18, 23, 13, 26, 19, 17, 23, 11, 22, 18, 29, 27, 22, 25, 25, 24, 21, 23, 19, 19, 21, 17, 25, 19, 17, 22, 19, 11, 23, 26, 27, 23, 24, 22, 18, 26, 25, 25])",0.1117287351630786
36,39.52,0.2727074240645296,"{0: 0.013690310817135508, 1: 0.012528705949407566, 2: 0.005804466648719179, 3: 0.013986804974984385, 4: 0.019053831580788758, 5: 0.008956210579944947, 6: 0.014495915762827633, 7: 0.015315729271448884, 8: 0.010967608981329658, 9: 0.0094341125083714, 10: 0.014283137773615034, 11: 0.007317045090465329, 12: 0.006054289889353964, 13: 0.007954530051856609, 14: 0.015680658925245766, 15: 0.006109257753837861, 16: 0.006009838257455888, 17: 0.013444748140584065, 18: 0.007752629046618384, 19: 0.009615024192501074, 20: 0.007016649587669126, 21: 0.004666329726997805, 22: 0.012670808893812651, 23: 0.005167499152253903, 24: 0.005985043876497988, 25: 0.007715928376391353, 26: 0.011011988134616749, 27: 0.012328426180791953, 28: 0.009865770346095145, 29: 0.01359917673793722, 30: 0.004963048105006629, 31: 0.0072584174937246095, 32: 0.010992843698755436, 33: 0.009267471301628558, 34: 0.0124549344559724, 35: 0.009664315437199613, 36: 0.009883345838891819, 37: 0.005986572767394685, 38: 0.007027019038655142, 39: 0.010747302930027817, 40: 0.012001861417713724, 41: 0.006802493413539757, 42: 0.011129883499827147, 43: 0.015278276076294556, 44: 0.010963842006042827, 45: 0.011782662378999484, 46: 0.01951236154931034, 47: 0.010707759749396252, 48: 0.004741161590476659, 49: 0.020736125149318396, 50: 0.009017022541441839, 51: 0.010524052349259613, 52: 0.008934917751257652, 53: 0.008748554406047238, 54: 0.01228326936603875, 55: 0.00801884262598154, 56: 0.00653437076456731, 57: 0.017239313282721585, 58: 0.009721956262864115, 59: 0.01026009641624924, 60: 0.0076381006606111345, 61: 0.01268155271722849, 62: 0.011768721713253322, 63: 0.008063395023879375, 64: 0.010957679110146452, 65: 0.005823702869659564, 66: 0.005889856175526607, 67: 0.010071233501579211, 68: 0.0105041177384306, 69: 0.005914578246978453, 70: 0.008834905034279661, 71: 0.0046908651649683825, 72: 0.00884672732533668, 73: 0.008463395005219547, 74: 0.013275305984243719}","[57, 54, 54, 52, 50, 48, 48, 47, 47, 46, 46, 45, 45, 44, 44, 44, 44, 44, 43, 43, 43, 43, 42, 42, 42, 42, 41, 41, 41, 41, 41, 41, 41, 41, 40, 40, 40, 40, 39, 39, 39, 39, 39, 38, 38, 37, 37, 37, 37, 37, 36, 36, 36, 35, 35, 35, 34, 34, 34, 34, 33, 33, 33, 33, 33, 32, 32, 32, 31, 31, 31, 30, 30, 30, 28]","dict_values([27, 22, 25, 20, 23, 22, 29, 18, 25, 22, 21, 20, 24, 26, 17, 25, 19, 19, 20, 9, 11, 19, 24, 24, 20, 23, 22, 13, 28, 23, 14, 25, 16, 23, 36, 19, 21, 18, 23, 13, 26, 19, 17, 23, 11, 22, 18, 29, 27, 22, 25, 25, 24, 21, 23, 19, 19, 21, 17, 25, 19, 17, 22, 19, 11, 23, 26, 27, 23, 24, 22, 18, 26, 25, 25])",0.09893849905569488
36,39.54666666666667,0.2733222780801652,"{0: 0.013624141654216076, 1: 0.012487384278894655, 2: 0.005822932346591791, 3: 0.014007382161766075, 4: 0.019027687418066597, 5: 0.009212608025478606, 6: 0.014412865654542641, 7: 0.01697914918119268, 8: 0.010685374385949577, 9: 0.008973237127905747, 10: 0.014857606112377617, 11: 0.007926120383667858, 12: 0.006095046881450927, 13: 0.007355677827760368, 14: 0.016173476014082006, 15: 0.006079676277473395, 16: 0.005397459998835088, 17: 0.012726917658131942, 18: 0.007917898478739598, 19: 0.009687279422277368, 20: 0.006972571373377652, 21: 0.004916650826227138, 22: 0.012491987209407364, 23: 0.005131481388436603, 24: 0.005932006627032144, 25: 0.007728475456474398, 26: 0.011490659481822835, 27: 0.012410884227075982, 28: 0.010114525089098192, 29: 0.013738787664604108, 30: 0.004858755324111545, 31: 0.00705111825019562, 32: 0.011199381826878458, 33: 0.009305652073959494, 34: 0.01258756208186748, 35: 0.009739917311917557, 36: 0.009829126860214709, 37: 0.00598951248628928, 38: 0.007157537889087887, 39: 0.010759323002300645, 40: 0.012504584260435455, 41: 0.006804715162336847, 42: 0.011210986211721351, 43: 0.01702135891844928, 44: 0.011418299325222878, 45: 0.010514664587406047, 46: 0.0195875349169896, 47: 0.010537660513038682, 48: 0.004702540147745627, 49: 0.019943079729072288, 50: 0.008253727960527982, 51: 0.0105230859632366, 52: 0.008868733020285634, 53: 0.008630851241943332, 54: 0.01232700427570642, 55: 0.00809162057963705, 56: 0.00641884954524798, 57: 0.017310752868990528, 58: 0.009821041390730523, 59: 0.0102571804067247, 60: 0.007457566687636924, 61: 0.012646067646981413, 62: 0.010755222923014115, 63: 0.007742365322465168, 64: 0.010996470066385947, 65: 0.005705968016225121, 66: 0.0059036027864543, 67: 0.009900583416882557, 68: 0.01060798530163548, 69: 0.005939477739515021, 70: 0.008834999310165573, 71: 0.004479763553702471, 72: 0.00895939435691197, 73: 0.00843891803726732, 74: 0.013303329838502602}","[56, 54, 54, 52, 50, 50, 49, 48, 47, 47, 46, 45, 44, 44, 44, 44, 44, 44, 44, 43, 43, 43, 42, 42, 42, 42, 42, 41, 41, 41, 41, 41, 41, 41, 40, 40, 40, 40, 39, 39, 39, 39, 38, 38, 38, 37, 37, 37, 36, 36, 36, 36, 36, 35, 35, 35, 35, 34, 34, 34, 33, 33, 33, 33, 33, 32, 32, 31, 31, 31, 31, 30, 30, 29, 29]","dict_values([27, 22, 25, 20, 23, 22, 29, 18, 25, 22, 21, 20, 24, 26, 17, 25, 19, 19, 20, 9, 11, 19, 24, 24, 20, 23, 22, 13, 28, 23, 14, 25, 16, 23, 36, 19, 21, 18, 23, 13, 26, 19, 17, 23, 11, 22, 18, 29, 27, 22, 25, 25, 24, 21, 23, 19, 19, 21, 17, 25, 19, 17, 22, 19, 11, 23, 26, 27, 23, 24, 22, 18, 26, 25, 25])",0.09521577200631659
36,39.6,0.2738250974704893,"{0: 0.014590176025933918, 1: 0.011915950826457068, 2: 0.0065453280785887444, 3: 0.013803827192046989, 4: 0.018980318452759215, 5: 0.009176606448381138, 6: 0.013666317846952429, 7: 0.016657898638132745, 8: 0.010253490443901088, 9: 0.008470998098269457, 10: 0.014590353417698456, 11: 0.008006249306463986, 12: 0.005940694374631839, 13: 0.007395250888401574, 14: 0.016118352812354252, 15: 0.005525649012020138, 16: 0.005265682031960883, 17: 0.012494504923551699, 18: 0.007841926183313967, 19: 0.00911395517608997, 20: 0.006965334750304106, 21: 0.005266733725829122, 22: 0.012530202763345957, 23: 0.005107963270269927, 24: 0.00535392037302536, 25: 0.007587462051596538, 26: 0.01118382993408923, 27: 0.012384838988507953, 28: 0.00998258456322005, 29: 0.013866176330951469, 30: 0.004727373116410293, 31: 0.00697770061962741, 32: 0.010779256577986085, 33: 0.00960039825911664, 34: 0.012310996485740135, 35: 0.009527587719422779, 36: 0.009911169292814066, 37: 0.005990467452997671, 38: 0.007132152072641807, 39: 0.01084368204224857, 40: 0.012497146792915846, 41: 0.006813608321914938, 42: 0.011346234988668543, 43: 0.01749279100539659, 44: 0.011389346764305997, 45: 0.010655689594045756, 46: 0.02015304668113893, 47: 0.010445856954531213, 48: 0.00467649354635656, 49: 0.019936859095070727, 50: 0.007766879870940166, 51: 0.010779852729499264, 52: 0.00875733294573314, 53: 0.008930505675212443, 54: 0.012197816646518792, 55: 0.007789020312769813, 56: 0.006466684695822857, 57: 0.017907483020734062, 58: 0.009908046575706922, 59: 0.010101924044096634, 60: 0.008074122663891372, 61: 0.012529918775159148, 62: 0.010687206587874492, 63: 0.00771943040884404, 64: 0.011257468113609026, 65: 0.006464283766909375, 66: 0.006009447293093167, 67: 0.009891895220776594, 68: 0.010997447769738235, 69: 0.005986510240958374, 70: 0.008843442150892217, 71: 0.004626440408416287, 72: 0.00890878083561405, 73: 0.009078048510836201, 74: 0.013250050322509635}","[56, 55, 54, 53, 51, 51, 49, 48, 47, 47, 45, 45, 44, 44, 44, 44, 44, 44, 43, 43, 43, 43, 42, 42, 42, 42, 42, 42, 42, 41, 41, 41, 40, 40, 40, 40, 40, 40, 39, 39, 39, 39, 39, 38, 38, 37, 37, 37, 37, 36, 36, 36, 35, 35, 35, 35, 35, 35, 34, 34, 33, 33, 33, 33, 33, 32, 32, 31, 31, 31, 30, 30, 30, 30, 29]","dict_values([27, 22, 25, 20, 23, 22, 29, 18, 25, 22, 21, 20, 24, 26, 17, 25, 19, 19, 20, 9, 11, 19, 24, 24, 20, 23, 22, 13, 28, 23, 14, 25, 16, 23, 36, 19, 21, 18, 23, 13, 26, 19, 17, 23, 11, 22, 18, 29, 27, 22, 25, 25, 24, 21, 23, 19, 19, 21, 17, 25, 19, 17, 22, 19, 11, 23, 26, 27, 23, 24, 22, 18, 26, 25, 25])",0.1030076296069562
36,39.6,0.27344526283771403,"{0: 0.014647986925505197, 1: 0.011641808072527161, 2: 0.006551488604070472, 3: 0.012735236353401902, 4: 0.020601807883349737, 5: 0.009349550959139998, 6: 0.012856740455451177, 7: 0.016312437449875355, 8: 0.010360824744386389, 9: 0.008245603458501666, 10: 0.013817414549985895, 11: 0.008052957089627678, 12: 0.005794664605314397, 13: 0.007362944349245718, 14: 0.016047434765155626, 15: 0.005585704590861269, 16: 0.0051973441643243315, 17: 0.013023028189830444, 18: 0.008273913042321224, 19: 0.008879603755414512, 20: 0.006431216328897543, 21: 0.005251495459637165, 22: 0.012624166130052893, 23: 0.005182318119977465, 24: 0.005384268631451627, 25: 0.007600106134400833, 26: 0.011783533907558968, 27: 0.013511508105441572, 28: 0.009937054232634865, 29: 0.013761702899764378, 30: 0.004536567418734239, 31: 0.00695233261480735, 32: 0.010719573079490594, 33: 0.009542534507846819, 34: 0.010716141017542966, 35: 0.00944112542753908, 36: 0.009925115188727482, 37: 0.006042010997691901, 38: 0.007127107464173438, 39: 0.01135515920971199, 40: 0.012378789521335995, 41: 0.006885433328681861, 42: 0.011335393078946668, 43: 0.017519047336130807, 44: 0.012208270370471227, 45: 0.010756408530381135, 46: 0.020092895757682225, 47: 0.011204731950258996, 48: 0.00468120442435511, 49: 0.019995709492429903, 50: 0.0073787605906924705, 51: 0.010881153092335304, 52: 0.008796656309593245, 53: 0.00864169716909443, 54: 0.01126692659768275, 55: 0.007861539740767127, 56: 0.006466834293604954, 57: 0.017783348382231775, 58: 0.010972249484573347, 59: 0.010663883760177071, 60: 0.00807467001060877, 61: 0.011796805494910653, 62: 0.010835686474374474, 63: 0.008122822880884202, 64: 0.011286401666837757, 65: 0.006586453724773039, 66: 0.005858227258928232, 67: 0.01022177382672007, 68: 0.010993309658617913, 69: 0.005904492328548814, 70: 0.009235374764823204, 71: 0.004116125209802968, 72: 0.00941132933376595, 73: 0.008445403356090514, 74: 0.012526900566124302}","[56, 56, 55, 53, 51, 51, 49, 48, 46, 45, 45, 45, 44, 44, 44, 43, 43, 43, 43, 43, 43, 43, 43, 42, 42, 42, 42, 42, 42, 42, 42, 42, 41, 41, 40, 40, 40, 40, 40, 39, 39, 39, 39, 38, 38, 37, 37, 37, 37, 36, 36, 36, 36, 36, 35, 35, 34, 34, 34, 34, 33, 33, 33, 33, 32, 32, 32, 31, 31, 31, 30, 30, 30, 30, 27]","dict_values([27, 22, 25, 20, 23, 22, 29, 18, 25, 22, 21, 20, 24, 26, 17, 25, 19, 19, 20, 9, 11, 19, 24, 24, 20, 23, 22, 13, 28, 23, 14, 25, 16, 23, 36, 19, 21, 18, 23, 13, 26, 19, 17, 23, 11, 22, 18, 29, 27, 22, 25, 25, 24, 21, 23, 19, 19, 21, 17, 25, 19, 17, 22, 19, 11, 23, 26, 27, 23, 24, 22, 18, 26, 25, 25])",0.10337856681291027
36,39.84,0.275363102281208,"{0: 0.014232194647135125, 1: 0.011534375436674904, 2: 0.006096229490921272, 3: 0.01277540542772602, 4: 0.019514523436737263, 5: 0.009247858306077484, 6: 0.011583916284894444, 7: 0.01705937372308002, 8: 0.010913496749936838, 9: 0.008525739619615528, 10: 0.013648322728951463, 11: 0.008392141188498846, 12: 0.0057172403704937955, 13: 0.007134860901984191, 14: 0.016188338720157368, 15: 0.005404235541072221, 16: 0.005145679139536367, 17: 0.012827118044897655, 18: 0.008181979495774643, 19: 0.008781814558877958, 20: 0.006843850609184896, 21: 0.004789097336278006, 22: 0.011932350296109511, 23: 0.004856237979727103, 24: 0.004797103521952283, 25: 0.007423632139370264, 26: 0.011476692417171927, 27: 0.013841073015228198, 28: 0.010134030953429015, 29: 0.013063499453761276, 30: 0.004661070978350878, 31: 0.006841983682737107, 32: 0.01187859104844966, 33: 0.009974455391457809, 34: 0.010726672212789983, 35: 0.009427981773872185, 36: 0.009884607167657067, 37: 0.005547548013301438, 38: 0.007072941460611563, 39: 0.011578569120482841, 40: 0.012673049684629173, 41: 0.006233767122163576, 42: 0.01117216324646531, 43: 0.017973181223584128, 44: 0.012747832673653581, 45: 0.010871222857524229, 46: 0.019821175843269093, 47: 0.012341115189120832, 48: 0.004474958070848482, 49: 0.019821011963208686, 50: 0.0072847892002940425, 51: 0.011348391276319937, 52: 0.009519265284415972, 53: 0.008979157990775815, 54: 0.011854859326656265, 55: 0.007493033609000508, 56: 0.006424869670070749, 57: 0.017697546248110315, 58: 0.010546711550355697, 59: 0.010347392321338914, 60: 0.00808405441404828, 61: 0.012626988807374034, 62: 0.010955950264644507, 63: 0.007881762135110123, 64: 0.010978559002390292, 65: 0.006468433698145045, 66: 0.005809303380869288, 67: 0.01018028309527101, 68: 0.011057893817513077, 69: 0.005859685778837851, 70: 0.00916863086552011, 71: 0.004110863861065311, 72: 0.009468974525199342, 73: 0.008310287977868437, 74: 0.01244019267972703}","[56, 55, 55, 53, 52, 51, 50, 49, 46, 46, 46, 45, 45, 44, 44, 44, 43, 43, 43, 43, 43, 43, 43, 43, 43, 43, 42, 42, 42, 42, 42, 42, 42, 41, 41, 41, 41, 40, 40, 40, 40, 40, 39, 39, 39, 38, 37, 37, 37, 36, 36, 36, 36, 36, 36, 35, 35, 34, 34, 34, 33, 33, 33, 32, 32, 32, 32, 31, 31, 31, 30, 30, 29, 29, 27]","dict_values([27, 22, 25, 20, 23, 22, 29, 18, 25, 22, 21, 20, 24, 26, 17, 25, 19, 19, 20, 9, 11, 19, 24, 24, 20, 23, 22, 13, 28, 23, 14, 25, 16, 23, 36, 19, 21, 18, 23, 13, 26, 19, 17, 23, 11, 22, 18, 29, 27, 22, 25, 25, 24, 21, 23, 19, 19, 21, 17, 25, 19, 17, 22, 19, 11, 23, 26, 27, 23, 24, 22, 18, 26, 25, 25])",0.10173357418966361
36,39.81333333333333,0.27470676336078603,"{0: 0.01426482325265271, 1: 0.01129940780864138, 2: 0.00590022718976184, 3: 0.013000063513762145, 4: 0.02036921580006793, 5: 0.009102088589397211, 6: 0.01146661126828458, 7: 0.017255372242529776, 8: 0.011784911138675967, 9: 0.00842004677621116, 10: 0.014049029088531862, 11: 0.008354283011817261, 12: 0.005876274433637447, 13: 0.007186569344103592, 14: 0.01612344125186591, 15: 0.005388925708661349, 16: 0.005194875324492109, 17: 0.012775370976571521, 18: 0.008067011730891666, 19: 0.008502630953326595, 20: 0.00671583419871091, 21: 0.004774537092846007, 22: 0.011828459641447332, 23: 0.0048310980120005115, 24: 0.004859483198524294, 25: 0.007491879820430195, 26: 0.010783733953037111, 27: 0.013750420134486682, 28: 0.009686248157290295, 29: 0.013105152634733977, 30: 0.004657503254585793, 31: 0.007704906292235061, 32: 0.011869900561900685, 33: 0.00969308964877055, 34: 0.0115483729082654, 35: 0.009261543764968422, 36: 0.009730510244208875, 37: 0.006257201291447866, 38: 0.007083862835878616, 39: 0.01210028238634202, 40: 0.012476875679418166, 41: 0.006196393182694553, 42: 0.010893219474370854, 43: 0.01754043734805218, 44: 0.012558330082606138, 45: 0.009952226390582557, 46: 0.020060018673771874, 47: 0.012012502118767227, 48: 0.004388410039094971, 49: 0.018931222056827693, 50: 0.006794142968012551, 51: 0.011260372595402532, 52: 0.009500150977203477, 53: 0.009474705575364497, 54: 0.012522238096371858, 55: 0.007313919831530807, 56: 0.006270797098171918, 57: 0.01657827008854406, 58: 0.010664298677997312, 59: 0.01043319908522787, 60: 0.007999171858962352, 61: 0.012865126079318901, 62: 0.011000829151514083, 63: 0.0083096745339896, 64: 0.010787568402395156, 65: 0.007060361163017376, 66: 0.0061185261215988785, 67: 0.009936117555980572, 68: 0.01118642836889211, 69: 0.005223791846526165, 70: 0.010463917998164575, 71: 0.004079204507286699, 72: 0.00935786609133122, 73: 0.00841492140721593, 74: 0.01212887310162693}","[56, 55, 55, 53, 51, 50, 50, 49, 47, 46, 46, 45, 44, 44, 44, 44, 44, 43, 43, 43, 43, 43, 43, 43, 42, 42, 42, 42, 42, 42, 42, 42, 42, 42, 42, 41, 41, 40, 40, 40, 40, 39, 39, 39, 38, 38, 37, 37, 37, 37, 37, 37, 37, 36, 36, 35, 34, 34, 34, 33, 33, 33, 32, 32, 32, 32, 31, 31, 31, 31, 31, 30, 29, 29, 27]","dict_values([27, 22, 25, 20, 23, 22, 29, 18, 25, 22, 21, 20, 24, 26, 17, 25, 19, 19, 20, 9, 11, 19, 24, 24, 20, 23, 22, 13, 28, 23, 14, 25, 16, 23, 36, 19, 21, 18, 23, 13, 26, 19, 17, 23, 11, 22, 18, 29, 27, 22, 25, 25, 24, 21, 23, 19, 19, 21, 17, 25, 19, 17, 22, 19, 11, 23, 26, 27, 23, 24, 22, 18, 26, 25, 25])",0.10433866639988626
36,39.81333333333333,0.27488102612737586,"{0: 0.014265274388644583, 1: 0.010313491412889005, 2: 0.0059589339446565, 3: 0.013082791822839003, 4: 0.019983639495358925, 5: 0.009357034256947434, 6: 0.0112341505939872, 7: 0.01693281599103517, 8: 0.01174257034131996, 9: 0.008533667783859705, 10: 0.014052096234923636, 11: 0.008448127370155895, 12: 0.005886024898516073, 13: 0.008081642328217672, 14: 0.016268447354881622, 15: 0.005542981573458875, 16: 0.005197081748492872, 17: 0.012706895844583855, 18: 0.008081098550325438, 19: 0.008533422124334318, 20: 0.007264561459766939, 21: 0.004795548903798912, 22: 0.01196444527271955, 23: 0.004807372651197966, 24: 0.00482554824074963, 25: 0.0074854577759369025, 26: 0.01074900829653973, 27: 0.014336052981949062, 28: 0.009747816537614655, 29: 0.012434326124502024, 30: 0.004684312656956659, 31: 0.007747268624389868, 32: 0.011831176609470218, 33: 0.010248583130036333, 34: 0.011510333749703614, 35: 0.009282750567016431, 36: 0.010430442405759025, 37: 0.006251623924149124, 38: 0.007834570556842047, 39: 0.012226321636894666, 40: 0.012015972245589345, 41: 0.006718427075754551, 42: 0.010874361363459135, 43: 0.017840817226018116, 44: 0.012513883413070307, 45: 0.010196103518021325, 46: 0.01998513422063594, 47: 0.012174137373673958, 48: 0.004361234452989429, 49: 0.01871737896006976, 50: 0.006766744824784432, 51: 0.011062564812302082, 52: 0.00895487971398451, 53: 0.009501662020953454, 54: 0.012353006996894147, 55: 0.006852382604421517, 56: 0.006334217314528208, 57: 0.0175950983812603, 58: 0.010753093897143618, 59: 0.010263490436891459, 60: 0.008047112484696896, 61: 0.012421981723063562, 62: 0.010127105380420094, 63: 0.008450814272732081, 64: 0.01002954515957595, 65: 0.006972615988873456, 66: 0.006455871871440662, 67: 0.00987424286907261, 68: 0.011344819303962429, 69: 0.004862662118754538, 70: 0.00985751657598388, 71: 0.004063367170349383, 72: 0.008724750071753233, 73: 0.00857377355180405, 74: 0.012568828103478737}","[55, 55, 55, 53, 52, 52, 49, 49, 47, 47, 46, 44, 44, 44, 44, 44, 43, 43, 43, 43, 43, 43, 42, 42, 42, 42, 42, 42, 42, 42, 42, 42, 42, 41, 41, 41, 41, 41, 41, 40, 40, 40, 39, 39, 38, 38, 37, 37, 37, 37, 37, 37, 36, 36, 36, 35, 35, 35, 34, 33, 33, 33, 32, 32, 32, 32, 32, 31, 31, 31, 30, 30, 29, 29, 27]","dict_values([27, 22, 25, 20, 23, 22, 29, 18, 25, 22, 21, 20, 24, 26, 17, 25, 19, 19, 20, 9, 11, 19, 24, 24, 20, 23, 22, 13, 28, 23, 14, 25, 16, 23, 36, 19, 21, 18, 23, 13, 26, 19, 17, 23, 11, 22, 18, 29, 27, 22, 25, 25, 24, 21, 23, 19, 19, 21, 17, 25, 19, 17, 22, 19, 11, 23, 26, 27, 23, 24, 22, 18, 26, 25, 25])",0.09878921459330865
36,39.973333333333336,0.27605829457860664,"{0: 0.014075985252161456, 1: 0.010231686543408097, 2: 0.005991776450382763, 3: 0.013706091208951622, 4: 0.018450495708066006, 5: 0.009220048689226773, 6: 0.011652212313418784, 7: 0.016996469283136653, 8: 0.011692203856752464, 9: 0.008327640933985563, 10: 0.013880477035713282, 11: 0.007978506514014804, 12: 0.005340488290082346, 13: 0.007988505077546173, 14: 0.01602222789676085, 15: 0.005564461280697857, 16: 0.005727123600894424, 17: 0.012582992619488581, 18: 0.007837927444148709, 19: 0.008451950425938666, 20: 0.007501120227589517, 21: 0.0047642799727142405, 22: 0.01161230479262194, 23: 0.004408128624062295, 24: 0.005102908392382076, 25: 0.007537973998969386, 26: 0.01159898840637357, 27: 0.014760983144792355, 28: 0.00967030008182466, 29: 0.012456996584916969, 30: 0.005037236305837, 31: 0.007664467037213973, 32: 0.011595189175279522, 33: 0.010670000215782483, 34: 0.011373577441236685, 35: 0.009049269863977865, 36: 0.010470474638133958, 37: 0.0063068594709452365, 38: 0.007533096061624669, 39: 0.013083305999672262, 40: 0.012503954025358673, 41: 0.006603099925017734, 42: 0.01053830472957248, 43: 0.016966115057475837, 44: 0.012273576858106847, 45: 0.011055159514063622, 46: 0.01989561128588949, 47: 0.01189809951721804, 48: 0.004671712034725733, 49: 0.01953708462094379, 50: 0.007136725814020056, 51: 0.011347817194710475, 52: 0.00896268513105433, 53: 0.009297298893354348, 54: 0.01226648101197488, 55: 0.006792940412416106, 56: 0.006282153686464777, 57: 0.017362233095086294, 58: 0.010588501459085454, 59: 0.009834412522338139, 60: 0.007951522163850934, 61: 0.012365345652681336, 62: 0.010710367396513853, 63: 0.008245890437671257, 64: 0.010069898732201763, 65: 0.0067405864294278785, 66: 0.006471914375458113, 67: 0.009764902780403862, 68: 0.010994771256792824, 69: 0.004641007075413992, 70: 0.010638425632709865, 71: 0.0038779399179543384, 72: 0.008364213341688229, 73: 0.008638147850476618, 74: 0.012367860606670208}","[56, 55, 54, 53, 52, 51, 49, 49, 48, 48, 46, 45, 44, 44, 44, 44, 44, 44, 43, 43, 43, 43, 43, 43, 43, 42, 42, 42, 42, 42, 42, 42, 42, 42, 41, 41, 41, 41, 41, 40, 40, 40, 40, 40, 39, 38, 37, 37, 37, 37, 37, 37, 36, 36, 36, 35, 35, 34, 34, 34, 34, 33, 33, 32, 32, 32, 32, 32, 32, 30, 30, 30, 29, 28, 26]","dict_values([27, 22, 25, 20, 23, 22, 29, 18, 25, 22, 21, 20, 24, 26, 17, 25, 19, 19, 20, 9, 11, 19, 24, 24, 20, 23, 22, 13, 28, 23, 14, 25, 16, 23, 36, 19, 21, 18, 23, 13, 26, 19, 17, 23, 11, 22, 18, 29, 27, 22, 25, 25, 24, 21, 23, 19, 19, 21, 17, 25, 19, 17, 22, 19, 11, 23, 26, 27, 23, 24, 22, 18, 26, 25, 25])",0.0962060096991501
36,39.946666666666665,0.27552272175124054,"{0: 0.014065207954897936, 1: 0.010121831174462755, 2: 0.006125973249260921, 3: 0.014055626486580972, 4: 0.017212885979456898, 5: 0.00890548399110043, 6: 0.011787137386452455, 7: 0.017648470338628954, 8: 0.011957663156293293, 9: 0.008280740831558333, 10: 0.01407385450661726, 11: 0.00790286803046414, 12: 0.00584515962885384, 13: 0.007552576901891971, 14: 0.016087812559514074, 15: 0.005604006793624674, 16: 0.005191924018528202, 17: 0.011833428498253954, 18: 0.00857257546154446, 19: 0.00849902101559194, 20: 0.008125701781073085, 21: 0.004791955693181361, 22: 0.011056741700740119, 23: 0.004602323112044721, 24: 0.005152899159748476, 25: 0.007590688498222745, 26: 0.011728010060742578, 27: 0.01563856717966307, 28: 0.009674768141783283, 29: 0.012532823521090143, 30: 0.005036992302673631, 31: 0.007969139266090216, 32: 0.011077267460270926, 33: 0.010750732685111829, 34: 0.011245547718150457, 35: 0.009070098298997988, 36: 0.009815628308778994, 37: 0.00637335585965723, 38: 0.0076069345896310585, 39: 0.013196079192544062, 40: 0.012465117025318903, 41: 0.007378802125819358, 42: 0.009514104984719213, 43: 0.017159370998301622, 44: 0.012349002454707502, 45: 0.011065378282567854, 46: 0.01897647171619774, 47: 0.01213108644615494, 48: 0.004663696919551979, 49: 0.020345177122394136, 50: 0.007240941712823471, 51: 0.011321258004020755, 52: 0.00893722899400621, 53: 0.008888228464012821, 54: 0.012190173242979253, 55: 0.006918963853168566, 56: 0.006608292480853358, 57: 0.016979315523836074, 58: 0.0112434439489234, 59: 0.009861642232941396, 60: 0.007350627727340059, 61: 0.013344155740136858, 62: 0.010476861456290254, 63: 0.008208867112976699, 64: 0.010032799236115745, 65: 0.006893790051045209, 66: 0.00649824524382633, 67: 0.009815708158615804, 68: 0.010720979470979474, 69: 0.0048746523531101515, 70: 0.010207258516733597, 71: 0.003915895011785423, 72: 0.007583480799053981, 73: 0.008850686932878715, 74: 0.012386401085031222}","[57, 54, 53, 53, 51, 51, 50, 50, 49, 48, 46, 45, 44, 44, 44, 44, 44, 43, 43, 43, 43, 43, 43, 43, 42, 42, 42, 42, 42, 42, 42, 42, 42, 41, 41, 41, 41, 40, 40, 40, 40, 40, 39, 39, 39, 38, 38, 37, 37, 37, 37, 37, 37, 36, 36, 35, 35, 34, 34, 34, 34, 34, 32, 32, 32, 32, 32, 32, 32, 31, 31, 30, 29, 28, 26]","dict_values([27, 22, 25, 20, 23, 22, 29, 18, 25, 22, 21, 20, 24, 26, 17, 25, 19, 19, 20, 9, 11, 19, 24, 24, 20, 23, 22, 13, 28, 23, 14, 25, 16, 23, 36, 19, 21, 18, 23, 13, 26, 19, 17, 23, 11, 22, 18, 29, 27, 22, 25, 25, 24, 21, 23, 19, 19, 21, 17, 25, 19, 17, 22, 19, 11, 23, 26, 27, 23, 24, 22, 18, 26, 25, 25])",0.09085768118060397
36,39.733333333333334,0.2746671320331159,"{0: 0.014478856345037977, 1: 0.010245530474852887, 2: 0.006239202033143766, 3: 0.014304779735666602, 4: 0.015899875590323725, 5: 0.009162000671502891, 6: 0.011890888474247052, 7: 0.017883394411204994, 8: 0.011278791612845599, 9: 0.008319847048000095, 10: 0.014344168628841364, 11: 0.007442673556277714, 12: 0.005562491733960795, 13: 0.00765777961691991, 14: 0.016741574570312175, 15: 0.005117297191760876, 16: 0.005272478571702248, 17: 0.012084356014289832, 18: 0.008586786885743354, 19: 0.008166961423597354, 20: 0.008296861954012403, 21: 0.004798335194609661, 22: 0.011133301513967344, 23: 0.004851618659109329, 24: 0.005210584393980709, 25: 0.007604139691050005, 26: 0.01135980864683945, 27: 0.01511675685820646, 28: 0.009160401652693608, 29: 0.012761417084240903, 30: 0.004910428959534544, 31: 0.008047130638061199, 32: 0.011337188286738062, 33: 0.010720957801433095, 34: 0.01150635783807212, 35: 0.009348238103552228, 36: 0.010054909026035619, 37: 0.005893768039493122, 38: 0.006923986075318034, 39: 0.013278550019956774, 40: 0.012457263844070442, 41: 0.007470208503510347, 42: 0.009561492301885806, 43: 0.016837494030671998, 44: 0.012488222460259133, 45: 0.011558210967752771, 46: 0.018585582422747868, 47: 0.012393847873150237, 48: 0.0047069189723889775, 49: 0.02187560367860864, 50: 0.007106847169957766, 51: 0.011029938914956346, 52: 0.009049177805566, 53: 0.008999737412585782, 54: 0.012182288716731559, 55: 0.006905486713998555, 56: 0.006725208957104778, 57: 0.016548850290583877, 58: 0.010907687532185644, 59: 0.00896599673978964, 60: 0.007526024741862577, 61: 0.01363998061562165, 62: 0.010196126873618606, 63: 0.008773795780763186, 64: 0.010093726650319991, 65: 0.006997892708917821, 66: 0.007256595261914304, 67: 0.01009965441354199, 68: 0.010786882959544577, 69: 0.0046332711065756715, 70: 0.01161528993956958, 71: 0.003979480349343363, 72: 0.007253659306096333, 73: 0.008886788583883531, 74: 0.01252006453050418}","[59, 53, 53, 52, 50, 50, 50, 50, 49, 48, 46, 45, 45, 44, 44, 44, 43, 43, 43, 43, 43, 43, 43, 42, 42, 42, 42, 42, 42, 41, 41, 41, 41, 41, 41, 41, 40, 40, 40, 40, 39, 39, 39, 39, 39, 38, 38, 38, 37, 37, 37, 37, 37, 36, 35, 35, 34, 34, 34, 33, 33, 33, 33, 32, 32, 32, 32, 32, 31, 30, 30, 29, 29, 29, 26]","dict_values([27, 22, 25, 20, 23, 22, 29, 18, 25, 22, 21, 20, 24, 26, 17, 25, 19, 19, 20, 9, 11, 19, 24, 24, 20, 23, 22, 13, 28, 23, 14, 25, 16, 23, 36, 19, 21, 18, 23, 13, 26, 19, 17, 23, 11, 22, 18, 29, 27, 22, 25, 25, 24, 21, 23, 19, 19, 21, 17, 25, 19, 17, 22, 19, 11, 23, 26, 27, 23, 24, 22, 18, 26, 25, 25])",0.09615602900770238
36,39.76,0.2741491371909009,"{0: 0.01433878409098992, 1: 0.01015132553124422, 2: 0.006079914478172773, 3: 0.014162766850925141, 4: 0.015118391004924361, 5: 0.009214939139041324, 6: 0.011256714911160644, 7: 0.017737035241943946, 8: 0.011772328270113883, 9: 0.00925784377384508, 10: 0.015162540193111742, 11: 0.007539400183044316, 12: 0.005603127301695827, 13: 0.0077166205756572515, 14: 0.01645550857402178, 15: 0.005125885498138386, 16: 0.005073991507171649, 17: 0.012335854969186637, 18: 0.009539278823676504, 19: 0.007843724571824808, 20: 0.009010709241421269, 21: 0.005353122026701645, 22: 0.010712766738342662, 23: 0.004821182836039445, 24: 0.005804170220739108, 25: 0.0075171022014381165, 26: 0.011765292512154192, 27: 0.01508816654918587, 28: 0.00918856270167997, 29: 0.012718226519681177, 30: 0.004594603328464284, 31: 0.008635911826481256, 32: 0.011280953304098066, 33: 0.010228705107970562, 34: 0.011470437319156796, 35: 0.008776558348997151, 36: 0.010043635892038555, 37: 0.005745577402813852, 38: 0.0069106412231172195, 39: 0.013215595984209329, 40: 0.0122680495529563, 41: 0.008391876072289623, 42: 0.008935906461928031, 43: 0.01626466286421383, 44: 0.012382213418499974, 45: 0.011266486599238363, 46: 0.018722240466070215, 47: 0.012388679172105033, 48: 0.004683044804679193, 49: 0.02177626724995878, 50: 0.007106884802366388, 51: 0.010967832017863919, 52: 0.009158796180520812, 53: 0.008911068135761794, 54: 0.01161917203127806, 55: 0.006796168702750703, 56: 0.006748237820554876, 57: 0.01648566146779369, 58: 0.010854235888640134, 59: 0.00892425157073655, 60: 0.007670067759062085, 61: 0.01382749258894963, 62: 0.010116949196777672, 63: 0.008762633598282636, 64: 0.009819181031512423, 65: 0.0071013854844294575, 66: 0.006886548845666937, 67: 0.010502275045260403, 68: 0.010811077488313286, 69: 0.004953683993895932, 70: 0.011573513886865, 71: 0.0038430201605060593, 72: 0.00721452775467491, 73: 0.008947935915710453, 74: 0.012004499482567188}","[59, 53, 53, 51, 50, 50, 50, 49, 49, 48, 47, 45, 45, 44, 44, 44, 44, 43, 43, 43, 43, 43, 42, 42, 42, 42, 42, 42, 42, 41, 41, 41, 41, 41, 40, 40, 40, 40, 40, 40, 39, 39, 39, 39, 39, 39, 39, 38, 38, 37, 37, 37, 37, 36, 36, 35, 35, 34, 34, 33, 33, 33, 32, 32, 32, 32, 32, 31, 31, 31, 30, 30, 29, 29, 26]","dict_values([27, 22, 25, 20, 23, 22, 29, 18, 25, 22, 21, 20, 24, 26, 17, 25, 19, 19, 20, 9, 11, 19, 24, 24, 20, 23, 22, 13, 28, 23, 14, 25, 16, 23, 36, 19, 21, 18, 23, 13, 26, 19, 17, 23, 11, 22, 18, 29, 27, 22, 25, 25, 24, 21, 23, 19, 19, 21, 17, 25, 19, 17, 22, 19, 11, 23, 26, 27, 23, 24, 22, 18, 26, 25, 25])",0.10135753038238375
36,39.86666666666667,0.2745482283681105,"{0: 0.013468135065247177, 1: 0.00978578902112213, 2: 0.005711611191063246, 3: 0.013816319975752639, 4: 0.015576737432915473, 5: 0.009046354936765897, 6: 0.01033514939639033, 7: 0.01835637264694217, 8: 0.01225851263119595, 9: 0.009670427288634313, 10: 0.015982432703430777, 11: 0.007670355008819068, 12: 0.0055477751640974305, 13: 0.008002561141432201, 14: 0.016056130681107936, 15: 0.005427300174317407, 16: 0.005659048181662619, 17: 0.01206025161385109, 18: 0.009273005065940004, 19: 0.007473857977484086, 20: 0.008870289950519212, 21: 0.005249629885069568, 22: 0.01079020844254529, 23: 0.004957396149060881, 24: 0.00551863080066142, 25: 0.007496136776958694, 26: 0.011622686125558418, 27: 0.015605232154386063, 28: 0.008826954551006433, 29: 0.011709006626672982, 30: 0.004537399494315093, 31: 0.00873964831083202, 32: 0.01129983267620841, 33: 0.010254211538543476, 34: 0.01225095455522271, 35: 0.008623886497116123, 36: 0.010804438233540674, 37: 0.005653883736075517, 38: 0.006769353431774477, 39: 0.011426094783898088, 40: 0.01233287646787426, 41: 0.009032181996337476, 42: 0.00856700111589553, 43: 0.016118442613102472, 44: 0.011846804915389707, 45: 0.010597550064252696, 46: 0.01866081625348346, 47: 0.01208950147306312, 48: 0.004694265377455533, 49: 0.022771263344682286, 50: 0.007098931930948256, 51: 0.010059079531825678, 52: 0.009187316555204059, 53: 0.009145003865807211, 54: 0.01164060629465784, 55: 0.006532173874419123, 56: 0.007055478780895769, 57: 0.016307347471731036, 58: 0.010901540806859098, 59: 0.008849331071875766, 60: 0.007805426419447372, 61: 0.014544246971804117, 62: 0.010880547567768276, 63: 0.00956854525549127, 64: 0.009579509703629169, 65: 0.00694690389698384, 66: 0.00672555097038496, 67: 0.01047997232406334, 68: 0.01070728783259001, 69: 0.005136612119430786, 70: 0.0116402323499492, 71: 0.004029693413255057, 72: 0.00691832435191069, 73: 0.008714415724891149, 74: 0.012224706574021641}","[60, 53, 52, 52, 51, 50, 50, 50, 49, 48, 47, 45, 45, 45, 45, 44, 43, 43, 43, 43, 43, 43, 42, 42, 42, 42, 42, 41, 41, 41, 41, 41, 41, 41, 40, 40, 40, 40, 40, 40, 40, 40, 39, 39, 39, 39, 38, 38, 38, 37, 37, 37, 37, 37, 36, 36, 35, 35, 33, 33, 33, 32, 32, 32, 32, 32, 32, 32, 31, 31, 30, 30, 30, 30, 27]","dict_values([27, 22, 25, 20, 23, 22, 29, 18, 25, 22, 21, 20, 24, 26, 17, 25, 19, 19, 20, 9, 11, 19, 24, 24, 20, 23, 22, 13, 28, 23, 14, 25, 16, 23, 36, 19, 21, 18, 23, 13, 26, 19, 17, 23, 11, 22, 18, 29, 27, 22, 25, 25, 24, 21, 23, 19, 19, 21, 17, 25, 19, 17, 22, 19, 11, 23, 26, 27, 23, 24, 22, 18, 26, 25, 25])",0.10454558673840339
36,39.86666666666667,0.2741345913507612,"{0: 0.013425883329187115, 1: 0.009650258622861363, 2: 0.005393754195124058, 3: 0.013834158807970252, 4: 0.015737563682769164, 5: 0.008981276960729017, 6: 0.010878745830397725, 7: 0.018379800914047492, 8: 0.012275775490924562, 9: 0.009596394729352024, 10: 0.015676134511750952, 11: 0.007696923913684591, 12: 0.005556220795946822, 13: 0.007982969153396231, 14: 0.016226098307081386, 15: 0.005387189633764977, 16: 0.005381200959363732, 17: 0.011209016305712517, 18: 0.009794262000144353, 19: 0.0074534885372919205, 20: 0.008843948348380258, 21: 0.004919885167669213, 22: 0.01127806263785313, 23: 0.004729152664285622, 24: 0.005601412783121082, 25: 0.0074810776865571384, 26: 0.011683901581161855, 27: 0.015526875387874582, 28: 0.008897337614098291, 29: 0.01165630919861379, 30: 0.004613713346590058, 31: 0.00884538824708043, 32: 0.011185636316579107, 33: 0.010223013285060022, 34: 0.012202866382963081, 35: 0.008575423966237826, 36: 0.010973504073826393, 37: 0.005621414867990211, 38: 0.00672001980422609, 39: 0.01141709760766973, 40: 0.01300673552889508, 41: 0.009070196197512878, 42: 0.00803999296142729, 43: 0.01610689656620358, 44: 0.011831892260981707, 45: 0.010629103940949229, 46: 0.018823906182890874, 47: 0.011485370550640493, 48: 0.004733660555578364, 49: 0.0229330622360437, 50: 0.006963654344798584, 51: 0.009982497472424951, 52: 0.00918215889005575, 53: 0.009082553804552192, 54: 0.011391946142147592, 55: 0.006696712881241489, 56: 0.007561481876550371, 57: 0.01625630016040975, 58: 0.010930679454047706, 59: 0.008848491896437102, 60: 0.007826298740883754, 61: 0.01463261072447213, 62: 0.010159431986587508, 63: 0.00992614355829505, 64: 0.009628846131666438, 65: 0.007354650072216551, 66: 0.006615670827999594, 67: 0.011031630945007254, 68: 0.010839855360403307, 69: 0.005151640083146932, 70: 0.010801986184742027, 71: 0.0040532731104850365, 72: 0.007495889778323301, 73: 0.009129165112243277, 74: 0.012041063753392523}","[60, 53, 52, 52, 51, 50, 50, 50, 49, 48, 47, 46, 45, 45, 44, 44, 43, 43, 43, 43, 43, 42, 42, 42, 42, 42, 42, 41, 41, 41, 41, 41, 41, 41, 41, 40, 40, 40, 40, 40, 40, 40, 39, 39, 39, 39, 38, 38, 38, 38, 38, 37, 37, 37, 37, 36, 35, 35, 34, 33, 33, 32, 32, 32, 32, 32, 32, 31, 31, 30, 30, 30, 29, 29, 27]","dict_values([27, 22, 25, 20, 23, 22, 29, 18, 25, 22, 21, 20, 24, 26, 17, 25, 19, 19, 20, 9, 11, 19, 24, 24, 20, 23, 22, 13, 28, 23, 14, 25, 16, 23, 36, 19, 21, 18, 23, 13, 26, 19, 17, 23, 11, 22, 18, 29, 27, 22, 25, 25, 24, 21, 23, 19, 19, 21, 17, 25, 19, 17, 22, 19, 11, 23, 26, 27, 23, 24, 22, 18, 26, 25, 25])",0.10111117325309558
36,39.89333333333333,0.27494171815978846,"{0: 0.01340691972021884, 1: 0.009611196532928395, 2: 0.005706034986856905, 3: 0.014038799747482074, 4: 0.015585577999961565, 5: 0.008705341667670433, 6: 0.011403428790193309, 7: 0.018205597777695728, 8: 0.012155136298971915, 9: 0.009537868457312335, 10: 0.016417487878263828, 11: 0.006873802551721004, 12: 0.00526933523508866, 13: 0.008122647163743054, 14: 0.016185706916964377, 15: 0.005364086687893963, 16: 0.005738861372096941, 17: 0.011116254771931578, 18: 0.009622989672708256, 19: 0.0074408542164520804, 20: 0.00937350692843194, 21: 0.00533326022225408, 22: 0.011353880876455768, 23: 0.004696961651061018, 24: 0.005176951096384576, 25: 0.007766905820729169, 26: 0.011522637248900833, 27: 0.01709466743713319, 28: 0.008918039738228594, 29: 0.011086893472447054, 30: 0.004726690278178233, 31: 0.008837302003321224, 32: 0.0102066547153935, 33: 0.010011814486870713, 34: 0.012428423421754249, 35: 0.008827579717990676, 36: 0.010386008070911555, 37: 0.00570781239356173, 38: 0.0066705740644717295, 39: 0.01150042190789811, 40: 0.012531627535170283, 41: 0.00901183846389326, 42: 0.007928629943555318, 43: 0.01748546491697177, 44: 0.012478468305790308, 45: 0.010559211594276002, 46: 0.01885878182136616, 47: 0.011448052298594111, 48: 0.004653419721912873, 49: 0.023268873921783572, 50: 0.007355134746832496, 51: 0.010120476488550502, 52: 0.009076069717388576, 53: 0.009482381076891401, 54: 0.011188939547148502, 55: 0.006783269024768429, 56: 0.007690114164179832, 57: 0.014632988519974821, 58: 0.011037056138357737, 59: 0.009269180930139837, 60: 0.007675828424029028, 61: 0.01493029297835828, 62: 0.009794363323343604, 63: 0.00995836580930614, 64: 0.009114589691617464, 65: 0.0073242652771979486, 66: 0.006746909930052437, 67: 0.011507346111721493, 68: 0.010850179086480456, 69: 0.004979141194894621, 70: 0.010052365874283683, 71: 0.0034601592820770904, 72: 0.007303941763082058, 73: 0.009145235030421936, 74: 0.012105847893519128}","[60, 53, 52, 52, 52, 51, 50, 50, 49, 48, 47, 46, 45, 45, 45, 43, 43, 43, 43, 43, 43, 43, 42, 42, 42, 42, 42, 42, 41, 41, 41, 41, 41, 41, 41, 40, 40, 40, 40, 40, 39, 39, 39, 39, 38, 38, 38, 38, 38, 38, 38, 38, 38, 37, 37, 37, 35, 34, 34, 34, 33, 32, 32, 32, 32, 32, 32, 31, 31, 31, 30, 30, 29, 29, 25]","dict_values([27, 22, 25, 20, 23, 22, 29, 18, 25, 22, 21, 20, 24, 26, 17, 25, 19, 19, 20, 9, 11, 19, 24, 24, 20, 23, 22, 13, 28, 23, 14, 25, 16, 23, 36, 19, 21, 18, 23, 13, 26, 19, 17, 23, 11, 22, 18, 29, 27, 22, 25, 25, 24, 21, 23, 19, 19, 21, 17, 25, 19, 17, 22, 19, 11, 23, 26, 27, 23, 24, 22, 18, 26, 25, 25])",0.10442686736824046
36,39.973333333333336,0.27485610473730404,"{0: 0.013587160466503012, 1: 0.009490075673390812, 2: 0.00582008338857654, 3: 0.013472544582990067, 4: 0.015431743331853827, 5: 0.008669934440482384, 6: 0.01224745858128602, 7: 0.018904519961405197, 8: 0.012027649029284685, 9: 0.009946075873952161, 10: 0.016071061726027475, 11: 0.006252756772097263, 12: 0.005651081205351805, 13: 0.008082486202661748, 14: 0.0160737557511596, 15: 0.005305594689156333, 16: 0.005662515370028998, 17: 0.010969008738460108, 18: 0.009500258488195516, 19: 0.0074477791846621, 20: 0.009880346919944584, 21: 0.0056483143359597225, 22: 0.010890645124203445, 23: 0.004662753050175512, 24: 0.005069538690570402, 25: 0.007829016133810655, 26: 0.010769709228613337, 27: 0.016059927227057093, 28: 0.008904780736972517, 29: 0.009762661342184693, 30: 0.004846442688908443, 31: 0.008679874337779165, 32: 0.009868244253402134, 33: 0.009932142767595468, 34: 0.012403076272939286, 35: 0.008818054372865048, 36: 0.011028954186293618, 37: 0.005666725700972277, 38: 0.006705068348903967, 39: 0.011746967832600427, 40: 0.012504877941683317, 41: 0.008555026044977538, 42: 0.008035790191390325, 43: 0.017368629775976745, 44: 0.012696003071772167, 45: 0.01057114604692264, 46: 0.018700883947237512, 47: 0.01139284875715478, 48: 0.0046267364546474146, 49: 0.02308869914676498, 50: 0.0073431003936302456, 51: 0.010139357629006984, 52: 0.009936118265089094, 53: 0.009346112305307464, 54: 0.011545400862443435, 55: 0.006713980077315623, 56: 0.007751288187932025, 57: 0.014648808912507541, 58: 0.011489679049346608, 59: 0.009272722500462228, 60: 0.00799101240314754, 61: 0.015529444752919815, 62: 0.00953400868228666, 63: 0.009345889062460318, 64: 0.008931356191630165, 65: 0.007234983883100322, 66: 0.007478566275655317, 67: 0.011575626780163004, 68: 0.010656618328505296, 69: 0.004895486958843124, 70: 0.00964905659748466, 71: 0.0036174542119230668, 72: 0.007247773365322374, 73: 0.009270906702413552, 74: 0.01236084403892623}","[60, 53, 52, 52, 52, 51, 50, 50, 48, 48, 47, 46, 45, 45, 45, 44, 43, 43, 43, 43, 43, 43, 42, 42, 42, 42, 42, 42, 42, 42, 42, 41, 41, 41, 41, 40, 40, 40, 40, 39, 39, 39, 39, 39, 39, 39, 38, 38, 38, 38, 38, 38, 37, 37, 37, 36, 36, 34, 34, 33, 33, 32, 32, 32, 32, 32, 32, 32, 31, 31, 31, 30, 30, 29, 26]","dict_values([27, 22, 25, 20, 23, 22, 29, 18, 25, 22, 21, 20, 24, 26, 17, 25, 19, 19, 20, 9, 11, 19, 24, 24, 20, 23, 22, 13, 28, 23, 14, 25, 16, 23, 36, 19, 21, 18, 23, 13, 26, 19, 17, 23, 11, 22, 18, 29, 27, 22, 25, 25, 24, 21, 23, 19, 19, 21, 17, 25, 19, 17, 22, 19, 11, 23, 26, 27, 23, 24, 22, 18, 26, 25, 25])",0.09898393458658893
36,39.89333333333333,0.27390936352877526,"{0: 0.013502502333899677, 1: 0.009293745007300519, 2: 0.005855096608521265, 3: 0.013359447169233566, 4: 0.015350930437248613, 5: 0.008823655313381341, 6: 0.012295934828392405, 7: 0.01906909838910071, 8: 0.012111806305222782, 9: 0.00958807638423259, 10: 0.016148970429792346, 11: 0.006231893661611511, 12: 0.005580059794433132, 13: 0.008332551542624349, 14: 0.014978328799568261, 15: 0.005248946516069802, 16: 0.005678455968161376, 17: 0.011101896093094038, 18: 0.009582396926498338, 19: 0.007566710820135478, 20: 0.010569492947840934, 21: 0.004838356036986174, 22: 0.01157459868600012, 23: 0.004629129971595726, 24: 0.005458074010612572, 25: 0.007867206069260864, 26: 0.011292216257969681, 27: 0.01601742992428582, 28: 0.008497733240883928, 29: 0.009670900177633402, 30: 0.004950998957848273, 31: 0.00883040738642865, 32: 0.00947264775335358, 33: 0.009302120819080368, 34: 0.012469556647638838, 35: 0.009101078792859617, 36: 0.01121438083204593, 37: 0.005780375472156293, 38: 0.007190932704631334, 39: 0.011771242764393449, 40: 0.012831521393165228, 41: 0.008761262959262398, 42: 0.008001148761200949, 43: 0.01528261045036063, 44: 0.012739840166122961, 45: 0.0109929653471666, 46: 0.018542232076256868, 47: 0.01161078267242651, 48: 0.004560485382403191, 49: 0.02329207109671227, 50: 0.007565104482912705, 51: 0.011503689001900002, 52: 0.010136330199599296, 53: 0.009292248067787888, 54: 0.011035540725580197, 55: 0.006840200451823669, 56: 0.008189430792170518, 57: 0.014153682047517657, 58: 0.011503366446724882, 59: 0.008705870777788585, 60: 0.007421165564885091, 61: 0.016423259060245363, 62: 0.010115178950795388, 63: 0.010114649334645247, 64: 0.00832558880504086, 65: 0.007111937591389647, 66: 0.0075468298927203045, 67: 0.011586977026958455, 68: 0.0106399873187236, 69: 0.004825164499822034, 70: 0.009705532873995185, 71: 0.0034154227647378334, 72: 0.007261492214657663, 73: 0.009285070928906545, 74: 0.012055468391084826}","[60, 53, 52, 52, 52, 51, 49, 48, 48, 48, 47, 46, 45, 45, 45, 44, 44, 43, 43, 43, 43, 43, 43, 42, 42, 42, 42, 42, 42, 42, 41, 41, 40, 40, 40, 40, 40, 40, 40, 39, 39, 39, 39, 39, 39, 39, 39, 38, 38, 38, 38, 37, 37, 37, 37, 36, 35, 35, 34, 34, 33, 32, 32, 32, 32, 32, 32, 32, 32, 31, 30, 30, 29, 29, 25]","dict_values([27, 22, 25, 20, 23, 22, 29, 18, 25, 22, 21, 20, 24, 26, 17, 25, 19, 19, 20, 9, 11, 19, 24, 24, 20, 23, 22, 13, 28, 23, 14, 25, 16, 23, 36, 19, 21, 18, 23, 13, 26, 19, 17, 23, 11, 22, 18, 29, 27, 22, 25, 25, 24, 21, 23, 19, 19, 21, 17, 25, 19, 17, 22, 19, 11, 23, 26, 27, 23, 24, 22, 18, 26, 25, 25])",0.09448860061768997
36,39.70666666666666,0.2726306314634101,"{0: 0.012485838058188172, 1: 0.009328212678754489, 2: 0.005472816089254444, 3: 0.013770304258172843, 4: 0.0155905644097593, 5: 0.008945459031075468, 6: 0.013396930309371528, 7: 0.019518587194753894, 8: 0.01170978535525663, 9: 0.009784674183570114, 10: 0.01644153493468562, 11: 0.006239906862223361, 12: 0.005718488625869529, 13: 0.008415416865215701, 14: 0.015443385526125702, 15: 0.0052767140095907215, 16: 0.005118845477044036, 17: 0.010951859754139278, 18: 0.009207431506041199, 19: 0.00773034608651047, 20: 0.011550270983413491, 21: 0.005016482756208783, 22: 0.011740056556937443, 23: 0.004723972189725615, 24: 0.0058669918929510215, 25: 0.007990036157844377, 26: 0.011415406963352167, 27: 0.015550176405509101, 28: 0.007954497423675506, 29: 0.009742782374847842, 30: 0.0050467360398867255, 31: 0.0090033848084349, 32: 0.009694543449078758, 33: 0.009543510101565542, 34: 0.011925862633795572, 35: 0.009237249134509408, 36: 0.010608553342656795, 37: 0.0056812412976796536, 38: 0.007224955274945054, 39: 0.011799267368169435, 40: 0.013181406004959472, 41: 0.009124955788708653, 42: 0.007383087526701359, 43: 0.015746520861112175, 44: 0.01296745178455445, 45: 0.01099561038405821, 46: 0.01851848016894332, 47: 0.011848432232811706, 48: 0.004599448948764017, 49: 0.023312050941881247, 50: 0.007258152307733171, 51: 0.011113417378751666, 52: 0.010266939264986523, 53: 0.008788517255837897, 54: 0.011257796010706062, 55: 0.006545697246361559, 56: 0.00829612613501389, 57: 0.014491435124996767, 58: 0.012189027920057589, 59: 0.008723115673381469, 60: 0.007405445343685418, 61: 0.016271464559135793, 62: 0.00972507068397479, 63: 0.009527870323208702, 64: 0.008498139320057128, 65: 0.005936992067129054, 66: 0.007520129367655436, 67: 0.012105340075990076, 68: 0.011240723535898176, 69: 0.004470306781950617, 70: 0.009921607591705559, 71: 0.0038235495427276253, 72: 0.007377766474767539, 73: 0.00937213626336505, 74: 0.011387135024939155}","[60, 53, 52, 52, 51, 50, 49, 48, 48, 48, 47, 46, 45, 45, 44, 44, 44, 44, 44, 43, 43, 43, 42, 42, 42, 42, 42, 42, 41, 41, 41, 41, 40, 40, 40, 40, 40, 40, 39, 39, 39, 39, 39, 39, 39, 38, 38, 38, 38, 38, 37, 37, 37, 36, 36, 35, 35, 34, 34, 34, 33, 33, 32, 32, 32, 31, 31, 31, 31, 31, 30, 30, 29, 29, 26]","dict_values([27, 22, 25, 20, 23, 22, 29, 18, 25, 22, 21, 20, 24, 26, 17, 25, 19, 19, 20, 9, 11, 19, 24, 24, 20, 23, 22, 13, 28, 23, 14, 25, 16, 23, 36, 19, 21, 18, 23, 13, 26, 19, 17, 23, 11, 22, 18, 29, 27, 22, 25, 25, 24, 21, 23, 19, 19, 21, 17, 25, 19, 17, 22, 19, 11, 23, 26, 27, 23, 24, 22, 18, 26, 25, 25])",0.09769651724015063
36,39.57333333333333,0.2715452597773936,"{0: 0.011368825561078749, 1: 0.008610745973759671, 2: 0.005534140979346459, 3: 0.01436601934062964, 4: 0.015690109344455114, 5: 0.008241060895170484, 6: 0.013678080989724829, 7: 0.019487059499459124, 8: 0.011642731779718083, 9: 0.009610015020973927, 10: 0.016743215030886265, 11: 0.005475914157421006, 12: 0.0058107381737518725, 13: 0.00903913767281741, 14: 0.01560905594148391, 15: 0.005399254885556255, 16: 0.005357982298227928, 17: 0.010690537767769698, 18: 0.008731370135479727, 19: 0.008218799485922773, 20: 0.011709541435568833, 21: 0.005024469236798004, 22: 0.011721251016243932, 23: 0.004720965508636742, 24: 0.005408411781817545, 25: 0.0070000361952416755, 26: 0.011586626483886758, 27: 0.016153991332309707, 28: 0.008210882611567544, 29: 0.009639260536756997, 30: 0.00514307877321576, 31: 0.008759744821388655, 32: 0.009595993198969107, 33: 0.01014989911069269, 34: 0.013342690055018824, 35: 0.009360770662140527, 36: 0.011388220566302761, 37: 0.005661180318714564, 38: 0.00647890819123696, 39: 0.01141047647896963, 40: 0.01324384303836359, 41: 0.00923344001284483, 42: 0.007391658445035866, 43: 0.01598547139997305, 44: 0.012312128514301399, 45: 0.01116378983880165, 46: 0.018932152074570593, 47: 0.01139178656301944, 48: 0.0047186394789134525, 49: 0.023407229777092795, 50: 0.007237198504321791, 51: 0.011178064448612392, 52: 0.00968902657613097, 53: 0.008263728135598707, 54: 0.011225964532530427, 55: 0.006602325905585235, 56: 0.008097879330756043, 57: 0.013960725861410794, 58: 0.0126219323515025, 59: 0.008756740349206102, 60: 0.007802418802654988, 61: 0.016581558533613327, 62: 0.009843723371120633, 63: 0.009465306177634946, 64: 0.00850625987612289, 65: 0.006455423407478202, 66: 0.007553460207569795, 67: 0.012803755600165612, 68: 0.01109095274010248, 69: 0.004758513063307583, 70: 0.009502356990547826, 71: 0.0038773739116204865, 72: 0.006902395402631586, 73: 0.009394247921645182, 74: 0.01225734301076767}","[60, 53, 52, 52, 51, 50, 49, 48, 48, 48, 46, 46, 46, 45, 45, 44, 44, 43, 43, 43, 43, 43, 42, 42, 42, 42, 42, 41, 41, 41, 41, 41, 41, 41, 41, 40, 39, 39, 39, 39, 39, 38, 38, 38, 38, 38, 38, 37, 37, 37, 37, 37, 37, 36, 36, 36, 36, 34, 33, 33, 33, 32, 32, 32, 32, 31, 31, 31, 31, 30, 30, 30, 29, 29, 26]","dict_values([27, 22, 25, 20, 23, 22, 29, 18, 25, 22, 21, 20, 24, 26, 17, 25, 19, 19, 20, 9, 11, 19, 24, 24, 20, 23, 22, 13, 28, 23, 14, 25, 16, 23, 36, 19, 21, 18, 23, 13, 26, 19, 17, 23, 11, 22, 18, 29, 27, 22, 25, 25, 24, 21, 23, 19, 19, 21, 17, 25, 19, 17, 22, 19, 11, 23, 26, 27, 23, 24, 22, 18, 26, 25, 25])",0.09672081719836387
36,39.57333333333333,0.27138104744685215,"{0: 0.012535757641039648, 1: 0.008547366211563713, 2: 0.005576747186336228, 3: 0.013921315348958917, 4: 0.014961171741491417, 5: 0.00822994793979896, 6: 0.013516824063095565, 7: 0.019590774097208188, 8: 0.011607893691236717, 9: 0.009658411803619609, 10: 0.016836242570097748, 11: 0.00585615774293805, 12: 0.005842281448677575, 13: 0.009090939949367926, 14: 0.015425150898087006, 15: 0.005389530634149029, 16: 0.005244615461717618, 17: 0.010762012169903386, 18: 0.008375769866978557, 19: 0.00778781092523912, 20: 0.011392274112098418, 21: 0.004990544031639922, 22: 0.012082800638788506, 23: 0.004718147454559297, 24: 0.005401597986716194, 25: 0.006963093007613557, 26: 0.011810458043334757, 27: 0.016240956178177997, 28: 0.008676714828867468, 29: 0.009350938789089245, 30: 0.005156194771749346, 31: 0.008802868619624938, 32: 0.009449200834987173, 33: 0.010762071149367905, 34: 0.013414114121140191, 35: 0.009464141661446124, 36: 0.012130641011061243, 37: 0.005703981160865196, 38: 0.006266101687792236, 39: 0.010957914244480753, 40: 0.01311483384032466, 41: 0.00922846102317754, 42: 0.007332265554050073, 43: 0.016812227011780114, 44: 0.012254618181240283, 45: 0.011687304275089072, 46: 0.01812874857521489, 47: 0.011345113234198519, 48: 0.004589428998399392, 49: 0.023677792865468755, 50: 0.007276736999450212, 51: 0.011284117215781054, 52: 0.009762793276057636, 53: 0.00833196010838216, 54: 0.011265282750151782, 55: 0.006542595675087277, 56: 0.008091292150063692, 57: 0.013209243162765668, 58: 0.012599244043177985, 59: 0.008809782354302902, 60: 0.007815155239070485, 61: 0.016539761916474247, 62: 0.009896789619502834, 63: 0.009517510725443837, 64: 0.008308942897983994, 65: 0.006325402061151067, 66: 0.007526586915119837, 67: 0.012323745139724625, 68: 0.011107476399122792, 69: 0.004365952910473458, 70: 0.009503532680259927, 71: 0.003956609535487131, 72: 0.007284192938474755, 73: 0.009515905675396872, 74: 0.012342242355382808}","[60, 52, 52, 51, 51, 51, 49, 49, 48, 48, 46, 45, 45, 45, 45, 44, 44, 44, 44, 43, 43, 43, 43, 42, 42, 42, 42, 42, 41, 41, 41, 41, 40, 40, 40, 40, 39, 39, 39, 39, 39, 38, 38, 38, 38, 38, 38, 37, 37, 37, 37, 37, 37, 36, 36, 36, 36, 34, 34, 33, 33, 32, 32, 32, 31, 31, 31, 31, 31, 31, 30, 30, 29, 29, 26]","dict_values([27, 22, 25, 20, 23, 22, 29, 18, 25, 22, 21, 20, 24, 26, 17, 25, 19, 19, 20, 9, 11, 19, 24, 24, 20, 23, 22, 13, 28, 23, 14, 25, 16, 23, 36, 19, 21, 18, 23, 13, 26, 19, 17, 23, 11, 22, 18, 29, 27, 22, 25, 25, 24, 21, 23, 19, 19, 21, 17, 25, 19, 17, 22, 19, 11, 23, 26, 27, 23, 24, 22, 18, 26, 25, 25])",0.09832326487020579
36,39.413333333333334,0.27043816139469967,"{0: 0.012607949844535548, 1: 0.00869796267842529, 2: 0.006228544982411531, 3: 0.014070258226245854, 4: 0.01640297966864177, 5: 0.007841561201655519, 6: 0.013701449972439808, 7: 0.019087598232366533, 8: 0.011507989326042398, 9: 0.009853850208371909, 10: 0.017140802649530003, 11: 0.005850568864267494, 12: 0.005520547621740729, 13: 0.009240489940163233, 14: 0.015366309424912857, 15: 0.005448256646886784, 16: 0.006500706268713339, 17: 0.009998289291796294, 18: 0.008002065880778217, 19: 0.007789481397161613, 20: 0.011574548193482147, 21: 0.005001389761663734, 22: 0.012758996768055543, 23: 0.005458707512301241, 24: 0.005144250825641375, 25: 0.007142948838154317, 26: 0.01179180049043063, 27: 0.01647507639184894, 28: 0.008659555149281177, 29: 0.009545957052153135, 30: 0.00493548797842923, 31: 0.00887506875818371, 32: 0.008908397089682914, 33: 0.010851916171702317, 34: 0.013496215543565157, 35: 0.010560593563869325, 36: 0.011762145666255257, 37: 0.005731751107059887, 38: 0.0061003734991227545, 39: 0.011079676636966757, 40: 0.013117028505530643, 41: 0.009649992218896394, 42: 0.007338619164494783, 43: 0.017058003491495867, 44: 0.012100182204470364, 45: 0.010470899543574285, 46: 0.017321524725965737, 47: 0.011469022725723144, 48: 0.004580627054240349, 49: 0.02366311896562237, 50: 0.00701375005276137, 51: 0.010952811331098074, 52: 0.009867929005904762, 53: 0.008553004032903726, 54: 0.01057467208217652, 55: 0.0066481621132834096, 56: 0.008187671985526876, 57: 0.013389752494370258, 58: 0.011917532276713048, 59: 0.008950734721282667, 60: 0.007836277544629292, 61: 0.01665599713544919, 62: 0.009721787007373665, 63: 0.00924258791460851, 64: 0.008368513505499806, 65: 0.0063717809422952024, 66: 0.007586030095708476, 67: 0.012316536211807973, 68: 0.011170974154292758, 69: 0.005058009938146924, 70: 0.009515003079961101, 71: 0.004085885309828134, 72: 0.007039515098027271, 73: 0.009503784528640914, 74: 0.01163581652867994}","[60, 53, 51, 51, 51, 51, 49, 49, 48, 48, 46, 45, 45, 45, 45, 44, 44, 44, 43, 43, 43, 42, 42, 42, 41, 41, 41, 41, 41, 41, 41, 41, 40, 40, 40, 40, 39, 39, 39, 38, 38, 38, 38, 38, 38, 37, 37, 37, 37, 37, 37, 37, 37, 36, 36, 36, 35, 33, 33, 33, 33, 32, 32, 32, 32, 32, 31, 31, 31, 31, 30, 30, 29, 29, 26]","dict_values([27, 22, 25, 20, 23, 22, 29, 18, 25, 22, 21, 20, 24, 26, 17, 25, 19, 19, 20, 9, 11, 19, 24, 24, 20, 23, 22, 13, 28, 23, 14, 25, 16, 23, 36, 19, 21, 18, 23, 13, 26, 19, 17, 23, 11, 22, 18, 29, 27, 22, 25, 25, 24, 21, 23, 19, 19, 21, 17, 25, 19, 17, 22, 19, 11, 23, 26, 27, 23, 24, 22, 18, 26, 25, 25])",0.10002545223494423
36,39.306666666666665,0.2686666890071854,"{0: 0.01251885037874415, 1: 0.00879216327401725, 2: 0.006416497979312358, 3: 0.014277720585828895, 4: 0.01644930898874217, 5: 0.007778106236361971, 6: 0.013869471579181905, 7: 0.01880529385781526, 8: 0.010796721743977005, 9: 0.009735264920252444, 10: 0.017204430540321988, 11: 0.0054366108304464466, 12: 0.005603590409298276, 13: 0.008929453081014147, 14: 0.015575263112879488, 15: 0.006525287228799324, 16: 0.006188610915136218, 17: 0.009994216961869022, 18: 0.007375253664302998, 19: 0.007955301032997412, 20: 0.011804098876059509, 21: 0.005322146835266651, 22: 0.01387143870145059, 23: 0.005532185094712714, 24: 0.005155270748670683, 25: 0.007226348151005684, 26: 0.011406689935308457, 27: 0.01575699912555683, 28: 0.008585708019207881, 29: 0.00981300633346496, 30: 0.005000953519374236, 31: 0.009766378259528946, 32: 0.008545514209118843, 33: 0.0104491690524178, 34: 0.013434613666139811, 35: 0.0104903473054158, 36: 0.011839175324854775, 37: 0.005745074898832356, 38: 0.0071647633291468905, 39: 0.011844753452563694, 40: 0.01320072535449285, 41: 0.009160503168043687, 42: 0.007405339972728397, 43: 0.016554681577091262, 44: 0.011467131481443748, 45: 0.010234098155359956, 46: 0.017594033888114105, 47: 0.012004499914494126, 48: 0.005054491392895629, 49: 0.02371114081233392, 50: 0.007237676244525558, 51: 0.011017552722916085, 52: 0.009885061252356941, 53: 0.007680814232320781, 54: 0.010600635094641079, 55: 0.006603046860280022, 56: 0.007676731202387112, 57: 0.013701778187218482, 58: 0.011950232890745607, 59: 0.009017605250481963, 60: 0.00778183091135088, 61: 0.016448561029402238, 62: 0.00912175182795993, 63: 0.009107299706062413, 64: 0.008350130513935261, 65: 0.006535100122229158, 66: 0.0077699735926200515, 67: 0.012411079415318303, 68: 0.011831532659005226, 69: 0.005127011291394854, 70: 0.009476281451426621, 71: 0.004201454886386393, 72: 0.006562254733929501, 73: 0.009353981639111997, 74: 0.011568447915411225}","[60, 53, 51, 51, 51, 50, 49, 48, 48, 48, 46, 46, 45, 45, 44, 44, 44, 44, 43, 43, 42, 42, 42, 42, 41, 41, 41, 41, 41, 41, 41, 40, 40, 40, 40, 40, 39, 39, 39, 38, 38, 38, 38, 38, 37, 37, 37, 37, 37, 37, 36, 36, 36, 36, 35, 35, 34, 34, 33, 33, 33, 32, 32, 32, 32, 32, 32, 31, 31, 31, 30, 30, 30, 29, 26]","dict_values([27, 22, 25, 20, 23, 22, 29, 18, 25, 22, 21, 20, 24, 26, 17, 25, 19, 19, 20, 9, 11, 19, 24, 24, 20, 23, 22, 13, 28, 23, 14, 25, 16, 23, 36, 19, 21, 18, 23, 13, 26, 19, 17, 23, 11, 22, 18, 29, 27, 22, 25, 25, 24, 21, 23, 19, 19, 21, 17, 25, 19, 17, 22, 19, 11, 23, 26, 27, 23, 24, 22, 18, 26, 25, 25])",0.1029711747172611
36,39.2,0.268589357848539,"{0: 0.012791362140291872, 1: 0.008724276705269915, 2: 0.006248314856723724, 3: 0.01421796288027401, 4: 0.01673150361506526, 5: 0.007820595271213327, 6: 0.013417248348678409, 7: 0.01993356625090233, 8: 0.011270281852163064, 9: 0.009821561713019098, 10: 0.017173705600264967, 11: 0.005453615850792596, 12: 0.005503926310282526, 13: 0.008218656156626446, 14: 0.015544720961197035, 15: 0.006283255015142845, 16: 0.006113799772953212, 17: 0.010001424922264808, 18: 0.007441482928794854, 19: 0.0077482405229417775, 20: 0.011695428793710268, 21: 0.005330734857553304, 22: 0.013994806022448677, 23: 0.005310110673816464, 24: 0.005204689170056717, 25: 0.007276166106890177, 26: 0.011637863696385324, 27: 0.015787718568796957, 28: 0.008021864573759741, 29: 0.009822063351753197, 30: 0.005100173688828908, 31: 0.009307859503554223, 32: 0.009044686640689336, 33: 0.01070332380250619, 34: 0.013397872875974364, 35: 0.010691224907730086, 36: 0.01264470438380849, 37: 0.0058297500785355625, 38: 0.007252836571246192, 39: 0.012015922895078081, 40: 0.01357345389291511, 41: 0.009574531302265828, 42: 0.006888669641856038, 43: 0.015842699213526972, 44: 0.011526079919254417, 45: 0.010034109596249455, 46: 0.017809766971012803, 47: 0.01201171841486331, 48: 0.005130386884068009, 49: 0.023886901132578207, 50: 0.0072678272286882855, 51: 0.011688425700167385, 52: 0.009544549932425131, 53: 0.008118906166851372, 54: 0.009992335653845696, 55: 0.006734238208511513, 56: 0.0076440123700397666, 57: 0.013573424504718625, 58: 0.011947426133237161, 59: 0.009493179184960008, 60: 0.007847421735870757, 61: 0.015721310135094882, 62: 0.008653621669719514, 63: 0.00838303353180964, 64: 0.00805693700323423, 65: 0.006600980811513609, 66: 0.007680583557046062, 67: 0.012554100990856762, 68: 0.012417837642128593, 69: 0.005152221076878611, 70: 0.009668210560706157, 71: 0.0038434291858949394, 72: 0.006602120985682629, 73: 0.009331336121955492, 74: 0.01180190010529108}","[60, 53, 52, 51, 51, 50, 49, 48, 48, 47, 46, 46, 45, 45, 45, 44, 44, 44, 43, 43, 43, 42, 42, 42, 41, 41, 41, 41, 41, 41, 41, 40, 40, 40, 40, 39, 39, 39, 38, 38, 38, 38, 38, 37, 37, 37, 37, 36, 36, 36, 36, 36, 36, 36, 35, 34, 34, 34, 33, 33, 33, 32, 32, 32, 32, 32, 31, 31, 31, 31, 30, 30, 29, 29, 25]","dict_values([27, 22, 25, 20, 23, 22, 29, 18, 25, 22, 21, 20, 24, 26, 17, 25, 19, 19, 20, 9, 11, 19, 24, 24, 20, 23, 22, 13, 28, 23, 14, 25, 16, 23, 36, 19, 21, 18, 23, 13, 26, 19, 17, 23, 11, 22, 18, 29, 27, 22, 25, 25, 24, 21, 23, 19, 19, 21, 17, 25, 19, 17, 22, 19, 11, 23, 26, 27, 23, 24, 22, 18, 26, 25, 25])",0.09989310009718169
36,38.96,0.26703403126014064,"{0: 0.013986407228810416, 1: 0.008526399086780434, 2: 0.0068950755782200635, 3: 0.013241222869901668, 4: 0.016395676842703943, 5: 0.007982355644258627, 6: 0.01369337158223804, 7: 0.01902097506399736, 8: 0.011462151209158248, 9: 0.009979704984259598, 10: 0.01708345976108523, 11: 0.0055397912764569715, 12: 0.0060230717798797585, 13: 0.008007389131748227, 14: 0.015138646874671787, 15: 0.006189325435569079, 16: 0.005316454088131989, 17: 0.010042525401125855, 18: 0.007615902647586223, 19: 0.00741843696271499, 20: 0.011075474397273272, 21: 0.005339543256772663, 22: 0.013673233260450777, 23: 0.005543976520003918, 24: 0.005261303483289078, 25: 0.007437296135926273, 26: 0.011714649745632574, 27: 0.016481198204931127, 28: 0.00766899585873819, 29: 0.009949130047704506, 30: 0.005024661308373109, 31: 0.009270973089830567, 32: 0.008704816166810524, 33: 0.01114559975784264, 34: 0.01383384522975494, 35: 0.010784013706473328, 36: 0.01285408688975612, 37: 0.0059183148251663355, 38: 0.006232741249864537, 39: 0.012206189355082626, 40: 0.013940108089836272, 41: 0.009467295867667164, 42: 0.006712386826916358, 43: 0.016322609501814633, 44: 0.011811791997535468, 45: 0.010931757367173483, 46: 0.01719355691497576, 47: 0.013148790934756863, 48: 0.005204918546507689, 49: 0.024606124199513312, 50: 0.00723630364041323, 51: 0.011887805287894628, 52: 0.00908794657709379, 53: 0.008253768226222067, 54: 0.010007162404824922, 55: 0.006769095251823066, 56: 0.007624480353783511, 57: 0.013769896470767368, 58: 0.012141147338948317, 59: 0.00933761491035055, 60: 0.007936539365783644, 61: 0.014706210158550044, 62: 0.008876488336971553, 63: 0.008679427150121065, 64: 0.008198688153588792, 65: 0.006691829724911481, 66: 0.007006954694250508, 67: 0.012462043088166123, 68: 0.012670145927809073, 69: 0.005351588315738709, 70: 0.009441553365128572, 71: 0.0039528096034945346, 72: 0.006505395546491437, 73: 0.00995058524813746, 74: 0.011044717664547619}","[60, 52, 52, 51, 50, 50, 48, 48, 48, 46, 46, 45, 45, 45, 45, 44, 44, 44, 43, 43, 43, 43, 42, 42, 41, 41, 41, 41, 40, 40, 40, 40, 40, 39, 39, 39, 39, 38, 38, 38, 37, 37, 37, 37, 37, 37, 37, 37, 36, 36, 36, 36, 35, 35, 35, 34, 34, 33, 33, 32, 32, 32, 32, 32, 31, 31, 31, 31, 31, 30, 30, 30, 30, 30, 25]","dict_values([27, 22, 25, 20, 23, 22, 29, 18, 25, 22, 21, 20, 24, 26, 17, 25, 19, 19, 20, 9, 11, 19, 24, 24, 20, 23, 22, 13, 28, 23, 14, 25, 16, 23, 36, 19, 21, 18, 23, 13, 26, 19, 17, 23, 11, 22, 18, 29, 27, 22, 25, 25, 24, 21, 23, 19, 19, 21, 17, 25, 19, 17, 22, 19, 11, 23, 26, 27, 23, 24, 22, 18, 26, 25, 25])",0.10545925760393082
36,38.88,0.26631324515443994,"{0: 0.012775687992528885, 1: 0.00818524037640392, 2: 0.007325039597253996, 3: 0.014499592802684457, 4: 0.016378197848354408, 5: 0.008013614111581259, 6: 0.012839027263535899, 7: 0.019018478432193665, 8: 0.010852090527937027, 9: 0.010182141436400654, 10: 0.01591775706631742, 11: 0.006396370566212981, 12: 0.00681365373715855, 13: 0.007933671813587638, 14: 0.015220248610049617, 15: 0.006302647834509818, 16: 0.005289216356020634, 17: 0.009960832392339242, 18: 0.0075007492815712, 19: 0.007451553275626772, 20: 0.01109472542617272, 21: 0.005341258927766716, 22: 0.013870586653425025, 23: 0.0052564644084110565, 24: 0.005861208317445081, 25: 0.007034447102940255, 26: 0.010873042293570586, 27: 0.016717682394603296, 28: 0.007741630757646797, 29: 0.010044938982844826, 30: 0.005067868531933086, 31: 0.00896133633413477, 32: 0.008652868584375435, 33: 0.011831921366808405, 34: 0.013803600996320085, 35: 0.010675276845753768, 36: 0.012976134088408165, 37: 0.005909958928716017, 38: 0.0059985568412028395, 39: 0.011242304978786595, 40: 0.013938379586511982, 41: 0.009679928768672068, 42: 0.006159489117311756, 43: 0.01646868672208227, 44: 0.011335263262371473, 45: 0.010868495522973441, 46: 0.017309647416355253, 47: 0.013124891561720002, 48: 0.005236602568604228, 49: 0.024860811896036943, 50: 0.007222727085740785, 51: 0.011758343008343008, 52: 0.00874751036484007, 53: 0.00864364434569914, 54: 0.010391415113220332, 55: 0.0066180324651845925, 56: 0.007792764128380568, 57: 0.013424508176412985, 58: 0.012262172272031028, 59: 0.009317765061733575, 60: 0.007887353280507233, 61: 0.014012350174981774, 62: 0.008763383052025508, 63: 0.008944298327859972, 64: 0.008865175884452237, 65: 0.006975220944036842, 66: 0.006736712142159592, 67: 0.014003166324914076, 68: 0.013676457312693005, 69: 0.005893343931504401, 70: 0.009566654481960432, 71: 0.00426159107665957, 72: 0.0061782092604010415, 73: 0.009716630850372741, 74: 0.010895139913088334}","[60, 52, 51, 51, 50, 50, 48, 48, 46, 46, 46, 46, 45, 45, 45, 44, 44, 44, 43, 43, 42, 42, 42, 42, 42, 41, 41, 40, 40, 40, 40, 40, 40, 40, 39, 39, 38, 38, 38, 38, 37, 37, 37, 37, 37, 36, 36, 36, 36, 36, 36, 36, 35, 35, 34, 34, 34, 34, 33, 33, 33, 32, 31, 31, 31, 31, 31, 31, 31, 31, 30, 30, 30, 29, 26]","dict_values([27, 22, 25, 20, 23, 22, 29, 18, 25, 22, 21, 20, 24, 26, 17, 25, 19, 19, 20, 9, 11, 19, 24, 24, 20, 23, 22, 13, 28, 23, 14, 25, 16, 23, 36, 19, 21, 18, 23, 13, 26, 19, 17, 23, 11, 22, 18, 29, 27, 22, 25, 25, 24, 21, 23, 19, 19, 21, 17, 25, 19, 17, 22, 19, 11, 23, 26, 27, 23, 24, 22, 18, 26, 25, 25])",0.09539723130131095
36,38.77333333333333,0.2655686436159014,"{0: 0.01294988206276536, 1: 0.008385257008454683, 2: 0.006892105964405398, 3: 0.01479794852817914, 4: 0.016155014602682205, 5: 0.008677245183350007, 6: 0.013173134783142203, 7: 0.019039693593506653, 8: 0.010838324388741003, 9: 0.009700668231205247, 10: 0.015103378683686046, 11: 0.006780728980567819, 12: 0.006741530560460233, 13: 0.008238000667589075, 14: 0.014553855703715743, 15: 0.006358035903596516, 16: 0.005363393830031038, 17: 0.009346979608858344, 18: 0.007261151914267248, 19: 0.007230827027503265, 20: 0.011011842160400555, 21: 0.0052376989573189306, 22: 0.014900674677699647, 23: 0.005521783055022378, 24: 0.005841517115918613, 25: 0.006341885734381267, 26: 0.011087816401802942, 27: 0.017159198771322697, 28: 0.007900888572488234, 29: 0.009601133149709506, 30: 0.005137616093903742, 31: 0.009067021772252291, 32: 0.008005191981108906, 33: 0.012620520822167348, 34: 0.01357719408404947, 35: 0.010047169957655033, 36: 0.013051464858099436, 37: 0.006130743787327007, 38: 0.00599821485275703, 39: 0.010618085113512499, 40: 0.013926626078305816, 41: 0.008963441237116043, 42: 0.006114942852680369, 43: 0.01653913021960721, 44: 0.011442197596427586, 45: 0.011296071623056014, 46: 0.017356772693072314, 47: 0.012178847495598649, 48: 0.00532133277382946, 49: 0.025184319941708593, 50: 0.006691633134377876, 51: 0.011954120966181715, 52: 0.008925813764668802, 53: 0.008764408498546926, 54: 0.01049695196844998, 55: 0.007258997841189622, 56: 0.008087945238034576, 57: 0.013276779432074217, 58: 0.013299663918404932, 59: 0.01007847858184335, 60: 0.007468950067085998, 61: 0.015033731660058017, 62: 0.008800597815646334, 63: 0.009130757428603793, 64: 0.008356107757955563, 65: 0.006861867484643153, 66: 0.0072527769137816275, 67: 0.013485347170700261, 68: 0.013810972286512306, 69: 0.006221844750648014, 70: 0.008960626188093497, 71: 0.0042764361778656005, 72: 0.006458715191591905, 73: 0.009532528932757562, 74: 0.011019417776017297}","[60, 51, 51, 51, 50, 50, 48, 47, 47, 46, 46, 46, 45, 45, 44, 44, 44, 44, 43, 43, 43, 42, 42, 42, 42, 41, 41, 40, 40, 40, 40, 39, 39, 39, 38, 38, 38, 38, 38, 38, 38, 37, 37, 37, 36, 36, 36, 36, 36, 36, 35, 35, 35, 34, 34, 34, 34, 33, 33, 33, 32, 32, 32, 32, 32, 31, 31, 31, 31, 31, 30, 30, 30, 29, 26]","dict_values([27, 22, 25, 20, 23, 22, 29, 18, 25, 22, 21, 20, 24, 26, 17, 25, 19, 19, 20, 9, 11, 19, 24, 24, 20, 23, 22, 13, 28, 23, 14, 25, 16, 23, 36, 19, 21, 18, 23, 13, 26, 19, 17, 23, 11, 22, 18, 29, 27, 22, 25, 25, 24, 21, 23, 19, 19, 21, 17, 25, 19, 17, 22, 19, 11, 23, 26, 27, 23, 24, 22, 18, 26, 25, 25])",0.1069345296095389
36,38.72,0.2657230380473173,"{0: 0.012994864734984055, 1: 0.008031081823709924, 2: 0.00738678491039945, 3: 0.014857057760705394, 4: 0.016479496415776763, 5: 0.008650508352931014, 6: 0.013616196841287054, 7: 0.019060559777210904, 8: 0.010811054059405197, 9: 0.009787868810667465, 10: 0.015222378996013803, 11: 0.00679393863318118, 12: 0.0067830296189913195, 13: 0.008206259711190584, 14: 0.014620405705521885, 15: 0.006350028875041543, 16: 0.005386338610079701, 17: 0.009307181076091142, 18: 0.007407493609452059, 19: 0.007174797861885057, 20: 0.01042910379577864, 21: 0.0052376989573189306, 22: 0.013964876825762638, 23: 0.005516508543301452, 24: 0.0058379443383732325, 25: 0.00630737337110178, 26: 0.011419603387009423, 27: 0.01716062964418578, 28: 0.008018250100214919, 29: 0.009352652069238096, 30: 0.005119866527615222, 31: 0.009113575924790583, 32: 0.008139701844375496, 33: 0.012599421699274437, 34: 0.014160188893686627, 35: 0.010148117169567785, 36: 0.013175269033814212, 37: 0.006227441245023659, 38: 0.0059515319796737305, 39: 0.009857993845311228, 40: 0.013695992415117946, 41: 0.008982328745931032, 42: 0.005730711141407285, 43: 0.01666326864142441, 44: 0.011496254180982017, 45: 0.01133043943619216, 46: 0.01793163834389402, 47: 0.01159174005005785, 48: 0.005371356282757078, 49: 0.025512994543842746, 50: 0.0067828628818188425, 51: 0.011868399053304286, 52: 0.00883313084383371, 53: 0.008072120760476925, 54: 0.011106446288692541, 55: 0.007282959268122006, 56: 0.007682071030790505, 57: 0.013458353257148538, 58: 0.0134550603103793, 59: 0.00941121643010349, 60: 0.007436356424182333, 61: 0.015201919985611692, 62: 0.009030403697450956, 63: 0.009303463019960935, 64: 0.009002580205076893, 65: 0.006915977983959131, 66: 0.007257943053503666, 67: 0.013500444365491257, 68: 0.014340294501974727, 69: 0.0056461075184580075, 70: 0.009061035364173924, 71: 0.004304704528051758, 72: 0.00642205248369632, 73: 0.009536066338084345, 74: 0.011315786964207703}","[60, 51, 51, 51, 51, 50, 48, 47, 47, 46, 46, 46, 45, 45, 44, 44, 44, 44, 43, 43, 43, 43, 42, 42, 42, 41, 40, 40, 40, 40, 39, 39, 39, 38, 38, 38, 38, 38, 38, 38, 38, 37, 37, 36, 36, 36, 36, 36, 36, 35, 35, 35, 35, 34, 34, 34, 33, 33, 33, 33, 32, 32, 32, 32, 32, 31, 31, 31, 31, 31, 30, 30, 30, 29, 26]","dict_values([27, 22, 25, 20, 23, 22, 29, 18, 25, 22, 21, 20, 24, 26, 17, 25, 19, 19, 20, 9, 11, 19, 24, 24, 20, 23, 22, 13, 28, 23, 14, 25, 16, 23, 36, 19, 21, 18, 23, 13, 26, 19, 17, 23, 11, 22, 18, 29, 27, 22, 25, 25, 24, 21, 23, 19, 19, 21, 17, 25, 19, 17, 22, 19, 11, 23, 26, 27, 23, 24, 22, 18, 26, 25, 25])",0.10555356343297742
36,38.586666666666666,0.2637430554538374,"{0: 0.013113265721451047, 1: 0.008125847606333446, 2: 0.007425089837245276, 3: 0.014972308606843834, 4: 0.01668488936057062, 5: 0.00925628197485871, 6: 0.014102593592156475, 7: 0.0191547966069295, 8: 0.011183360354698012, 9: 0.00967347767143694, 10: 0.014659952657831538, 11: 0.006806489810022087, 12: 0.007023039774560611, 13: 0.008468968002409488, 14: 0.014742591626707711, 15: 0.006528387478676368, 16: 0.005436431728963767, 17: 0.009344448089785084, 18: 0.0074814985444347035, 19: 0.007336520661181625, 20: 0.010575258768315356, 21: 0.0054077744698601965, 22: 0.012574918840769752, 23: 0.005542862146023578, 24: 0.006667314491249992, 25: 0.00642477502582588, 26: 0.011067314564802446, 27: 0.01737716249991382, 28: 0.008315102547858224, 29: 0.009328354738564392, 30: 0.00567332469000466, 31: 0.009194630015930547, 32: 0.008150097685507354, 33: 0.012058681892784175, 34: 0.014161703428135209, 35: 0.010311793019546192, 36: 0.012855969704804777, 37: 0.00624548782783655, 38: 0.006634526715199384, 39: 0.010181127064390085, 40: 0.013137651799989785, 41: 0.00899965238239189, 42: 0.005676755792112678, 43: 0.015351368568143873, 44: 0.011321178224509986, 45: 0.010871882515446544, 46: 0.018111893759534706, 47: 0.011615046032155045, 48: 0.005093323632358388, 49: 0.024684404596140647, 50: 0.007017288450819134, 51: 0.012134979048877748, 52: 0.008952434289156992, 53: 0.008388784119939784, 54: 0.011705109595266258, 55: 0.00778822173181521, 56: 0.007669402297186547, 57: 0.013228655428073326, 58: 0.013605404399432497, 59: 0.009549394779084595, 60: 0.007058280124053796, 61: 0.015164297175970938, 62: 0.009111607277325602, 63: 0.008931049943213584, 64: 0.009394372228988597, 65: 0.0071951593794757655, 66: 0.007005860651517719, 67: 0.013055958023852583, 68: 0.014711503979131691, 69: 0.005632703378927152, 70: 0.008429609019359468, 71: 0.004263864068705503, 72: 0.006829190026273544, 73: 0.009071500914698176, 74: 0.011469164606064088}","[59, 51, 51, 51, 51, 50, 47, 47, 46, 46, 46, 45, 44, 44, 44, 44, 43, 43, 43, 43, 43, 43, 42, 41, 41, 41, 40, 40, 40, 40, 39, 39, 39, 39, 38, 38, 38, 38, 38, 37, 37, 37, 37, 36, 36, 36, 36, 35, 35, 35, 35, 35, 35, 34, 34, 34, 34, 33, 33, 33, 33, 32, 32, 32, 32, 32, 31, 31, 31, 31, 30, 30, 30, 29, 26]","dict_values([27, 22, 25, 20, 23, 22, 29, 18, 25, 22, 21, 20, 24, 26, 17, 25, 19, 19, 20, 9, 11, 19, 24, 24, 20, 23, 22, 13, 28, 23, 14, 25, 16, 23, 36, 19, 21, 18, 23, 13, 26, 19, 17, 23, 11, 22, 18, 29, 27, 22, 25, 25, 24, 21, 23, 19, 19, 21, 17, 25, 19, 17, 22, 19, 11, 23, 26, 27, 23, 24, 22, 18, 26, 25, 25])",0.1049474904348964
36,38.64,0.26357701772433584,"{0: 0.014239604180762354, 1: 0.007998617329304849, 2: 0.007251619135934458, 3: 0.015035022050959784, 4: 0.016723681860310004, 5: 0.009165904582338158, 6: 0.013881700215122332, 7: 0.01932214941932863, 8: 0.011136233627103791, 9: 0.00967893443135902, 10: 0.015337827608999018, 11: 0.006834008918631101, 12: 0.00807633258314873, 13: 0.008416047024830977, 14: 0.014747406314076929, 15: 0.00707588599515738, 16: 0.005518312701255697, 17: 0.008976003128694123, 18: 0.007381428467340903, 19: 0.0072764663652388605, 20: 0.009873784512387896, 21: 0.005424525304826507, 22: 0.012549881372197754, 23: 0.0055307062424796586, 24: 0.006694656927268226, 25: 0.006539583233640578, 26: 0.011055781951420277, 27: 0.0169515297360709, 28: 0.008207911317526354, 29: 0.009208918909818016, 30: 0.005663784474984993, 31: 0.008887685082093037, 32: 0.008163884455131117, 33: 0.011939153621842323, 34: 0.014153689753935522, 35: 0.010313765969717371, 36: 0.012795986150649597, 37: 0.0062677373682724, 38: 0.006569893459498617, 39: 0.010068492152337398, 40: 0.01360387062171627, 41: 0.009516602744504011, 42: 0.005621344525454115, 43: 0.015156414685919476, 44: 0.011138003445404058, 45: 0.010712066342269221, 46: 0.017675637473934126, 47: 0.010957239538058928, 48: 0.005194600364853577, 49: 0.024611359991302612, 50: 0.0069874139180697474, 51: 0.012029663089199857, 52: 0.008327619517411828, 53: 0.008426905553759365, 54: 0.011884436871184519, 55: 0.007897867164099431, 56: 0.008461876851084744, 57: 0.01328288156296831, 58: 0.013655380134339735, 59: 0.009644425032438278, 60: 0.0065577033156067974, 61: 0.015113249860353239, 62: 0.008230042371219529, 63: 0.00894527282693899, 64: 0.009580195389164986, 65: 0.007192304671967407, 66: 0.007035881502727728, 67: 0.013720021289926923, 68: 0.014475465057460937, 69: 0.00570077601520065, 70: 0.008177521573396459, 71: 0.0043445587952266615, 72: 0.007177478251274099, 73: 0.008994383348134585, 74: 0.011345253828373602}","[59, 52, 51, 51, 50, 50, 47, 47, 46, 46, 46, 45, 45, 44, 44, 44, 44, 44, 43, 43, 43, 43, 42, 41, 41, 40, 40, 40, 40, 40, 39, 39, 39, 38, 38, 38, 38, 38, 38, 37, 37, 37, 37, 36, 36, 36, 36, 35, 35, 35, 35, 35, 35, 35, 34, 33, 33, 33, 33, 33, 33, 33, 32, 32, 32, 32, 32, 32, 31, 31, 31, 30, 30, 29, 26]","dict_values([27, 22, 25, 20, 23, 22, 29, 18, 25, 22, 21, 20, 24, 26, 17, 25, 19, 19, 20, 9, 11, 19, 24, 24, 20, 23, 22, 13, 28, 23, 14, 25, 16, 23, 36, 19, 21, 18, 23, 13, 26, 19, 17, 23, 11, 22, 18, 29, 27, 22, 25, 25, 24, 21, 23, 19, 19, 21, 17, 25, 19, 17, 22, 19, 11, 23, 26, 27, 23, 24, 22, 18, 26, 25, 25])",0.10186459236778797
36,38.666666666666664,0.264121746653739,"{0: 0.014413615466343956, 1: 0.00791024258357501, 2: 0.0072945898483385415, 3: 0.0148906978877433, 4: 0.016588312615596713, 5: 0.009169782222423801, 6: 0.01405493370708078, 7: 0.01924652444222619, 8: 0.011879297400395191, 9: 0.009466997673134489, 10: 0.015254760466817128, 11: 0.006419804252309994, 12: 0.007703421149939552, 13: 0.007690537103617251, 14: 0.014652952064651406, 15: 0.007662399977065568, 16: 0.005502691525807965, 17: 0.00891651837758118, 18: 0.007451699568283311, 19: 0.007259832904474324, 20: 0.009795225972179744, 21: 0.00537987757593922, 22: 0.012181511661053841, 23: 0.005469702345934622, 24: 0.006186794559680098, 25: 0.0072217171608911545, 26: 0.011794950370821225, 27: 0.01684030801920422, 28: 0.008243823606447376, 29: 0.010229337918701335, 30: 0.006286557854745778, 31: 0.008970531014216047, 32: 0.007606039380095606, 33: 0.011922054859991019, 34: 0.013316474992834252, 35: 0.010113542332472678, 36: 0.0122726932800715, 37: 0.0062923003971119395, 38: 0.007058793990756753, 39: 0.010802049708483552, 40: 0.013697853036399346, 41: 0.00947593799543878, 42: 0.0057953886320626855, 43: 0.014629153192489978, 44: 0.011713451786632852, 45: 0.011219834331269884, 46: 0.01675263368552362, 47: 0.010975147413854087, 48: 0.005120053424282554, 49: 0.024952293819048618, 50: 0.006735382513455179, 51: 0.01200822709661504, 52: 0.00737288266829914, 53: 0.00879959708253688, 54: 0.012068227254663938, 55: 0.007664215136610726, 56: 0.008689610611377494, 57: 0.013932293695781894, 58: 0.013485574114073192, 59: 0.009639186539884924, 60: 0.006504852396549126, 61: 0.01470653591583854, 62: 0.007548532437290001, 63: 0.008807120964920277, 64: 0.009597235506346898, 65: 0.007210070464761136, 66: 0.006186009779494811, 67: 0.014902840701951487, 68: 0.01422173698113657, 69: 0.0056600614250026104, 70: 0.008239208856766695, 71: 0.004208139457156258, 72: 0.007004054489701146, 73: 0.008525601259704715, 74: 0.012292062684563372}","[59, 52, 51, 51, 50, 49, 47, 47, 46, 46, 45, 45, 45, 44, 44, 44, 44, 44, 44, 43, 43, 43, 42, 42, 42, 42, 41, 40, 40, 40, 40, 40, 39, 38, 38, 38, 38, 38, 38, 38, 37, 37, 37, 36, 36, 36, 36, 36, 35, 35, 35, 34, 34, 34, 33, 33, 33, 33, 33, 33, 33, 33, 33, 32, 32, 31, 31, 31, 31, 31, 31, 30, 30, 29, 26]","dict_values([27, 22, 25, 20, 23, 22, 29, 18, 25, 22, 21, 20, 24, 26, 17, 25, 19, 19, 20, 9, 11, 19, 24, 24, 20, 23, 22, 13, 28, 23, 14, 25, 16, 23, 36, 19, 21, 18, 23, 13, 26, 19, 17, 23, 11, 22, 18, 29, 27, 22, 25, 25, 24, 21, 23, 19, 19, 21, 17, 25, 19, 17, 22, 19, 11, 23, 26, 27, 23, 24, 22, 18, 26, 25, 25])",0.10669536266349586
36,38.666666666666664,0.2638969399596394,"{0: 0.014645180717092757, 1: 0.007685880056751564, 2: 0.007306120344394568, 3: 0.014766514924020587, 4: 0.016730511048017732, 5: 0.009730482989643215, 6: 0.014846247985472136, 7: 0.019048752642815643, 8: 0.01207185069032861, 9: 0.00876956699601125, 10: 0.015171804226162672, 11: 0.006439695210316575, 12: 0.007800790503626479, 13: 0.008297127680101804, 14: 0.014802282160413356, 15: 0.007967989869328292, 16: 0.005487983869833186, 17: 0.008884708575358615, 18: 0.007302584544469101, 19: 0.006518487921714442, 20: 0.010324181147377232, 21: 0.005288194069924565, 22: 0.012265857921088622, 23: 0.005386971535892414, 24: 0.006211735614081942, 25: 0.007209697894180667, 26: 0.011859550156851063, 27: 0.016184629373445034, 28: 0.008195126760781402, 29: 0.010291487232586436, 30: 0.006268126359107692, 31: 0.008599978759299782, 32: 0.007065499040812538, 33: 0.011870189352037463, 34: 0.01349244813047262, 35: 0.009555735644443909, 36: 0.011364029023633137, 37: 0.006544774477030408, 38: 0.0069779788094117, 39: 0.010913165775702215, 40: 0.013622806588741638, 41: 0.009524935133477012, 42: 0.005849259459941301, 43: 0.0142407297349524, 44: 0.011181701598856696, 45: 0.011237886778486177, 46: 0.016920832294063434, 47: 0.010847318448578716, 48: 0.005110195760521605, 49: 0.02498394089590397, 50: 0.006453764674256562, 51: 0.011968445981233663, 52: 0.007286620388453588, 53: 0.00878902601933424, 54: 0.011138522310686953, 55: 0.007728701301326764, 56: 0.009848182589027466, 57: 0.013913647035083543, 58: 0.013645395213986422, 59: 0.009667334806859709, 60: 0.007070608073652556, 61: 0.014857317398783017, 62: 0.007653007435236785, 63: 0.008985671702601854, 64: 0.009974834291023577, 65: 0.0073370081706724535, 66: 0.006669829001924437, 67: 0.014783891765632324, 68: 0.014259008926077796, 69: 0.00566183170763899, 70: 0.00821577251591131, 71: 0.003941813007958966, 72: 0.007033030073636293, 73: 0.008578537338843603, 74: 0.012999810380068425}","[59, 52, 51, 51, 49, 49, 47, 47, 46, 46, 45, 45, 44, 44, 44, 44, 44, 44, 44, 43, 43, 43, 43, 42, 41, 41, 41, 40, 40, 40, 40, 40, 39, 39, 39, 38, 38, 38, 38, 38, 37, 37, 37, 36, 36, 36, 36, 36, 35, 35, 35, 34, 34, 34, 34, 33, 33, 33, 33, 33, 33, 33, 33, 32, 32, 32, 32, 31, 31, 31, 30, 30, 30, 29, 25]","dict_values([27, 22, 25, 20, 23, 22, 29, 18, 25, 22, 21, 20, 24, 26, 17, 25, 19, 19, 20, 9, 11, 19, 24, 24, 20, 23, 22, 13, 28, 23, 14, 25, 16, 23, 36, 19, 21, 18, 23, 13, 26, 19, 17, 23, 11, 22, 18, 29, 27, 22, 25, 25, 24, 21, 23, 19, 19, 21, 17, 25, 19, 17, 22, 19, 11, 23, 26, 27, 23, 24, 22, 18, 26, 25, 25])",0.0961422116527943
36,38.61333333333334,0.2631714919532676,"{0: 0.014876497534104834, 1: 0.007511331229642186, 2: 0.007411045457575196, 3: 0.014235009880136406, 4: 0.01597816775191717, 5: 0.00996236160823538, 6: 0.014407648386828682, 7: 0.0191014196489865, 8: 0.012223585238236327, 9: 0.00818922706496714, 10: 0.01427462881843252, 11: 0.0064476283307757015, 12: 0.007738116496159416, 13: 0.009347928676418127, 14: 0.014350569055986629, 15: 0.008395587089708712, 16: 0.005629648021684242, 17: 0.008556135974240974, 18: 0.007016079501843192, 19: 0.00679139777413094, 20: 0.011286592491209377, 21: 0.005609800725157612, 22: 0.01159886125557967, 23: 0.005276065832122069, 24: 0.006610051236653092, 25: 0.0072585736457241624, 26: 0.01256603031629059, 27: 0.01594583230916019, 28: 0.008223248518544864, 29: 0.010362641537775115, 30: 0.006501248197198169, 31: 0.009117569140852813, 32: 0.006527331338566906, 33: 0.011896010710945074, 34: 0.013421804659292411, 35: 0.01021996830950046, 36: 0.009895756648651768, 37: 0.006426961391934342, 38: 0.006699692364725844, 39: 0.010887011950949623, 40: 0.014967808679826776, 41: 0.009581945182353228, 42: 0.005465388097150344, 43: 0.014295448641091217, 44: 0.011130171919305756, 45: 0.011270088681366107, 46: 0.017167004856762494, 47: 0.010745505595834048, 48: 0.005228637360858921, 49: 0.025117298952399652, 50: 0.0064538455166690805, 51: 0.01103414056868796, 52: 0.007126217143340431, 53: 0.00892314481411414, 54: 0.011692469723675492, 55: 0.008278581775982854, 56: 0.00978272751310028, 57: 0.01325905094461773, 58: 0.013926204740089295, 59: 0.00968578263872302, 60: 0.006945234463313179, 61: 0.014914164820950747, 62: 0.00765263818119471, 63: 0.009132067031863969, 64: 0.009931160254583982, 65: 0.007501664553057923, 66: 0.007028617245256506, 67: 0.014908325438088945, 68: 0.014306315067730358, 69: 0.005500249057610704, 70: 0.008241959954410924, 71: 0.0038956797011805875, 72: 0.007055327380255573, 73: 0.008784784482680642, 74: 0.012605538361968427}","[59, 52, 51, 50, 49, 49, 47, 46, 46, 45, 45, 45, 44, 44, 44, 44, 44, 43, 43, 43, 43, 43, 42, 42, 41, 41, 40, 40, 40, 40, 40, 39, 39, 39, 39, 38, 38, 38, 38, 38, 38, 37, 37, 37, 36, 36, 36, 36, 35, 35, 35, 35, 35, 34, 34, 34, 34, 33, 33, 33, 32, 32, 32, 32, 32, 32, 32, 31, 31, 31, 31, 30, 30, 29, 25]","dict_values([27, 22, 25, 20, 23, 22, 29, 18, 25, 22, 21, 20, 24, 26, 17, 25, 19, 19, 20, 9, 11, 19, 24, 24, 20, 23, 22, 13, 28, 23, 14, 25, 16, 23, 36, 19, 21, 18, 23, 13, 26, 19, 17, 23, 11, 22, 18, 29, 27, 22, 25, 25, 24, 21, 23, 19, 19, 21, 17, 25, 19, 17, 22, 19, 11, 23, 26, 27, 23, 24, 22, 18, 26, 25, 25])",0.10306414257806543
36,38.666666666666664,0.26326640991586153,"{0: 0.01545540646139145, 1: 0.007709654302140786, 2: 0.007378882662589645, 3: 0.014058419056009951, 4: 0.015532301225134484, 5: 0.010005133027133501, 6: 0.013879487617770032, 7: 0.01967082546612935, 8: 0.012242675638339117, 9: 0.007886299603974077, 10: 0.014067370523240617, 11: 0.006958289225783092, 12: 0.007928990670468296, 13: 0.009982304921552438, 14: 0.014335262746181441, 15: 0.0097766348741394, 16: 0.005684269837817169, 17: 0.008599288075087709, 18: 0.006978321053162963, 19: 0.007045054200140982, 20: 0.011399643660751727, 21: 0.005274638232460872, 22: 0.01152727172761967, 23: 0.005643761713516579, 24: 0.007916213506091719, 25: 0.007629669478522417, 26: 0.011938571159293832, 27: 0.015752797451938555, 28: 0.008009724469404378, 29: 0.010223652271455205, 30: 0.006537465516028893, 31: 0.009166299509730613, 32: 0.006842302821135212, 33: 0.010984662796543131, 34: 0.013785674793852258, 35: 0.010158763931260605, 36: 0.010448951664386153, 37: 0.006147595587730997, 38: 0.006503222328681063, 39: 0.010941424714515022, 40: 0.014961359710566646, 41: 0.009547352252132924, 42: 0.005206702515169963, 43: 0.013601273562298816, 44: 0.010993145240454322, 45: 0.011249549326405662, 46: 0.017239873491382045, 47: 0.010598154286950493, 48: 0.005281280280699591, 49: 0.023435723702215926, 50: 0.006334355769531178, 51: 0.010464910867348121, 52: 0.006788256873873312, 53: 0.008798508934932198, 54: 0.012070104489166183, 55: 0.008283871909888064, 56: 0.009589751194943224, 57: 0.013255592342378521, 58: 0.01369363342800763, 59: 0.009685123713349047, 60: 0.006978067594787267, 61: 0.014641506882204341, 62: 0.007936120570044006, 63: 0.009289255824452272, 64: 0.00959124477758327, 65: 0.007550539425721631, 66: 0.0062049842440910505, 67: 0.014962091611184683, 68: 0.014360752363360207, 69: 0.00586319090047976, 70: 0.008852383727083258, 71: 0.003923951562246492, 72: 0.007053978008601297, 73: 0.008810152411635219, 74: 0.013021216519193624}","[58, 53, 51, 49, 49, 49, 47, 46, 46, 45, 45, 45, 45, 44, 44, 43, 43, 43, 43, 43, 43, 42, 42, 41, 41, 41, 40, 40, 40, 40, 40, 40, 39, 39, 39, 39, 38, 38, 38, 38, 38, 38, 37, 37, 37, 37, 37, 36, 36, 36, 36, 35, 35, 34, 34, 34, 34, 33, 33, 33, 33, 32, 32, 32, 32, 31, 31, 31, 31, 31, 30, 30, 30, 30, 25]","dict_values([27, 22, 25, 20, 23, 22, 29, 18, 25, 22, 21, 20, 24, 26, 17, 25, 19, 19, 20, 9, 11, 19, 24, 24, 20, 23, 22, 13, 28, 23, 14, 25, 16, 23, 36, 19, 21, 18, 23, 13, 26, 19, 17, 23, 11, 22, 18, 29, 27, 22, 25, 25, 24, 21, 23, 19, 19, 21, 17, 25, 19, 17, 22, 19, 11, 23, 26, 27, 23, 24, 22, 18, 26, 25, 25])",0.10218168846611177
36,38.77333333333333,0.26438590660460504,"{0: 0.015216280862202175, 1: 0.00740042706967725, 2: 0.00869706705012008, 3: 0.01418640911008672, 4: 0.016002713611834692, 5: 0.009919725305602456, 6: 0.013044467820466615, 7: 0.01960769488315647, 8: 0.01234682368342674, 9: 0.0076348679899509025, 10: 0.014004549508522238, 11: 0.007165160797100234, 12: 0.007978094815693951, 13: 0.009836010178475931, 14: 0.014187494118152504, 15: 0.010840270466465239, 16: 0.005550066166504523, 17: 0.008411589233507044, 18: 0.0072267922960579265, 19: 0.007012205293081903, 20: 0.011390656218798785, 21: 0.0053089936606519166, 22: 0.011375562207824522, 23: 0.005653800327556637, 24: 0.008111858335205564, 25: 0.007635376381653929, 26: 0.01192616504905431, 27: 0.016411490827065573, 28: 0.008028195759959153, 29: 0.01073934292066919, 30: 0.006010525054067129, 31: 0.009009222707852843, 32: 0.006393249259852188, 33: 0.010994765100190424, 34: 0.013764577482659544, 35: 0.010316702521884177, 36: 0.010508720950854259, 37: 0.006248639823651383, 38: 0.007183154847671467, 39: 0.010846887461368871, 40: 0.014689317417004277, 41: 0.009655474659786297, 42: 0.0054434512308649706, 43: 0.013253251466520313, 44: 0.01079780956841604, 45: 0.01123440599558965, 46: 0.017120507255724695, 47: 0.010627547477489485, 48: 0.004882752485492212, 49: 0.02335903901461632, 50: 0.00584569842861119, 51: 0.01083358819415571, 52: 0.006783093679272484, 53: 0.008752216937892935, 54: 0.010978152122462422, 55: 0.008141956682250987, 56: 0.009608234328854371, 57: 0.013175920085423261, 58: 0.014243154742388981, 59: 0.00905230141469377, 60: 0.007002165222318727, 61: 0.014530308894513778, 62: 0.008005670149020842, 63: 0.009914971129549041, 64: 0.009581985335292443, 65: 0.0073882186916727965, 66: 0.0060969684614553005, 67: 0.014420415872823158, 68: 0.014326516192053326, 69: 0.0065408124311058385, 70: 0.008694763789263739, 71: 0.003821657615817673, 72: 0.006984106844416864, 73: 0.008644659158357788, 74: 0.012271632339408986}","[58, 53, 51, 50, 50, 49, 47, 46, 46, 45, 45, 44, 44, 44, 44, 44, 43, 43, 43, 43, 42, 42, 41, 41, 41, 41, 40, 40, 40, 40, 40, 39, 39, 39, 39, 39, 39, 39, 39, 38, 38, 38, 38, 38, 37, 37, 37, 37, 36, 36, 36, 35, 35, 35, 35, 35, 34, 34, 33, 33, 33, 33, 32, 32, 32, 32, 31, 31, 31, 30, 30, 30, 30, 29, 25]","dict_values([27, 22, 25, 20, 23, 22, 29, 18, 25, 22, 21, 20, 24, 26, 17, 25, 19, 19, 20, 9, 11, 19, 24, 24, 20, 23, 22, 13, 28, 23, 14, 25, 16, 23, 36, 19, 21, 18, 23, 13, 26, 19, 17, 23, 11, 22, 18, 29, 27, 22, 25, 25, 24, 21, 23, 19, 19, 21, 17, 25, 19, 17, 22, 19, 11, 23, 26, 27, 23, 24, 22, 18, 26, 25, 25])",0.09649896221399394
36,38.88,0.265132038519646,"{0: 0.01599745484825699, 1: 0.007654976752211015, 2: 0.00860492251712519, 3: 0.013937148318056808, 4: 0.015859958356164255, 5: 0.010536249705717076, 6: 0.012896359010029893, 7: 0.01964009027825646, 8: 0.0121738604808134, 9: 0.007987219035573156, 10: 0.013654932156447874, 11: 0.007377344793427295, 12: 0.007895699153928022, 13: 0.009748462048346361, 14: 0.013905357823216868, 15: 0.010818562300130211, 16: 0.005571287611343099, 17: 0.008840840760587922, 18: 0.0072698618146858135, 19: 0.006894556283323106, 20: 0.01175590893291976, 21: 0.005343298418120683, 22: 0.010664902199721882, 23: 0.005640508031190181, 24: 0.008057546528258607, 25: 0.007482767243041216, 26: 0.011856814961721373, 27: 0.015599844603949338, 28: 0.00783334879004257, 29: 0.010706432989729871, 30: 0.005983799807061468, 31: 0.009567681703357023, 32: 0.006392698593413305, 33: 0.010314915866051747, 34: 0.013763560374195473, 35: 0.010774282042412585, 36: 0.0111141368659787, 37: 0.006184147461055485, 38: 0.007541241848735004, 39: 0.010854751113984686, 40: 0.014589067567594292, 41: 0.008870422255940848, 42: 0.005548013424725755, 43: 0.013090740096357077, 44: 0.010830559938810904, 45: 0.011149429687145008, 46: 0.01757280737955754, 47: 0.009861986816682086, 48: 0.004542114165401837, 49: 0.023129449672373393, 50: 0.006118587282970845, 51: 0.010587511905150995, 52: 0.006709571435598833, 53: 0.008862119832524658, 54: 0.010989049164010148, 55: 0.008487651488060402, 56: 0.009749061253521273, 57: 0.012870962066228703, 58: 0.013902168173139802, 59: 0.00848278501884465, 60: 0.007107839860804062, 61: 0.01456163992329447, 62: 0.00807156735874595, 63: 0.0098235666692704, 64: 0.009557442311313663, 65: 0.007271789273668645, 66: 0.005039424929058864, 67: 0.014853126229377404, 68: 0.014334313907442385, 69: 0.007406468127653313, 70: 0.008245716826868206, 71: 0.004194447719254903, 72: 0.007622257375868205, 73: 0.008697265367902654, 74: 0.012660199051523031}","[58, 54, 51, 50, 50, 49, 47, 46, 45, 45, 45, 45, 44, 44, 44, 44, 43, 43, 43, 42, 42, 42, 42, 42, 42, 41, 40, 40, 40, 40, 40, 40, 39, 39, 39, 39, 39, 39, 38, 38, 38, 38, 38, 38, 38, 38, 37, 37, 37, 36, 36, 36, 36, 35, 35, 34, 34, 34, 34, 33, 33, 33, 32, 32, 32, 32, 32, 31, 30, 30, 30, 30, 29, 29, 26]","dict_values([27, 22, 25, 20, 23, 22, 29, 18, 25, 22, 21, 20, 24, 26, 17, 25, 19, 19, 20, 9, 11, 19, 24, 24, 20, 23, 22, 13, 28, 23, 14, 25, 16, 23, 36, 19, 21, 18, 23, 13, 26, 19, 17, 23, 11, 22, 18, 29, 27, 22, 25, 25, 24, 21, 23, 19, 19, 21, 17, 25, 19, 17, 22, 19, 11, 23, 26, 27, 23, 24, 22, 18, 26, 25, 25])",0.09262316983446893
36,38.96,0.2653073443774874,"{0: 0.014879029221885302, 1: 0.007905660256886292, 2: 0.008541665781729314, 3: 0.013503458280147656, 4: 0.015829184913633564, 5: 0.010039716811140232, 6: 0.0126907631002965, 7: 0.0190495973645488, 8: 0.012085016857044632, 9: 0.008058752348809723, 10: 0.013794363005191821, 11: 0.008277840822720806, 12: 0.007971501928455419, 13: 0.009268575055348817, 14: 0.013609629602844339, 15: 0.010691254621726954, 16: 0.005559992825427242, 17: 0.008834785402822669, 18: 0.007343277374874738, 19: 0.0069267427828617265, 20: 0.012422969084637922, 21: 0.0053605535309419715, 22: 0.011043638730205895, 23: 0.005621436826214764, 24: 0.00844553706318811, 25: 0.007442252683781162, 26: 0.012166549433799436, 27: 0.014937001374451617, 28: 0.008075692563126905, 29: 0.01055001661305394, 30: 0.005946150847543528, 31: 0.009047193318186547, 32: 0.006461318667519101, 33: 0.01031975722087383, 34: 0.013664140074380486, 35: 0.01041478775409915, 36: 0.011695032285395012, 37: 0.006164906472837865, 38: 0.008441886582663647, 39: 0.01068657544999536, 40: 0.014588332228106255, 41: 0.008371383287925247, 42: 0.005568710550580011, 43: 0.012263292976854101, 44: 0.011306787816749667, 45: 0.01133464803431361, 46: 0.01769379548589236, 47: 0.010245524318874068, 48: 0.004453037809202191, 49: 0.021789533382750855, 50: 0.006167305521389101, 51: 0.010679501916962559, 52: 0.0070034958341270125, 53: 0.00837382741432662, 54: 0.01119887725161631, 55: 0.008307304469687356, 56: 0.010585950001368924, 57: 0.01360453152229753, 58: 0.014503288705254531, 59: 0.00783444481613269, 60: 0.007702347001175605, 61: 0.014277903289733225, 62: 0.008319481201046426, 63: 0.009741527128675025, 64: 0.009386617398456537, 65: 0.007308906421691406, 66: 0.004952552342186279, 67: 0.014785151354968688, 68: 0.014422309277566424, 69: 0.007537857290071021, 70: 0.008227032665921398, 71: 0.004117596272540443, 72: 0.007432234479836054, 73: 0.008637109630260317, 74: 0.012672868828070397}","[57, 53, 51, 50, 50, 48, 47, 46, 45, 45, 45, 44, 44, 44, 44, 44, 44, 43, 43, 43, 43, 43, 42, 42, 41, 41, 40, 40, 40, 40, 40, 39, 39, 39, 39, 39, 39, 39, 39, 39, 39, 38, 38, 38, 38, 37, 37, 37, 37, 37, 36, 36, 36, 36, 35, 35, 35, 35, 34, 33, 33, 33, 33, 32, 32, 32, 32, 31, 30, 30, 30, 30, 29, 29, 26]","dict_values([27, 22, 25, 20, 23, 22, 29, 18, 25, 22, 21, 20, 24, 26, 17, 25, 19, 19, 20, 9, 11, 19, 24, 24, 20, 23, 22, 13, 28, 23, 14, 25, 16, 23, 36, 19, 21, 18, 23, 13, 26, 19, 17, 23, 11, 22, 18, 29, 27, 22, 25, 25, 24, 21, 23, 19, 19, 21, 17, 25, 19, 17, 22, 19, 11, 23, 26, 27, 23, 24, 22, 18, 26, 25, 25])",0.0989997287447629
36,39.013333333333335,0.26588954169108203,"{0: 0.01482011512430529, 1: 0.007866176112196104, 2: 0.008417639592173455, 3: 0.014063425711445901, 4: 0.015154290783823422, 5: 0.010092191333596633, 6: 0.01260574931045174, 7: 0.018997281414686734, 8: 0.011872829597590735, 9: 0.00823987995825224, 10: 0.014254188174701587, 11: 0.007723675400951793, 12: 0.007787753634825526, 13: 0.009355460886484257, 14: 0.013585399430744603, 15: 0.01071069870209389, 16: 0.005607458175951327, 17: 0.00903832195129536, 18: 0.0073524295368056925, 19: 0.006955996326895371, 20: 0.013170306174220067, 21: 0.005359076656744188, 22: 0.011060847160766581, 23: 0.005741438319650093, 24: 0.008900036377876829, 25: 0.007705434760229279, 26: 0.012678148933379643, 27: 0.014889220404933541, 28: 0.008227359606575675, 29: 0.011775436079280907, 30: 0.00598572571175311, 31: 0.008568997130640967, 32: 0.006414286996478778, 33: 0.010320009346428136, 34: 0.01306077826625772, 35: 0.010195514682823304, 36: 0.011737026882148982, 37: 0.006187173415580884, 38: 0.008329783412809773, 39: 0.010688771990141854, 40: 0.013895232163201699, 41: 0.008519382761065737, 42: 0.005989961777633012, 43: 0.010758785623642712, 44: 0.011243615786439953, 45: 0.011369939466520564, 46: 0.016801141792049296, 47: 0.010180867791638312, 48: 0.004791603558726847, 49: 0.02260309934564568, 50: 0.006180581523047277, 51: 0.010601153958325596, 52: 0.007155820186642106, 53: 0.009452172798237438, 54: 0.010982377249500538, 55: 0.008308786842227618, 56: 0.010499880214800614, 57: 0.012962751741464265, 58: 0.013846752404367231, 59: 0.007667696018824142, 60: 0.007691299306721856, 61: 0.014256615616406107, 62: 0.007928303211064964, 63: 0.009604521117413946, 64: 0.009428615359289185, 65: 0.007357211147357341, 66: 0.005021236486212888, 67: 0.015118964108114565, 68: 0.014332985045411818, 69: 0.007100005213394591, 70: 0.00810680795871466, 71: 0.004089410586265159, 72: 0.007406865656261305, 73: 0.009692354521121644, 74: 0.012535024432687607}","[58, 53, 51, 49, 49, 48, 47, 46, 46, 45, 44, 44, 44, 44, 44, 44, 43, 43, 43, 43, 43, 43, 42, 42, 41, 41, 41, 41, 40, 40, 40, 40, 40, 39, 39, 39, 39, 39, 39, 39, 39, 38, 38, 38, 38, 38, 37, 37, 37, 36, 36, 36, 36, 36, 36, 35, 35, 34, 33, 33, 33, 33, 33, 33, 32, 32, 32, 31, 31, 30, 30, 30, 30, 29, 26]","dict_values([27, 22, 25, 20, 23, 22, 29, 18, 25, 22, 21, 20, 24, 26, 17, 25, 19, 19, 20, 9, 11, 19, 24, 24, 20, 23, 22, 13, 28, 23, 14, 25, 16, 23, 36, 19, 21, 18, 23, 13, 26, 19, 17, 23, 11, 22, 18, 29, 27, 22, 25, 25, 24, 21, 23, 19, 19, 21, 17, 25, 19, 17, 22, 19, 11, 23, 26, 27, 23, 24, 22, 18, 26, 25, 25])",0.10067236070042129
36,39.17333333333333,0.266703428760045,"{0: 0.014842561118227083, 1: 0.007891903606045428, 2: 0.008279483438587892, 3: 0.014132284882387361, 4: 0.014769870455539352, 5: 0.010056522468114653, 6: 0.012944953516258314, 7: 0.01917257735919708, 8: 0.010954278706376261, 9: 0.008114354967599971, 10: 0.014495071907748151, 11: 0.007464843798767601, 12: 0.007916311716696264, 13: 0.00914413148861835, 14: 0.01441906197262774, 15: 0.01112661283459922, 16: 0.005137282192076713, 17: 0.008823799779607703, 18: 0.007314414496122796, 19: 0.007495532125869463, 20: 0.013073446207007849, 21: 0.00525891681209973, 22: 0.010967976700753099, 23: 0.005679018340178695, 24: 0.008886564248390589, 25: 0.00813209580332868, 26: 0.012847406037558596, 27: 0.01477841025772329, 28: 0.0081995249586413, 29: 0.011593304305054258, 30: 0.006517144199946867, 31: 0.008140383922501656, 32: 0.00649832033419925, 33: 0.009958052184604538, 34: 0.012743551648054954, 35: 0.010074076406707513, 36: 0.011594907822763612, 37: 0.00610880575626748, 38: 0.008169290418626867, 39: 0.010492531651361714, 40: 0.013509929100151674, 41: 0.008818137660024598, 42: 0.005943710224532142, 43: 0.009785611937523612, 44: 0.010347217008247225, 45: 0.011849201885982435, 46: 0.0168865100350209, 47: 0.010133503711547996, 48: 0.005174464999529791, 49: 0.022315845280700436, 50: 0.006549537713921277, 51: 0.010226222768329213, 52: 0.0071799005018183095, 53: 0.010077615734700309, 54: 0.010887081263793593, 55: 0.008442852213905436, 56: 0.010068537878771561, 57: 0.012646423961273072, 58: 0.013657284573446227, 59: 0.007596402623414006, 60: 0.007584698646790322, 61: 0.014662313021130309, 62: 0.007874107296784083, 63: 0.009788883210059107, 64: 0.009379218380670627, 65: 0.007296646426251567, 66: 0.0049963837282110115, 67: 0.014882873689326483, 68: 0.014565549337283863, 69: 0.0069217476592737205, 70: 0.007948300655794611, 71: 0.004292086124093478, 72: 0.008003466681877347, 73: 0.009640906988973212, 74: 0.013169352857183656}","[58, 53, 52, 49, 49, 48, 47, 47, 46, 46, 45, 44, 44, 44, 44, 43, 43, 43, 43, 43, 43, 43, 43, 42, 42, 41, 41, 40, 40, 40, 40, 40, 40, 40, 39, 39, 39, 39, 39, 39, 39, 38, 38, 38, 38, 38, 38, 38, 37, 36, 36, 36, 36, 36, 36, 35, 35, 34, 34, 34, 33, 33, 33, 33, 33, 32, 32, 31, 31, 31, 31, 30, 29, 29, 27]","dict_values([27, 22, 25, 20, 23, 22, 29, 18, 25, 22, 21, 20, 24, 26, 17, 25, 19, 19, 20, 9, 11, 19, 24, 24, 20, 23, 22, 13, 28, 23, 14, 25, 16, 23, 36, 19, 21, 18, 23, 13, 26, 19, 17, 23, 11, 22, 18, 29, 27, 22, 25, 25, 24, 21, 23, 19, 19, 21, 17, 25, 19, 17, 22, 19, 11, 23, 26, 27, 23, 24, 22, 18, 26, 25, 25])",0.10535315513116317
36,39.093333333333334,0.2662069848951649,"{0: 0.01572356867682436, 1: 0.00740298500194139, 2: 0.008444270290598337, 3: 0.013938324937651703, 4: 0.014657868001702438, 5: 0.009586284434486192, 6: 0.013163249431363398, 7: 0.01927301713260618, 8: 0.0109559204182961, 9: 0.008244749326958388, 10: 0.013923541431948194, 11: 0.007375979101649033, 12: 0.00753137168414772, 13: 0.009086506388112436, 14: 0.014089139351226758, 15: 0.01075140505041531, 16: 0.005201790475763079, 17: 0.008916061250219954, 18: 0.006728138396148066, 19: 0.007502182654048021, 20: 0.0136065412460334, 21: 0.005220711465675204, 22: 0.011119712007252184, 23: 0.006105098389546416, 24: 0.009081971047287212, 25: 0.008262218364958092, 26: 0.012805367402214777, 27: 0.014541999157312524, 28: 0.00834687105360343, 29: 0.010611316262001192, 30: 0.00672962855452592, 31: 0.008285534717014105, 32: 0.006412445766528221, 33: 0.009864555631217393, 34: 0.01265413220298419, 35: 0.010091102008029176, 36: 0.012244153449027677, 37: 0.006058265979700306, 38: 0.007861367833952264, 39: 0.01149565669175352, 40: 0.014210063493346163, 41: 0.008755001220754646, 42: 0.005873196284155189, 43: 0.009857068719527068, 44: 0.009740348786602973, 45: 0.011769648071173786, 46: 0.017040958423599057, 47: 0.010363512299903791, 48: 0.005105421994144081, 49: 0.021864171415711217, 50: 0.006681237607565707, 51: 0.010453095490884814, 52: 0.007143435774825684, 53: 0.010158997455297157, 54: 0.010491684977986346, 55: 0.008355243682357521, 56: 0.010119823546495585, 57: 0.011645829735129938, 58: 0.013892507772009618, 59: 0.0076661235573698, 60: 0.008218860621037686, 61: 0.014972624461431683, 62: 0.008163552672841051, 63: 0.010220555057447693, 64: 0.00884314724081015, 65: 0.007363555944117177, 66: 0.005052637095468771, 67: 0.01530977577548771, 68: 0.01455968157725149, 69: 0.006538278884064942, 70: 0.007995054607493435, 71: 0.004907832872494188, 72: 0.008072876790082423, 73: 0.009632749318583588, 74: 0.01274878397994436}","[57, 54, 52, 49, 49, 48, 48, 47, 46, 45, 45, 44, 44, 44, 44, 44, 43, 43, 43, 43, 43, 42, 42, 42, 41, 41, 41, 40, 40, 40, 40, 40, 39, 39, 39, 39, 39, 39, 39, 38, 38, 38, 38, 38, 38, 38, 38, 37, 37, 36, 36, 36, 36, 36, 35, 35, 35, 35, 34, 34, 34, 33, 33, 33, 32, 32, 32, 31, 31, 31, 31, 30, 29, 29, 28]","dict_values([27, 22, 25, 20, 23, 22, 29, 18, 25, 22, 21, 20, 24, 26, 17, 25, 19, 19, 20, 9, 11, 19, 24, 24, 20, 23, 22, 13, 28, 23, 14, 25, 16, 23, 36, 19, 21, 18, 23, 13, 26, 19, 17, 23, 11, 22, 18, 29, 27, 22, 25, 25, 24, 21, 23, 19, 19, 21, 17, 25, 19, 17, 22, 19, 11, 23, 26, 27, 23, 24, 22, 18, 26, 25, 25])",0.10529016972243989
36,39.2,0.26709542990136464,"{0: 0.016816944025191898, 1: 0.007296060751663986, 2: 0.007742000966754644, 3: 0.012912347353242587, 4: 0.014372474154616193, 5: 0.00936315087557969, 6: 0.012509548107648528, 7: 0.018944738432728016, 8: 0.01083436296011114, 9: 0.008161290632317065, 10: 0.013821070359729995, 11: 0.007801852371836433, 12: 0.0071745044928235085, 13: 0.009139547762719342, 14: 0.014089674456743492, 15: 0.010680400380221208, 16: 0.0051828447376392585, 17: 0.008828149093428848, 18: 0.006717389422868875, 19: 0.0074395656768642595, 20: 0.015013484767156991, 21: 0.005155464573272793, 22: 0.012000978680840385, 23: 0.006140404599308708, 24: 0.009168565517437747, 25: 0.008106684624692937, 26: 0.014483008669535268, 27: 0.014487610892621183, 28: 0.008186250233161592, 29: 0.010548296653882764, 30: 0.006699894799416173, 31: 0.008379019845020836, 32: 0.00577799043513989, 33: 0.009612112557318036, 34: 0.012805468538276635, 35: 0.009911047739566133, 36: 0.01203678778913734, 37: 0.0063058855867075035, 38: 0.007811571309888264, 39: 0.01152212611116721, 40: 0.013962978809075526, 41: 0.00861252598181018, 42: 0.006060964108909315, 43: 0.010362626258424318, 44: 0.009582162146505844, 45: 0.011809902694373842, 46: 0.016837419284781916, 47: 0.0103248646640765, 48: 0.005102936061840172, 49: 0.02192542700625648, 50: 0.006630960953043805, 51: 0.011163846638074638, 52: 0.007369743445209695, 53: 0.010200882001461275, 54: 0.00954281123782432, 55: 0.008243219570937972, 56: 0.010087493649137486, 57: 0.011256760421917226, 58: 0.014436389524494624, 59: 0.007202151541774306, 60: 0.00816277384098267, 61: 0.015084145056916236, 62: 0.008401850671231895, 63: 0.010487910933792255, 64: 0.008465218788310446, 65: 0.007366423336985047, 66: 0.005189053342391178, 67: 0.015196782132980638, 68: 0.014514714827867837, 69: 0.006456969194628601, 70: 0.007913924372911005, 71: 0.004804653407782407, 72: 0.007968645973637847, 73: 0.009313037018516473, 74: 0.012548900296142682}","[57, 55, 52, 49, 49, 48, 48, 47, 47, 46, 45, 45, 45, 44, 44, 44, 44, 44, 43, 43, 42, 42, 42, 41, 41, 41, 41, 40, 40, 40, 40, 40, 40, 39, 39, 39, 39, 39, 39, 39, 38, 38, 38, 38, 38, 37, 37, 37, 36, 36, 36, 36, 36, 36, 35, 35, 35, 35, 35, 35, 34, 34, 33, 33, 32, 32, 32, 31, 31, 31, 31, 30, 30, 29, 28]","dict_values([27, 22, 25, 20, 23, 22, 29, 18, 25, 22, 21, 20, 24, 26, 17, 25, 19, 19, 20, 9, 11, 19, 24, 24, 20, 23, 22, 13, 28, 23, 14, 25, 16, 23, 36, 19, 21, 18, 23, 13, 26, 19, 17, 23, 11, 22, 18, 29, 27, 22, 25, 25, 24, 21, 23, 19, 19, 21, 17, 25, 19, 17, 22, 19, 11, 23, 26, 27, 23, 24, 22, 18, 26, 25, 25])",0.10742746078023045
36,39.013333333333335,0.26548432203169764,"{0: 0.01712408814704409, 1: 0.0073937545137413106, 2: 0.0075352941673206214, 3: 0.013047311197249662, 4: 0.014507459718701479, 5: 0.009535982269818893, 6: 0.0126065835929439, 7: 0.018661213267377647, 8: 0.010675622549375504, 9: 0.008243912619136708, 10: 0.013196109768142202, 11: 0.007345643528921753, 12: 0.00716013624610696, 13: 0.009204334588132416, 14: 0.01453150366645495, 15: 0.010615062300459091, 16: 0.005199887220435165, 17: 0.008882756320937052, 18: 0.006749947125066591, 19: 0.007591502481867332, 20: 0.015191041794029086, 21: 0.005170915186047394, 22: 0.012361313211251012, 23: 0.006302618973851849, 24: 0.00913944888614232, 25: 0.00818494619864483, 26: 0.014670574896285716, 27: 0.014055069678826424, 28: 0.008581604931043783, 29: 0.01073055737359656, 30: 0.006677040461702929, 31: 0.0077620198171289715, 32: 0.005369349896814225, 33: 0.009598777046505958, 34: 0.01291369657838417, 35: 0.010480351730862066, 36: 0.012125557937464542, 37: 0.006277456962388468, 38: 0.008004670113342726, 39: 0.011887426991969171, 40: 0.013983107118090674, 41: 0.008783606043880017, 42: 0.0062179505672656345, 43: 0.010518764473049277, 44: 0.009287665738421526, 45: 0.011876643798798272, 46: 0.01706491493161606, 47: 0.009797854126946672, 48: 0.004773848348109343, 49: 0.022177743780198687, 50: 0.006724841526376434, 51: 0.011239021843651036, 52: 0.00753018437500392, 53: 0.01065271977874168, 54: 0.009545306291881633, 55: 0.00836705706626393, 56: 0.010176888601546136, 57: 0.01127810942396398, 58: 0.013338549143522178, 59: 0.007418525331000335, 60: 0.00832462424678441, 61: 0.015110255614963203, 62: 0.008549879016332007, 63: 0.010272499856284567, 64: 0.008564856733590925, 65: 0.007294082924940893, 66: 0.004828978283376265, 67: 0.014738233441957998, 68: 0.01471126080735286, 69: 0.006640747229138382, 70: 0.008019059544946463, 71: 0.004606530483325335, 72: 0.008058703167512254, 73: 0.009378212179137719, 74: 0.012908803327580095}","[57, 55, 51, 49, 49, 47, 47, 47, 47, 45, 45, 44, 44, 44, 44, 44, 44, 44, 43, 43, 43, 42, 42, 41, 41, 41, 40, 40, 40, 40, 40, 40, 39, 39, 39, 39, 39, 39, 39, 38, 38, 38, 38, 38, 38, 37, 37, 37, 37, 36, 36, 36, 36, 35, 35, 35, 35, 35, 34, 34, 34, 34, 33, 33, 32, 32, 32, 31, 31, 30, 30, 30, 29, 29, 27]","dict_values([27, 22, 25, 20, 23, 22, 29, 18, 25, 22, 21, 20, 24, 26, 17, 25, 19, 19, 20, 9, 11, 19, 24, 24, 20, 23, 22, 13, 28, 23, 14, 25, 16, 23, 36, 19, 21, 18, 23, 13, 26, 19, 17, 23, 11, 22, 18, 29, 27, 22, 25, 25, 24, 21, 23, 19, 19, 21, 17, 25, 19, 17, 22, 19, 11, 23, 26, 27, 23, 24, 22, 18, 26, 25, 25])",0.09861196831013717
36,39.306666666666665,0.2671151968377377,"{0: 0.016554255157337418, 1: 0.007225219912381428, 2: 0.0074840927653823126, 3: 0.011957091718426018, 4: 0.014221859362287469, 5: 0.009811483237918514, 6: 0.012407229440533745, 7: 0.01782202250198584, 8: 0.011160362812424579, 9: 0.00806909560000796, 10: 0.012520112899240482, 11: 0.007287864032698025, 12: 0.007118080292563693, 13: 0.008927244639457316, 14: 0.014238075075078417, 15: 0.010207109667342966, 16: 0.005206176186037155, 17: 0.00917240671068944, 18: 0.006727614599156064, 19: 0.008252466783916756, 20: 0.014567682423093168, 21: 0.005709589868557693, 22: 0.011678175777830948, 23: 0.006216115894607001, 24: 0.009858163219768306, 25: 0.008097063844865932, 26: 0.0146483874670355, 27: 0.013869573571095188, 28: 0.00841101321125754, 29: 0.01071093944929023, 30: 0.006481083619713085, 31: 0.0076811154253685395, 32: 0.005242412783575743, 33: 0.009743437807605077, 34: 0.012803578690379114, 35: 0.00934403850646273, 36: 0.011730438560856524, 37: 0.006475947505389337, 38: 0.008910828305846196, 39: 0.011639142325876286, 40: 0.013638355777991265, 41: 0.008826959415421696, 42: 0.006174472620495928, 43: 0.011892496691700737, 44: 0.009450888168821732, 45: 0.011594364309984239, 46: 0.01777387539744452, 47: 0.0097697915155752, 48: 0.005417268854543549, 49: 0.021825490287289393, 50: 0.007370280979912815, 51: 0.010887411274233837, 52: 0.0077206450927702125, 53: 0.010665235422265159, 54: 0.009377766398314346, 55: 0.008745904376530021, 56: 0.010495253132239434, 57: 0.010396530771765358, 58: 0.013413790499497383, 59: 0.006328846981009925, 60: 0.00877482462532956, 61: 0.01580012981635416, 62: 0.0087250092293071, 63: 0.009886083004316506, 64: 0.008778721433134143, 65: 0.007763424907402689, 66: 0.004808755221910449, 67: 0.01583971319463431, 68: 0.014346385366518472, 69: 0.0065647014671051575, 70: 0.008091678047232386, 71: 0.004547807779695121, 72: 0.0078868623179667, 73: 0.009784800941890864, 74: 0.012648289912394318}","[57, 54, 50, 50, 49, 49, 47, 47, 47, 47, 45, 44, 44, 44, 44, 43, 43, 43, 43, 43, 42, 42, 42, 42, 41, 41, 41, 41, 41, 40, 40, 40, 40, 40, 39, 39, 39, 39, 39, 39, 39, 39, 38, 38, 38, 38, 38, 38, 38, 37, 37, 37, 36, 35, 35, 35, 35, 35, 35, 35, 34, 34, 33, 33, 33, 32, 32, 32, 32, 31, 31, 30, 29, 29, 27]","dict_values([27, 22, 25, 20, 23, 22, 29, 18, 25, 22, 21, 20, 24, 26, 17, 25, 19, 19, 20, 9, 11, 19, 24, 24, 20, 23, 22, 13, 28, 23, 14, 25, 16, 23, 36, 19, 21, 18, 23, 13, 26, 19, 17, 23, 11, 22, 18, 29, 27, 22, 25, 25, 24, 21, 23, 19, 19, 21, 17, 25, 19, 17, 22, 19, 11, 23, 26, 27, 23, 24, 22, 18, 26, 25, 25])",0.10875528610800687
36,39.413333333333334,0.2682384844634766,"{0: 0.01617162658194782, 1: 0.007190538485864837, 2: 0.007235836352742339, 3: 0.011903799376000756, 4: 0.015202540020655617, 5: 0.009628359263559318, 6: 0.01158512936528456, 7: 0.017755354627098794, 8: 0.00958294106840099, 9: 0.008582374634219103, 10: 0.012663026178524672, 11: 0.007310193489766592, 12: 0.0071028686335164164, 13: 0.008935111428146023, 14: 0.014983735862762174, 15: 0.010176058425912803, 16: 0.0052106505575832554, 17: 0.009094168818347828, 18: 0.006406089729496521, 19: 0.008173568066151788, 20: 0.015378258984397089, 21: 0.005350117507651755, 22: 0.011637864294244932, 23: 0.006156839688703894, 24: 0.009821128045362035, 25: 0.007941209712344886, 26: 0.015275924966076286, 27: 0.013943578437241545, 28: 0.008821512664371079, 29: 0.010030734232017812, 30: 0.006469383553120637, 31: 0.007437262361450694, 32: 0.005246101654594961, 33: 0.009450104048682167, 34: 0.01339114011577207, 35: 0.009304928794198962, 36: 0.01224390947584786, 37: 0.006409213623329169, 38: 0.008836058991580619, 39: 0.011596031573923027, 40: 0.013328462273652456, 41: 0.008728811543301221, 42: 0.006238963028718836, 43: 0.011748365992883529, 44: 0.010082866004967926, 45: 0.012037182860146945, 46: 0.018174438522917225, 47: 0.00966673264704123, 48: 0.005199565150579543, 49: 0.021766978639994203, 50: 0.007366602684631622, 51: 0.010210573819107954, 52: 0.007894805795998733, 53: 0.009853267632343102, 54: 0.009413610252458952, 55: 0.008729598139508318, 56: 0.010865263947455727, 57: 0.01035875990237895, 58: 0.013387361181910423, 59: 0.006594984068261227, 60: 0.008740802669310096, 61: 0.015957569676905023, 62: 0.008836112505301301, 63: 0.0093590545333393, 64: 0.008147303755369173, 65: 0.007721385908004495, 66: 0.004499496317548746, 67: 0.01577264680205555, 68: 0.01377888389132596, 69: 0.006519482784347738, 70: 0.007866609330190595, 71: 0.004151463197893589, 72: 0.009957680750046057, 73: 0.009799072147346814, 74: 0.012700675097365447}","[57, 54, 51, 50, 50, 49, 48, 47, 47, 47, 46, 45, 44, 44, 44, 44, 44, 43, 43, 42, 42, 42, 41, 41, 41, 41, 41, 41, 41, 41, 40, 40, 40, 40, 40, 39, 39, 39, 39, 39, 39, 38, 38, 38, 38, 38, 38, 38, 38, 38, 37, 37, 37, 36, 36, 35, 35, 35, 35, 35, 35, 34, 34, 33, 33, 32, 32, 32, 32, 31, 30, 30, 29, 28, 26]","dict_values([27, 22, 25, 20, 23, 22, 29, 18, 25, 22, 21, 20, 24, 26, 17, 25, 19, 19, 20, 9, 11, 19, 24, 24, 20, 23, 22, 13, 28, 23, 14, 25, 16, 23, 36, 19, 21, 18, 23, 13, 26, 19, 17, 23, 11, 22, 18, 29, 27, 22, 25, 25, 24, 21, 23, 19, 19, 21, 17, 25, 19, 17, 22, 19, 11, 23, 26, 27, 23, 24, 22, 18, 26, 25, 25])",0.1029304861010655
36,39.413333333333334,0.2688196799509254,"{0: 0.015856683449572435, 1: 0.007327040888684726, 2: 0.007223211190589876, 3: 0.012547400865835974, 4: 0.01502171296365079, 5: 0.010039041513521418, 6: 0.012285663908507506, 7: 0.01751305715346812, 8: 0.009926070968657767, 9: 0.008224419250075159, 10: 0.012666961769585403, 11: 0.007392325249980544, 12: 0.007492942482494375, 13: 0.008906535885871852, 14: 0.01436476232028873, 15: 0.00932606656719969, 16: 0.005153905871232788, 17: 0.00954343999686961, 18: 0.0061775845189395735, 19: 0.008284671680662138, 20: 0.014190479934648764, 21: 0.005713018213018213, 22: 0.01220812740625666, 23: 0.006162468352398008, 24: 0.009780772636494184, 25: 0.007951103744380475, 26: 0.015398200408328943, 27: 0.014706803024852106, 28: 0.008196313548497926, 29: 0.010064483506071932, 30: 0.0066837833276189446, 31: 0.007140012276998578, 32: 0.004927268694007189, 33: 0.009329547308999361, 34: 0.013290432445645461, 35: 0.008916261614336403, 36: 0.012160503427626715, 37: 0.006205046264283583, 38: 0.008801807947328334, 39: 0.01161123852904675, 40: 0.013455884996980888, 41: 0.008853442928785394, 42: 0.006090511805987557, 43: 0.011671101391408893, 44: 0.010781767118448655, 45: 0.011930976767420182, 46: 0.018074669347616534, 47: 0.009733568387447262, 48: 0.0050791954559077845, 49: 0.02252850627581581, 50: 0.007338790173851263, 51: 0.010040721500695524, 52: 0.007997409378842182, 53: 0.009998259738089536, 54: 0.009019202323804447, 55: 0.008730332729284005, 56: 0.010857038596764625, 57: 0.010539050246213004, 58: 0.013387147483066592, 59: 0.006593954265020746, 60: 0.009048183066191378, 61: 0.01600234945531527, 62: 0.008798225705585819, 63: 0.009338817207959708, 64: 0.008329426822629509, 65: 0.00840282436711558, 66: 0.005037419263168986, 67: 0.015916561796331018, 68: 0.01353217172203706, 69: 0.006579683861822554, 70: 0.007515597810858826, 71: 0.0039274256335977125, 72: 0.009387965469595626, 73: 0.009894451469793933, 74: 0.01196690147552084}","[58, 54, 51, 50, 50, 49, 48, 48, 47, 47, 45, 45, 44, 44, 44, 44, 44, 43, 43, 42, 42, 42, 42, 41, 41, 41, 41, 41, 41, 40, 40, 40, 40, 40, 40, 39, 39, 39, 39, 39, 39, 39, 38, 38, 38, 38, 38, 38, 37, 37, 37, 37, 37, 36, 36, 35, 35, 35, 35, 35, 35, 34, 34, 33, 33, 32, 32, 32, 32, 31, 31, 29, 29, 29, 25]","dict_values([27, 22, 25, 20, 23, 22, 29, 18, 25, 22, 21, 20, 24, 26, 17, 25, 19, 19, 20, 9, 11, 19, 24, 24, 20, 23, 22, 13, 28, 23, 14, 25, 16, 23, 36, 19, 21, 18, 23, 13, 26, 19, 17, 23, 11, 22, 18, 29, 27, 22, 25, 25, 24, 21, 23, 19, 19, 21, 17, 25, 19, 17, 22, 19, 11, 23, 26, 27, 23, 24, 22, 18, 26, 25, 25])",0.1071749667198295
36,39.38666666666666,0.26863326731802084,"{0: 0.01594641912136201, 1: 0.0072827228246245155, 2: 0.007233066964818443, 3: 0.012584481013993636, 4: 0.01501596129872732, 5: 0.00997707771637164, 6: 0.012550430749870974, 7: 0.01736890177170678, 8: 0.009875959851732962, 9: 0.008238555283550436, 10: 0.012625904145564248, 11: 0.0067858692506099745, 12: 0.007485578258819227, 13: 0.008838138899666647, 14: 0.013890710990804385, 15: 0.009160042550581794, 16: 0.005183646108303643, 17: 0.009722645757495157, 18: 0.006099087263470825, 19: 0.008437054743271916, 20: 0.0146189019347856, 21: 0.00556712200547817, 22: 0.012271790436194703, 23: 0.005687629624392925, 24: 0.009531369724666701, 25: 0.008054079527410917, 26: 0.01538902982458278, 27: 0.01430550312829061, 28: 0.008304486817650909, 29: 0.010819934136854016, 30: 0.007206074363008544, 31: 0.007177402951394293, 32: 0.005455840748029614, 33: 0.009414843147719862, 34: 0.012333878927394794, 35: 0.00895396340020167, 36: 0.012184384795636511, 37: 0.006210885149241314, 38: 0.008873477806013217, 39: 0.01227709207161262, 40: 0.013180977072624844, 41: 0.0081323380016222, 42: 0.005922369620999759, 43: 0.011576570353166098, 44: 0.01134506299676518, 45: 0.012088492629654776, 46: 0.018048813661345052, 47: 0.00928199799498109, 48: 0.005235948900332463, 49: 0.022683070387901103, 50: 0.007419384020915043, 51: 0.009796000407214709, 52: 0.0079630878029347, 53: 0.010028487569318513, 54: 0.00966517119665907, 55: 0.008776945993945535, 56: 0.010813904510145352, 57: 0.010499825796869502, 58: 0.013447821016030115, 59: 0.006462873139163587, 60: 0.00903893279574752, 61: 0.015983359716639087, 62: 0.00876565596902682, 63: 0.00945117288854948, 64: 0.008360392253143466, 65: 0.008904207481594274, 66: 0.00584535736836528, 67: 0.015799321811205684, 68: 0.013684150669810843, 69: 0.006588306476488759, 70: 0.007078026044585273, 71: 0.0037721477012028553, 72: 0.00931934287227995, 73: 0.009995669927176777, 74: 0.011380691634663405}","[58, 54, 51, 50, 50, 49, 48, 47, 47, 47, 45, 44, 44, 44, 44, 44, 44, 43, 43, 42, 42, 42, 42, 41, 41, 41, 41, 41, 41, 40, 40, 40, 40, 40, 40, 40, 40, 39, 39, 39, 39, 38, 38, 38, 38, 38, 38, 38, 38, 37, 37, 37, 36, 36, 36, 35, 35, 35, 35, 35, 34, 34, 33, 33, 32, 32, 32, 32, 31, 31, 31, 31, 30, 29, 25]","dict_values([27, 22, 25, 20, 23, 22, 29, 18, 25, 22, 21, 20, 24, 26, 17, 25, 19, 19, 20, 9, 11, 19, 24, 24, 20, 23, 22, 13, 28, 23, 14, 25, 16, 23, 36, 19, 21, 18, 23, 13, 26, 19, 17, 23, 11, 22, 18, 29, 27, 22, 25, 25, 24, 21, 23, 19, 19, 21, 17, 25, 19, 17, 22, 19, 11, 23, 26, 27, 23, 24, 22, 18, 26, 25, 25])",0.10116665879756814
36,39.38666666666666,0.268590899673422,"{0: 0.016054653566170286, 1: 0.0073705356301965, 2: 0.007319323462695688, 3: 0.012568142496335264, 4: 0.014728051362913852, 5: 0.00966790238557033, 6: 0.011920861165807635, 7: 0.01742692940930436, 8: 0.00980668310797576, 9: 0.008391328798953488, 10: 0.013231237305548637, 11: 0.007152558697073677, 12: 0.007583150901306974, 13: 0.008810839124369972, 14: 0.013872917941527148, 15: 0.00922248281361914, 16: 0.005171383433526851, 17: 0.009496119673778003, 18: 0.006113864593410474, 19: 0.009331725697179482, 20: 0.014601764858703112, 21: 0.005609434376557664, 22: 0.012227263736055606, 23: 0.005428475256100147, 24: 0.009570532509471093, 25: 0.007578323151132309, 26: 0.016127823200872592, 27: 0.014441421814522676, 28: 0.008319146319085272, 29: 0.009799369207794804, 30: 0.0072640500069588, 31: 0.006870314734214897, 32: 0.005548125396668711, 33: 0.009551138036088836, 34: 0.012592277975142532, 35: 0.009404079755030548, 36: 0.011176227125653321, 37: 0.0061346122262804555, 38: 0.00890124130128673, 39: 0.012291267585016379, 40: 0.013216094208234136, 41: 0.008189377141612508, 42: 0.005888434592225172, 43: 0.011318644573007495, 44: 0.010822595037369199, 45: 0.012097722332268242, 46: 0.01802030147570734, 47: 0.009235651837091088, 48: 0.0052568168934173185, 49: 0.02268191730422252, 50: 0.0072888256194714495, 51: 0.00967928680767131, 52: 0.00878560510095184, 53: 0.01001997394768923, 54: 0.009684785280377898, 55: 0.008879662028605607, 56: 0.010107484117311398, 57: 0.010033871906500501, 58: 0.01296858930504904, 59: 0.006414515827305435, 60: 0.009191652032104702, 61: 0.016268570219044754, 62: 0.008737192047942797, 63: 0.0095136422375245, 64: 0.008403638211250791, 65: 0.008819652065250351, 66: 0.006453909551969573, 67: 0.0159358887910432, 68: 0.013670296763039195, 69: 0.006593635839849933, 70: 0.007059625721172676, 71: 0.004104193264753952, 72: 0.010201181073502652, 73: 0.009998948212183428, 74: 0.01124117888582606}","[58, 54, 51, 50, 50, 49, 49, 47, 47, 47, 46, 44, 44, 44, 44, 44, 44, 43, 42, 42, 42, 42, 42, 41, 41, 41, 41, 41, 40, 40, 40, 40, 40, 40, 40, 39, 39, 39, 39, 39, 39, 38, 38, 38, 38, 38, 38, 38, 38, 37, 37, 37, 36, 36, 36, 36, 35, 35, 35, 34, 34, 34, 34, 33, 32, 32, 32, 32, 32, 31, 31, 30, 30, 29, 26]","dict_values([27, 22, 25, 20, 23, 22, 29, 18, 25, 22, 21, 20, 24, 26, 17, 25, 19, 19, 20, 9, 11, 19, 24, 24, 20, 23, 22, 13, 28, 23, 14, 25, 16, 23, 36, 19, 21, 18, 23, 13, 26, 19, 17, 23, 11, 22, 18, 29, 27, 22, 25, 25, 24, 21, 23, 19, 19, 21, 17, 25, 19, 17, 22, 19, 11, 23, 26, 27, 23, 24, 22, 18, 26, 25, 25])",0.09408905405337267
36,39.22666666666667,0.268038983796567,"{0: 0.015490719334782908, 1: 0.007259692622781093, 2: 0.006811376969632082, 3: 0.012752544626077195, 4: 0.015026701291489279, 5: 0.009591620800557307, 6: 0.010714347468839886, 7: 0.01772074231011616, 8: 0.009808757360296468, 9: 0.007606018938301164, 10: 0.013538006315058925, 11: 0.00777755752975915, 12: 0.0076420412416804044, 13: 0.008674239993557256, 14: 0.013217218802170128, 15: 0.009433535676924202, 16: 0.00489786951941584, 17: 0.00977491131080465, 18: 0.006349874158093336, 19: 0.010461144392807866, 20: 0.015099483520955328, 21: 0.005116230801162309, 22: 0.011623629453107468, 23: 0.00549644980992544, 24: 0.009107812766454698, 25: 0.007678423864072601, 26: 0.01621503979950445, 27: 0.014423477379732345, 28: 0.008859485053287503, 29: 0.009951496996805012, 30: 0.007208656928960814, 31: 0.007328805605091225, 32: 0.006078399804766551, 33: 0.01037052080701953, 34: 0.01283217824431877, 35: 0.009971463601038942, 36: 0.011666060076626667, 37: 0.005862438255441301, 38: 0.009329594639031423, 39: 0.011887766168588087, 40: 0.013103794055094386, 41: 0.00863021656429807, 42: 0.005656234423357711, 43: 0.011608073559228039, 44: 0.010953434741909605, 45: 0.01234408187280522, 46: 0.018318494515637933, 47: 0.009865498706730856, 48: 0.005019325053571628, 49: 0.021748294183040758, 50: 0.007947716681978492, 51: 0.00982083840160618, 52: 0.008169388355215334, 53: 0.010474447406998216, 54: 0.009419045529271718, 55: 0.009030737450194788, 56: 0.009582728708906262, 57: 0.00969258674569668, 58: 0.01250621547029234, 59: 0.006563034889978532, 60: 0.008893129438801469, 61: 0.01831771668316254, 62: 0.008847380106966366, 63: 0.008753194527758568, 64: 0.008201595243473712, 65: 0.009230137231559675, 66: 0.006287238558944209, 67: 0.015340241422337907, 68: 0.013742557605610451, 69: 0.0068868903447762584, 70: 0.0067039434384713464, 71: 0.0036903004169649596, 72: 0.010236778721222651, 73: 0.01055037323615825, 74: 0.010149874849172682}","[57, 53, 51, 51, 50, 50, 49, 47, 47, 46, 46, 44, 44, 44, 44, 43, 43, 43, 43, 42, 42, 42, 41, 41, 41, 41, 41, 40, 40, 40, 40, 40, 40, 40, 39, 39, 39, 39, 39, 39, 38, 38, 38, 38, 38, 38, 38, 37, 37, 37, 37, 37, 36, 36, 35, 35, 35, 35, 35, 35, 35, 35, 33, 33, 32, 32, 32, 31, 31, 31, 31, 30, 30, 28, 25]","dict_values([27, 22, 25, 20, 23, 22, 29, 18, 25, 22, 21, 20, 24, 26, 17, 25, 19, 19, 20, 9, 11, 19, 24, 24, 20, 23, 22, 13, 28, 23, 14, 25, 16, 23, 36, 19, 21, 18, 23, 13, 26, 19, 17, 23, 11, 22, 18, 29, 27, 22, 25, 25, 24, 21, 23, 19, 19, 21, 17, 25, 19, 17, 22, 19, 11, 23, 26, 27, 23, 24, 22, 18, 26, 25, 25])",0.10334215868910887
36,39.36,0.2692860443339497,"{0: 0.015450058454401271, 1: 0.008177449289910625, 2: 0.006736285972744893, 3: 0.012671815738500616, 4: 0.01481834270875848, 5: 0.009453681012847104, 6: 0.01114196937495656, 7: 0.017710203913726418, 8: 0.010159465346165738, 9: 0.007595363312800046, 10: 0.013489180426069931, 11: 0.007686848928066878, 12: 0.006829400692743276, 13: 0.0086595963373695, 14: 0.012994848523879214, 15: 0.00875314061902661, 16: 0.005059073038525094, 17: 0.010341154921574839, 18: 0.006013652417762008, 19: 0.010282515309089916, 20: 0.014924858907246387, 21: 0.005120333202524983, 22: 0.013064174723030585, 23: 0.0056479698113749005, 24: 0.009002610949046936, 25: 0.006267927329571166, 26: 0.016048506802051832, 27: 0.014137456188936522, 28: 0.00823841050113066, 29: 0.009805469662407359, 30: 0.007005744776403196, 31: 0.007660987833805561, 32: 0.0060415898794157746, 33: 0.01002860163819068, 34: 0.012784559268100374, 35: 0.009285395073066307, 36: 0.012709167228750479, 37: 0.005784761941910312, 38: 0.009192030435954431, 39: 0.01202337811926853, 40: 0.013232328523734493, 41: 0.008500431188787355, 42: 0.005629194841523609, 43: 0.011394445403504174, 44: 0.010592887002124915, 45: 0.01206130705440125, 46: 0.0181957496374989, 47: 0.010441632815522982, 48: 0.005119302722042449, 49: 0.022338254227786226, 50: 0.007923886348543881, 51: 0.010525012676358176, 52: 0.00829066161523233, 53: 0.010393783792670882, 54: 0.01000230747879255, 55: 0.009063648516062499, 56: 0.009529186405512858, 57: 0.009102392719935567, 58: 0.012600605155204943, 59: 0.006535424942297906, 60: 0.008271411193417384, 61: 0.018247985224896412, 62: 0.00920567637477817, 63: 0.008754720027696344, 64: 0.008228144286473936, 65: 0.009221151874709097, 66: 0.006648592503792196, 67: 0.01518532673528795, 68: 0.013369624881408027, 69: 0.006804680039730318, 70: 0.0070644314542635984, 71: 0.0037210403814469215, 72: 0.010792936640394268, 73: 0.010387130749372694, 74: 0.0098430142165544}","[58, 53, 51, 51, 50, 50, 49, 47, 46, 46, 46, 45, 45, 45, 44, 44, 43, 43, 43, 42, 42, 42, 42, 42, 41, 41, 41, 41, 41, 41, 41, 40, 40, 40, 40, 39, 39, 39, 39, 39, 38, 38, 38, 38, 38, 37, 37, 37, 37, 37, 37, 36, 36, 36, 36, 36, 35, 35, 35, 35, 35, 35, 33, 33, 33, 32, 31, 31, 31, 31, 31, 30, 30, 28, 25]","dict_values([27, 22, 25, 20, 23, 22, 29, 18, 25, 22, 21, 20, 24, 26, 17, 25, 19, 19, 20, 9, 11, 19, 24, 24, 20, 23, 22, 13, 28, 23, 14, 25, 16, 23, 36, 19, 21, 18, 23, 13, 26, 19, 17, 23, 11, 22, 18, 29, 27, 22, 25, 25, 24, 21, 23, 19, 19, 21, 17, 25, 19, 17, 22, 19, 11, 23, 26, 27, 23, 24, 22, 18, 26, 25, 25])",0.09694864902578566
36,39.38666666666666,0.2687056161342196,"{0: 0.01563105651273288, 1: 0.008108449488024217, 2: 0.006647657421424029, 3: 0.01250256735631131, 4: 0.014853495074327552, 5: 0.009651254077058032, 6: 0.011238985404225129, 7: 0.017629756316155532, 8: 0.010636386824878172, 9: 0.007539472045153133, 10: 0.013454220070342998, 11: 0.007202194917597941, 12: 0.0074001146903001315, 13: 0.008651256941181238, 14: 0.01373959278815934, 15: 0.008771426951183135, 16: 0.004904388979731446, 17: 0.010213344815904298, 18: 0.005997498120785793, 19: 0.011294175085358602, 20: 0.014327730912858116, 21: 0.005188209297798338, 22: 0.012711733839843068, 23: 0.0055986534208195, 24: 0.009019925517505084, 25: 0.006328566431306158, 26: 0.016070156370393267, 27: 0.014182170517786955, 28: 0.008367819365013558, 29: 0.009768381172490763, 30: 0.007694019851554098, 31: 0.007574206351114376, 32: 0.0065595874786224416, 33: 0.00948908468172167, 34: 0.012981005290860126, 35: 0.009640945771082756, 36: 0.012741468071091357, 37: 0.005768425032123662, 38: 0.00884454257741929, 39: 0.011898479877931935, 40: 0.013162145491524162, 41: 0.008368492202319644, 42: 0.005659125537473524, 43: 0.011698851593875619, 44: 0.010561364278920156, 45: 0.010644172009754203, 46: 0.018017139036065933, 47: 0.010529749509047072, 48: 0.005080396176286587, 49: 0.022377695363938802, 50: 0.007930410343004903, 51: 0.01039540328022664, 52: 0.007998995599946327, 53: 0.010518222853312007, 54: 0.009928225648060915, 55: 0.009088000724189374, 56: 0.008701312997469204, 57: 0.008993293027189202, 58: 0.012497306344188101, 59: 0.006381751766131239, 60: 0.009004501884600537, 61: 0.017481910803828615, 62: 0.009310929875496834, 63: 0.00882105386792769, 64: 0.008240783754482384, 65: 0.009247740435125428, 66: 0.006559270001050822, 67: 0.015537263584942647, 68: 0.013499517902005286, 69: 0.006773763915977328, 70: 0.006935609854235901, 71: 0.0038479646433030204, 72: 0.01131782901273924, 73: 0.010405933179905784, 74: 0.009677758054149093}","[58, 53, 51, 50, 50, 50, 49, 47, 47, 46, 46, 45, 45, 45, 45, 44, 43, 43, 43, 42, 42, 42, 42, 42, 42, 42, 41, 41, 41, 41, 40, 40, 40, 40, 40, 39, 39, 39, 38, 38, 38, 38, 38, 38, 38, 38, 37, 37, 37, 37, 37, 37, 36, 36, 36, 36, 35, 35, 35, 35, 34, 34, 33, 33, 33, 32, 32, 32, 31, 31, 31, 30, 30, 28, 25]","dict_values([27, 22, 25, 20, 23, 22, 29, 18, 25, 22, 21, 20, 24, 26, 17, 25, 19, 19, 20, 9, 11, 19, 24, 24, 20, 23, 22, 13, 28, 23, 14, 25, 16, 23, 36, 19, 21, 18, 23, 13, 26, 19, 17, 23, 11, 22, 18, 29, 27, 22, 25, 25, 24, 21, 23, 19, 19, 21, 17, 25, 19, 17, 22, 19, 11, 23, 26, 27, 23, 24, 22, 18, 26, 25, 25])",0.10331056795486104
36,39.57333333333333,0.270303235043926,"{0: 0.01544610929028488, 1: 0.007975370874294481, 2: 0.006635651212244983, 3: 0.012227939454144434, 4: 0.014778452353441654, 5: 0.00960221618734339, 6: 0.011244011427791542, 7: 0.017649485826149565, 8: 0.01037440745330976, 9: 0.00745972876424515, 10: 0.013333708907132914, 11: 0.007066072287097882, 12: 0.007175988718372076, 13: 0.008532198431711772, 14: 0.013736723675359809, 15: 0.008720769343159086, 16: 0.004612142968307353, 17: 0.0102583301079775, 18: 0.005984061036630507, 19: 0.013135093238704274, 20: 0.014015343759911958, 21: 0.005252505150494075, 22: 0.012613314984727553, 23: 0.005852318149284882, 24: 0.00875032905261961, 25: 0.006353388373936319, 26: 0.016846571229236093, 27: 0.014729378680177672, 28: 0.007532341029216023, 29: 0.009994102137383267, 30: 0.0075490284099164594, 31: 0.007635659725540745, 32: 0.007000724861406877, 33: 0.009374054600938164, 34: 0.012505944517691664, 35: 0.009678838165637823, 36: 0.013151240646952621, 37: 0.005670430756047193, 38: 0.00861468031773733, 39: 0.01075866096810357, 40: 0.013475940367199056, 41: 0.007501679436610945, 42: 0.006054992459102048, 43: 0.011568019184694352, 44: 0.010614215668845286, 45: 0.010728699769057585, 46: 0.017765588148041873, 47: 0.011064504997432743, 48: 0.0050444747362555584, 49: 0.02296557548771878, 50: 0.0083971682488753, 51: 0.010618001278618868, 52: 0.007847621517218394, 53: 0.010484887158592818, 54: 0.009930763393935312, 55: 0.008789710277754749, 56: 0.008552832867901362, 57: 0.008777788542389954, 58: 0.012465449805482247, 59: 0.006277684928977601, 60: 0.008881967826124163, 61: 0.018060758755903628, 62: 0.00907747306144426, 63: 0.008299115476080459, 64: 0.008206132648149653, 65: 0.009738826827867923, 66: 0.006479139355851685, 67: 0.015371906680421975, 68: 0.013193627527621762, 69: 0.006778144264004345, 70: 0.007283945027213805, 71: 0.00427761362929053, 72: 0.0111781721566971, 73: 0.009670565150017206, 74: 0.009470170162499885}","[59, 53, 51, 51, 50, 50, 50, 48, 47, 46, 46, 46, 46, 46, 45, 45, 43, 43, 43, 42, 42, 42, 42, 42, 42, 42, 42, 41, 41, 41, 40, 40, 40, 40, 40, 39, 39, 39, 39, 38, 38, 38, 38, 38, 38, 37, 37, 37, 37, 37, 37, 37, 37, 36, 36, 36, 35, 35, 35, 34, 34, 34, 34, 33, 33, 33, 32, 32, 32, 32, 31, 31, 30, 27, 26]","dict_values([27, 22, 25, 20, 23, 22, 29, 18, 25, 22, 21, 20, 24, 26, 17, 25, 19, 19, 20, 9, 11, 19, 24, 24, 20, 23, 22, 13, 28, 23, 14, 25, 16, 23, 36, 19, 21, 18, 23, 13, 26, 19, 17, 23, 11, 22, 18, 29, 27, 22, 25, 25, 24, 21, 23, 19, 19, 21, 17, 25, 19, 17, 22, 19, 11, 23, 26, 27, 23, 24, 22, 18, 26, 25, 25])",0.09696647437900045
36,39.626666666666665,0.2701453068485548,"{0: 0.015390611827789561, 1: 0.007925540872351228, 2: 0.0065890188507501226, 3: 0.012222072479286122, 4: 0.014224786449870614, 5: 0.009539706189403294, 6: 0.012000051843188204, 7: 0.017472488344844023, 8: 0.010869572247782325, 9: 0.007464375605949671, 10: 0.013035443732070696, 11: 0.006697212387316514, 12: 0.006790908001676166, 13: 0.008524639720515807, 14: 0.014080319476438102, 15: 0.008176667029254915, 16: 0.004628568618658972, 17: 0.010355388158099232, 18: 0.00655639698404707, 19: 0.012750633382182068, 20: 0.013116076045757851, 21: 0.005625095762810716, 22: 0.013233775169658348, 23: 0.005900700237660529, 24: 0.008724815033157049, 25: 0.006479767096205452, 26: 0.01683295914460298, 27: 0.014393373290016328, 28: 0.007245663123565778, 29: 0.009980357392715983, 30: 0.007480249787977127, 31: 0.007618758253412874, 32: 0.006999129328284989, 33: 0.009619825149248291, 34: 0.011808661693728172, 35: 0.009550324749498408, 36: 0.013244790952611595, 37: 0.006173282981386068, 38: 0.008144597541959064, 39: 0.011639944544097766, 40: 0.013402300482281306, 41: 0.007215539148638086, 42: 0.006096283285463101, 43: 0.011619921010391157, 44: 0.010652836596074723, 45: 0.01180293802428446, 46: 0.018340892469698573, 47: 0.01169175826377732, 48: 0.0056006564140125776, 49: 0.022679332927258735, 50: 0.008380969568337901, 51: 0.010746013754568608, 52: 0.007863912457586502, 53: 0.009259925635285812, 54: 0.009953233839440762, 55: 0.008475666417379112, 56: 0.00852806671039721, 57: 0.00884944834893476, 58: 0.012346432259154745, 59: 0.005843431768880695, 60: 0.008073740376820904, 61: 0.018094675818964623, 62: 0.009211821275963792, 63: 0.008215953603062607, 64: 0.008061093078216366, 65: 0.009665721157151213, 66: 0.006629535037797935, 67: 0.015450522463280372, 68: 0.013056915969332178, 69: 0.006825983936429142, 70: 0.007310134555669495, 71: 0.0042523175521268115, 72: 0.011364748303794477, 73: 0.009863897339305384, 74: 0.009446838075073455}","[59, 53, 52, 51, 50, 50, 49, 47, 47, 46, 46, 46, 46, 46, 46, 45, 43, 43, 43, 43, 43, 42, 42, 42, 42, 42, 41, 41, 41, 41, 41, 41, 41, 40, 40, 40, 39, 39, 38, 38, 38, 38, 38, 38, 38, 37, 37, 37, 37, 37, 37, 37, 36, 36, 36, 36, 35, 35, 35, 34, 34, 33, 33, 33, 33, 33, 33, 32, 32, 32, 32, 31, 31, 27, 26]","dict_values([27, 22, 25, 20, 23, 22, 29, 18, 25, 22, 21, 20, 24, 26, 17, 25, 19, 19, 20, 9, 11, 19, 24, 24, 20, 23, 22, 13, 28, 23, 14, 25, 16, 23, 36, 19, 21, 18, 23, 13, 26, 19, 17, 23, 11, 22, 18, 29, 27, 22, 25, 25, 24, 21, 23, 19, 19, 21, 17, 25, 19, 17, 22, 19, 11, 23, 26, 27, 23, 24, 22, 18, 26, 25, 25])",0.09649415178725076
36,39.76,0.2715772755047596,"{0: 0.015298430166087632, 1: 0.007839213285876067, 2: 0.007098204152998673, 3: 0.012730357850585192, 4: 0.01490896204639504, 5: 0.009512212527748625, 6: 0.012080863983022055, 7: 0.017279272259759674, 8: 0.010970794914346674, 9: 0.0074521899864365615, 10: 0.013213682805670184, 11: 0.007167822065082339, 12: 0.006937267279733033, 13: 0.00858278142597583, 14: 0.013848019822454356, 15: 0.008668377858268019, 16: 0.004321082694734691, 17: 0.010111770385742989, 18: 0.006482665625704811, 19: 0.01259017580611622, 20: 0.013176664716167743, 21: 0.005381069935864458, 22: 0.01320013888108823, 23: 0.005973555271500476, 24: 0.008491607341161339, 25: 0.006446857474254736, 26: 0.016765930927634322, 27: 0.01418574735558128, 28: 0.007641552606509598, 29: 0.009081071441695846, 30: 0.007661932603482159, 31: 0.0075888266984157375, 32: 0.00643666353910547, 33: 0.009452644346926659, 34: 0.01164261227560625, 35: 0.009605097570612803, 36: 0.01321997772602118, 37: 0.006036139597783433, 38: 0.008187202232265179, 39: 0.010837284485774033, 40: 0.013491516328723129, 41: 0.007643433962291438, 42: 0.006482106995805624, 43: 0.011510173667707915, 44: 0.010576973128342996, 45: 0.01102200844306074, 46: 0.018192006470436593, 47: 0.010729556607555826, 48: 0.005431644241947994, 49: 0.023280376020102043, 50: 0.007710598258543466, 51: 0.010124939799597332, 52: 0.007503909798294783, 53: 0.009180178495246988, 54: 0.009859644654165202, 55: 0.008589319440705232, 56: 0.00785078541927857, 57: 0.008834084090933407, 58: 0.012384312642983585, 59: 0.005839351642553298, 60: 0.008751948473993713, 61: 0.01850598029224241, 62: 0.010173402285262888, 63: 0.009473139301906424, 64: 0.00846706211432239, 65: 0.009594530345705692, 66: 0.0071632509489706645, 67: 0.015458955890317013, 68: 0.012995051147937874, 69: 0.006783823492429805, 70: 0.0072295202432188736, 71: 0.00430891663768376, 72: 0.011089660918428043, 73: 0.00956423329448053, 74: 0.00933642144540797}","[60, 53, 52, 52, 51, 50, 50, 47, 47, 47, 46, 46, 46, 46, 46, 45, 44, 43, 43, 42, 42, 42, 42, 42, 42, 41, 41, 41, 41, 41, 41, 41, 40, 40, 40, 40, 40, 39, 39, 39, 38, 38, 38, 38, 38, 38, 38, 37, 37, 37, 37, 37, 36, 36, 36, 36, 36, 35, 34, 34, 34, 34, 34, 33, 33, 33, 33, 33, 32, 32, 32, 31, 31, 27, 26]","dict_values([27, 22, 25, 20, 23, 22, 29, 18, 25, 22, 21, 20, 24, 26, 17, 25, 19, 19, 20, 9, 11, 19, 24, 24, 20, 23, 22, 13, 28, 23, 14, 25, 16, 23, 36, 19, 21, 18, 23, 13, 26, 19, 17, 23, 11, 22, 18, 29, 27, 22, 25, 25, 24, 21, 23, 19, 19, 21, 17, 25, 19, 17, 22, 19, 11, 23, 26, 27, 23, 24, 22, 18, 26, 25, 25])",0.10913502476967774
36,39.81333333333333,0.2723293779907303,"{0: 0.015641186547193542, 1: 0.007847268969961048, 2: 0.007025405443754399, 3: 0.01281442822037161, 4: 0.015370293856861674, 5: 0.0099347249830149, 6: 0.012739366005787851, 7: 0.017455206712293867, 8: 0.01035160930383651, 9: 0.007416675792667142, 10: 0.013229905323805203, 11: 0.006918947140031377, 12: 0.006540344621635177, 13: 0.008601480240445268, 14: 0.013916992210033476, 15: 0.008515627461569412, 16: 0.00436295389372074, 17: 0.010079207438616235, 18: 0.0064360926339263385, 19: 0.013305518890571709, 20: 0.013113171304250612, 21: 0.005367270949462731, 22: 0.013276925456773581, 23: 0.005976196605536068, 24: 0.008004396342955388, 25: 0.00642074367679547, 26: 0.016940147590675785, 27: 0.014172389123044965, 28: 0.0072004828674946545, 29: 0.009038597930935604, 30: 0.007611177935775911, 31: 0.008299838224542671, 32: 0.006455205157853507, 33: 0.00943413268457938, 34: 0.010897674151585492, 35: 0.009552219270645935, 36: 0.013245057682155777, 37: 0.005927567228937092, 38: 0.008483216245917607, 39: 0.010687242374294506, 40: 0.012578376686476746, 41: 0.007569484237143558, 42: 0.006079752141395976, 43: 0.011472929966080651, 44: 0.010210303157311088, 45: 0.011027339466886818, 46: 0.018320811344520165, 47: 0.010855432233694236, 48: 0.005818116546228518, 49: 0.023122357309735702, 50: 0.007903216754314522, 51: 0.010026064853560385, 52: 0.007412346924795362, 53: 0.00915807402108772, 54: 0.010034117739597191, 55: 0.008476746779466388, 56: 0.007873190407436982, 57: 0.008759556501986208, 58: 0.012639142984506186, 59: 0.0058668874577603464, 60: 0.008699946195964037, 61: 0.018894340643790072, 62: 0.010188588615337467, 63: 0.00939117156443405, 64: 0.008968927170981965, 65: 0.009555048063782065, 66: 0.007119902278774569, 67: 0.015465654541980364, 68: 0.012948857252225382, 69: 0.005955712166841911, 70: 0.007172148781737821, 71: 0.004665236955535323, 72: 0.010984523520325638, 73: 0.0095558565834007, 74: 0.009307140696949137}","[60, 53, 53, 52, 52, 50, 50, 47, 47, 47, 46, 46, 46, 46, 46, 45, 44, 44, 42, 42, 42, 42, 42, 42, 42, 42, 41, 41, 41, 41, 40, 40, 40, 40, 40, 40, 40, 40, 39, 39, 39, 39, 38, 38, 38, 38, 37, 37, 37, 37, 37, 37, 37, 36, 36, 36, 36, 34, 34, 34, 34, 34, 34, 33, 33, 33, 33, 33, 32, 32, 32, 31, 30, 28, 27]","dict_values([27, 22, 25, 20, 23, 22, 29, 18, 25, 22, 21, 20, 24, 26, 17, 25, 19, 19, 20, 9, 11, 19, 24, 24, 20, 23, 22, 13, 28, 23, 14, 25, 16, 23, 36, 19, 21, 18, 23, 13, 26, 19, 17, 23, 11, 22, 18, 29, 27, 22, 25, 25, 24, 21, 23, 19, 19, 21, 17, 25, 19, 17, 22, 19, 11, 23, 26, 27, 23, 24, 22, 18, 26, 25, 25])",0.11148207150224154
36,39.92,0.2736143708492017,"{0: 0.015264972643326354, 1: 0.007569010137503288, 2: 0.006951155473337131, 3: 0.01329715570055198, 4: 0.016073876962504646, 5: 0.009832703850238376, 6: 0.012566395664562593, 7: 0.017480334326884516, 8: 0.01019259629119038, 9: 0.007341538559995662, 10: 0.012723824070255215, 11: 0.007316587263698898, 12: 0.0065947367319147835, 13: 0.008139718994735243, 14: 0.014466510947898215, 15: 0.008371637716730605, 16: 0.004096706497485256, 17: 0.009947028025614903, 18: 0.006755057183139375, 19: 0.013171147356785557, 20: 0.012690656619630161, 21: 0.00494528713706796, 22: 0.013180355244322517, 23: 0.005855674293961586, 24: 0.008761974604083704, 25: 0.006446171784415357, 26: 0.017430978887743066, 27: 0.01551362655814711, 28: 0.007720616744953674, 29: 0.008830185105049059, 30: 0.007361758988471317, 31: 0.008458429342402226, 32: 0.006578764274861104, 33: 0.009827531060407773, 34: 0.010275745765518703, 35: 0.009659465601246425, 36: 0.013071318820521299, 37: 0.005910745123073891, 38: 0.008240367144476735, 39: 0.010961804359955984, 40: 0.011917042620554718, 41: 0.007497694055913232, 42: 0.005903744431141691, 43: 0.011368798526332772, 44: 0.010707401550431048, 45: 0.011514219305315198, 46: 0.0166070321376694, 47: 0.01067015211176803, 48: 0.005767989672099262, 49: 0.022978487475906677, 50: 0.0077131383108114205, 51: 0.010175175276643411, 52: 0.007791510532174821, 53: 0.009054036074584021, 54: 0.010780852117197207, 55: 0.008869272108277156, 56: 0.007754106726709468, 57: 0.008627996096453198, 58: 0.012390100064974882, 59: 0.0059212016746263306, 60: 0.007965942383750603, 61: 0.018824221718057338, 62: 0.010141567776770801, 63: 0.010196362095651978, 64: 0.009310364498720665, 65: 0.009381148016445448, 66: 0.006205875717041039, 67: 0.015526950520457284, 68: 0.012254052987904688, 69: 0.005933606448589805, 70: 0.0074894895100374535, 71: 0.004842046036453992, 72: 0.01112122399949187, 73: 0.009467081118657399, 74: 0.0092145723667146}","[60, 53, 53, 53, 51, 50, 50, 48, 47, 47, 46, 46, 46, 46, 45, 45, 44, 44, 43, 43, 42, 42, 42, 42, 42, 42, 41, 41, 41, 41, 41, 41, 41, 41, 41, 40, 40, 40, 40, 39, 39, 38, 38, 38, 38, 38, 38, 37, 37, 37, 37, 37, 37, 37, 36, 36, 35, 35, 35, 34, 34, 34, 34, 33, 33, 33, 33, 32, 32, 32, 31, 31, 30, 28, 27]","dict_values([27, 22, 25, 20, 23, 22, 29, 18, 25, 22, 21, 20, 24, 26, 17, 25, 19, 19, 20, 9, 11, 19, 24, 24, 20, 23, 22, 13, 28, 23, 14, 25, 16, 23, 36, 19, 21, 18, 23, 13, 26, 19, 17, 23, 11, 22, 18, 29, 27, 22, 25, 25, 24, 21, 23, 19, 19, 21, 17, 25, 19, 17, 22, 19, 11, 23, 26, 27, 23, 24, 22, 18, 26, 25, 25])",0.10859974234820118
36,39.973333333333336,0.27466517399389023,"{0: 0.015303633927210967, 1: 0.007527586456250192, 2: 0.006858588732777444, 3: 0.01341138770242089, 4: 0.016545364556586437, 5: 0.009062626497096236, 6: 0.012731133112722674, 7: 0.016281079622194876, 8: 0.010342567615118661, 9: 0.007460523425566073, 10: 0.012537798477317735, 11: 0.007981830541427148, 12: 0.006599842925720314, 13: 0.008067682672420773, 14: 0.01440289057920207, 15: 0.008241111938077044, 16: 0.0041272414483649504, 17: 0.008941720701865441, 18: 0.00717736358405782, 19: 0.012792645525549167, 20: 0.012772606399932065, 21: 0.00451451239122472, 22: 0.012966311253352087, 23: 0.00596801774835171, 24: 0.00889025146802968, 25: 0.0064006246390142145, 26: 0.017722866343338202, 27: 0.015346188614474995, 28: 0.007737606917543314, 29: 0.00880730485437065, 30: 0.007205216749026519, 31: 0.008835321720822673, 32: 0.006666314578526407, 33: 0.009779649163210809, 34: 0.010249169671233103, 35: 0.008920730571997049, 36: 0.01281499266814058, 37: 0.006127651504363833, 38: 0.008402392211192936, 39: 0.011356655515313454, 40: 0.012150427670250789, 41: 0.0075400387851925705, 42: 0.005874514436158272, 43: 0.011274392438776001, 44: 0.011097264789498164, 45: 0.011486850292097126, 46: 0.016693910844532877, 47: 0.010760162911104636, 48: 0.005676811156263212, 49: 0.022927692516345067, 50: 0.00781767109181786, 51: 0.010298351980490039, 52: 0.007830998563751577, 53: 0.009071813713317651, 54: 0.010844491919536589, 55: 0.008558255587526719, 56: 0.007726589661521168, 57: 0.008674166420030984, 58: 0.012231068561208387, 59: 0.006250649420478616, 60: 0.008031968890717922, 61: 0.020178245513768463, 62: 0.010019184859044628, 63: 0.010110117727533742, 64: 0.00963318280333692, 65: 0.00889957298802781, 66: 0.006304205992393525, 67: 0.01542173108638063, 68: 0.01170064948366284, 69: 0.005971394440296423, 70: 0.007735365440844891, 71: 0.0054692428857146536, 72: 0.011112343215788993, 73: 0.008976659133313969, 74: 0.009344499053389115}","[60, 54, 54, 53, 51, 50, 49, 48, 47, 47, 46, 46, 46, 46, 46, 44, 44, 44, 44, 43, 42, 42, 42, 42, 42, 42, 41, 41, 41, 41, 41, 41, 41, 41, 40, 40, 40, 40, 40, 39, 39, 39, 38, 38, 38, 38, 38, 38, 37, 37, 37, 37, 36, 36, 36, 36, 36, 35, 35, 34, 34, 34, 34, 34, 33, 33, 33, 33, 32, 32, 31, 30, 30, 29, 27]","dict_values([27, 22, 25, 20, 23, 22, 29, 18, 25, 22, 21, 20, 24, 26, 17, 25, 19, 19, 20, 9, 11, 19, 24, 24, 20, 23, 22, 13, 28, 23, 14, 25, 16, 23, 36, 19, 21, 18, 23, 13, 26, 19, 17, 23, 11, 22, 18, 29, 27, 22, 25, 25, 24, 21, 23, 19, 19, 21, 17, 25, 19, 17, 22, 19, 11, 23, 26, 27, 23, 24, 22, 18, 26, 25, 25])",0.10614637020633277
36,39.946666666666665,0.27459170056727694,"{0: 0.015211353949120316, 1: 0.007515765535309532, 2: 0.006828337980682839, 3: 0.013804334755976855, 4: 0.016109917273676277, 5: 0.009015963562356127, 6: 0.012467670842243844, 7: 0.015622346615311833, 8: 0.009974154605500296, 9: 0.007499982585599024, 10: 0.012260597137117924, 11: 0.007313850466623602, 12: 0.007046683063671032, 13: 0.008119039008270745, 14: 0.014342422483943504, 15: 0.008338336263349875, 16: 0.00410557702793508, 17: 0.008887744523832555, 18: 0.007215014508523754, 19: 0.012768523362686357, 20: 0.012787073195220777, 21: 0.004855033835496445, 22: 0.012981817775707923, 23: 0.005945700215079527, 24: 0.008848226063361019, 25: 0.006413553419066282, 26: 0.016815758934317995, 27: 0.015400795663668247, 28: 0.007762685901186069, 29: 0.008478347611535122, 30: 0.006871007042239918, 31: 0.008786412700991685, 32: 0.006704955861834207, 33: 0.009797646612715106, 34: 0.00999412934419465, 35: 0.009692816110205976, 36: 0.012909187534126303, 37: 0.0061085588482848755, 38: 0.00845930369369219, 39: 0.012070802481986807, 40: 0.012995199067778785, 41: 0.007469656492621843, 42: 0.006290452523329236, 43: 0.01136997110778831, 44: 0.011144472461823152, 45: 0.010980898526699997, 46: 0.016567096085160868, 47: 0.01083924711047678, 48: 0.005314618842016102, 49: 0.02249106038635965, 50: 0.00744736624700145, 51: 0.009548936061075305, 52: 0.007846827270684538, 53: 0.009032893617694208, 54: 0.011505620186766123, 55: 0.008649914799759722, 56: 0.00786310410821174, 57: 0.00877242486831528, 58: 0.012095544235856926, 59: 0.0063952580411146326, 60: 0.008075113968109575, 61: 0.019948029941222977, 62: 0.010010538172764396, 63: 0.010657503468121863, 64: 0.009628132883903441, 65: 0.008930497303613005, 66: 0.006705205335587994, 67: 0.015432087199605081, 68: 0.012171023030391819, 69: 0.006077114373581458, 70: 0.007724695909627415, 71: 0.005440153130597501, 72: 0.011788583456833968, 73: 0.009031514450777045, 74: 0.009386424861076857}","[59, 54, 53, 53, 50, 50, 48, 48, 47, 47, 47, 46, 46, 46, 45, 45, 45, 45, 44, 44, 42, 42, 42, 42, 42, 42, 42, 41, 41, 41, 41, 41, 41, 40, 40, 40, 40, 40, 40, 39, 39, 38, 38, 38, 38, 38, 38, 37, 37, 37, 37, 36, 36, 36, 36, 36, 35, 35, 35, 34, 34, 34, 34, 34, 33, 33, 33, 32, 32, 32, 32, 31, 31, 29, 27]","dict_values([27, 22, 25, 20, 23, 22, 29, 18, 25, 22, 21, 20, 24, 26, 17, 25, 19, 19, 20, 9, 11, 19, 24, 24, 20, 23, 22, 13, 28, 23, 14, 25, 16, 23, 36, 19, 21, 18, 23, 13, 26, 19, 17, 23, 11, 22, 18, 29, 27, 22, 25, 25, 24, 21, 23, 19, 19, 21, 17, 25, 19, 17, 22, 19, 11, 23, 26, 27, 23, 24, 22, 18, 26, 25, 25])",0.10759651052315415
36,39.973333333333336,0.27497441171584747,"{0: 0.015444711678256156, 1: 0.007488751911452499, 2: 0.006545369598085402, 3: 0.01363144237764299, 4: 0.01584604213211033, 5: 0.008253187330651788, 6: 0.012589160130817373, 7: 0.015631918962931236, 8: 0.010705139447800894, 9: 0.007430512345260231, 10: 0.012347429739797649, 11: 0.007181201017388086, 12: 0.007053764951608146, 13: 0.008268689698322122, 14: 0.014827752370077378, 15: 0.008306807619422155, 16: 0.004134597343342305, 17: 0.008705351684803742, 18: 0.0071866981150480016, 19: 0.0117284201328131, 20: 0.013422568973046648, 21: 0.004807233060657719, 22: 0.01312288331285637, 23: 0.005499291623555512, 24: 0.007727108459855938, 25: 0.006431862305356281, 26: 0.01668044808305648, 27: 0.015386876731170198, 28: 0.007807667408985578, 29: 0.008485014715882875, 30: 0.007389994718761842, 31: 0.00902758247988484, 32: 0.006125818656764359, 33: 0.010462033476460755, 34: 0.01005963746031205, 35: 0.010297836439779134, 36: 0.013306063864867223, 37: 0.005993566267538869, 38: 0.00846984482383072, 39: 0.012016192489882761, 40: 0.012633362065847389, 41: 0.0074544149397378365, 42: 0.0062273178711534875, 43: 0.011537482427893387, 44: 0.011081216634262392, 45: 0.010359696190291031, 46: 0.016379233522296414, 47: 0.011218381459350711, 48: 0.005583992912760036, 49: 0.0226230597586906, 50: 0.007445789546445157, 51: 0.010260654669446938, 52: 0.007301817859215834, 53: 0.009050722253870026, 54: 0.011180253920708599, 55: 0.008748336336901748, 56: 0.00850122372491944, 57: 0.00792043634509388, 58: 0.011628164071087283, 59: 0.006582466174256894, 60: 0.008510899335401792, 61: 0.019951861340351103, 62: 0.010055438873292737, 63: 0.011397821097344928, 64: 0.009626019092989276, 65: 0.008669592545408925, 66: 0.007154401314505529, 67: 0.015082279481723446, 68: 0.012153980996091327, 69: 0.006173055747523833, 70: 0.007638903496525181, 71: 0.005494510340607057, 72: 0.011745892417207821, 73: 0.009083131643431552, 74: 0.00947632357622019}","[59, 54, 53, 53, 50, 50, 48, 48, 48, 47, 47, 46, 46, 45, 45, 45, 45, 45, 44, 43, 43, 43, 43, 42, 42, 42, 42, 42, 42, 42, 41, 41, 40, 40, 40, 40, 40, 39, 39, 39, 39, 39, 38, 38, 38, 38, 38, 38, 37, 37, 37, 36, 36, 36, 36, 36, 35, 35, 34, 34, 34, 34, 34, 33, 33, 33, 33, 33, 32, 32, 31, 31, 31, 29, 27]","dict_values([27, 22, 25, 20, 23, 22, 29, 18, 25, 22, 21, 20, 24, 26, 17, 25, 19, 19, 20, 9, 11, 19, 24, 24, 20, 23, 22, 13, 28, 23, 14, 25, 16, 23, 36, 19, 21, 18, 23, 13, 26, 19, 17, 23, 11, 22, 18, 29, 27, 22, 25, 25, 24, 21, 23, 19, 19, 21, 17, 25, 19, 17, 22, 19, 11, 23, 26, 27, 23, 24, 22, 18, 26, 25, 25])",0.11189403119980806
36,39.86666666666667,0.27471567311882106,"{0: 0.015309578827567621, 1: 0.0075242752900480095, 2: 0.006525469454087419, 3: 0.01382305296770296, 4: 0.015080177444091243, 5: 0.008323581056071894, 6: 0.01260276807360491, 7: 0.01468176583496247, 8: 0.01141003936330286, 9: 0.007253807224365397, 10: 0.012468555574921412, 11: 0.007289989876793469, 12: 0.008059869335706247, 13: 0.008303962572697466, 14: 0.015110442270646627, 15: 0.008404841481984024, 16: 0.003943316032357129, 17: 0.009031788242102507, 18: 0.007502449625737298, 19: 0.011358246710728843, 20: 0.013469608855750782, 21: 0.004815240089212692, 22: 0.013351669845874931, 23: 0.005324053466444338, 24: 0.007856705408439598, 25: 0.006438193938193937, 26: 0.01680749612582211, 27: 0.01559187377680528, 28: 0.007944434805647946, 29: 0.008424795260008796, 30: 0.007538041784617128, 31: 0.009037647947158122, 32: 0.006093481510710914, 33: 0.011038211003728387, 34: 0.0104811973784917, 35: 0.010028442975105757, 36: 0.01458923993243434, 37: 0.006092864825741538, 38: 0.008328494202789126, 39: 0.011500920342666018, 40: 0.012893825451688878, 41: 0.007589991928269782, 42: 0.006287154299888237, 43: 0.010737866031614828, 44: 0.011245471164119475, 45: 0.00971216841079855, 46: 0.016257681659287638, 47: 0.011071400020171603, 48: 0.005060701797204618, 49: 0.02287432911130306, 50: 0.007409047666989957, 51: 0.010276865421995462, 52: 0.007752062549497699, 53: 0.009050757522061368, 54: 0.010456448504886319, 55: 0.008986838120185274, 56: 0.008126654121026066, 57: 0.0079951250435072, 58: 0.011335819536224156, 59: 0.006571445914983094, 60: 0.009058950137532835, 61: 0.020475408182344938, 62: 0.010823070439778525, 63: 0.011507299626112284, 64: 0.010381324783102693, 65: 0.008224197873532235, 66: 0.006791412133877887, 67: 0.014950407225579596, 68: 0.011028891320865878, 69: 0.006696976732937779, 70: 0.0068325557341407045, 71: 0.004997609695661017, 72: 0.011394531526524128, 73: 0.009148291708726844, 74: 0.009550785661866052}","[59, 54, 53, 52, 50, 50, 48, 48, 48, 47, 47, 46, 46, 45, 45, 44, 44, 44, 44, 44, 43, 43, 43, 42, 42, 42, 42, 42, 41, 41, 41, 41, 41, 41, 40, 40, 39, 39, 39, 39, 39, 38, 38, 38, 38, 37, 37, 37, 37, 37, 36, 36, 36, 36, 36, 36, 35, 35, 35, 35, 34, 34, 34, 34, 33, 33, 33, 32, 32, 32, 32, 31, 31, 27, 27]","dict_values([27, 22, 25, 20, 23, 22, 29, 18, 25, 22, 21, 20, 24, 26, 17, 25, 19, 19, 20, 9, 11, 19, 24, 24, 20, 23, 22, 13, 28, 23, 14, 25, 16, 23, 36, 19, 21, 18, 23, 13, 26, 19, 17, 23, 11, 22, 18, 29, 27, 22, 25, 25, 24, 21, 23, 19, 19, 21, 17, 25, 19, 17, 22, 19, 11, 23, 26, 27, 23, 24, 22, 18, 26, 25, 25])",0.10052102325477345
36,39.92,0.2754826393621164,"{0: 0.015368201962196154, 1: 0.007797640699477828, 2: 0.0071542358806026855, 3: 0.013705908781174097, 4: 0.015396335847943352, 5: 0.008809636275205273, 6: 0.01180265320374104, 7: 0.014880967046150072, 8: 0.011275389921642946, 9: 0.0071907380688304885, 10: 0.01275551881559202, 11: 0.007623458751300186, 12: 0.007894105245430355, 13: 0.00829892088621608, 14: 0.01592885024226828, 15: 0.008924289063191168, 16: 0.003994749482259555, 17: 0.009556433808278733, 18: 0.007331423563378383, 19: 0.010913158500732937, 20: 0.0134851020204321, 21: 0.004854042354042354, 22: 0.014160110816819262, 23: 0.005446919190246736, 24: 0.007293383698102192, 25: 0.006721472560513657, 26: 0.016545777888730476, 27: 0.016442987590333222, 28: 0.00805843620453885, 29: 0.008323987157862244, 30: 0.0072802905096264765, 31: 0.008378280116148704, 32: 0.006074070361162779, 33: 0.010746425266737171, 34: 0.009604040735174634, 35: 0.009777242405892088, 36: 0.013960705543912788, 37: 0.006242011207764632, 38: 0.008864900921038445, 39: 0.011671022134443878, 40: 0.013627053735836973, 41: 0.006923750934336069, 42: 0.006394104968424697, 43: 0.010573840963364079, 44: 0.009969740894291272, 45: 0.00964871374823027, 46: 0.01616646874295371, 47: 0.010784168590180387, 48: 0.004879633018902425, 49: 0.02294492570323624, 50: 0.007269666139529152, 51: 0.01016559617595551, 52: 0.007847732641695986, 53: 0.008876240081140718, 54: 0.00989167765670746, 55: 0.0089750741210455, 56: 0.008033122502428868, 57: 0.007883564173297617, 58: 0.01181332697854492, 59: 0.006084185176819568, 60: 0.009106695953225951, 61: 0.020411686877051066, 62: 0.010736307896895565, 63: 0.011428900368902185, 64: 0.009690718389348527, 65: 0.008062841563908399, 66: 0.007172786777943911, 67: 0.013847923461035376, 68: 0.011301115211798276, 69: 0.006610264553541252, 70: 0.007115331444998605, 71: 0.005515267096880062, 72: 0.011815452487081884, 73: 0.010029584448735671, 74: 0.009812436339061845}","[59, 54, 53, 53, 50, 50, 49, 49, 47, 47, 47, 47, 46, 45, 45, 44, 44, 44, 44, 43, 43, 43, 42, 42, 42, 42, 42, 41, 41, 41, 41, 41, 41, 41, 40, 40, 39, 39, 39, 39, 39, 38, 38, 38, 38, 37, 37, 37, 37, 37, 37, 37, 36, 36, 36, 36, 36, 36, 36, 35, 34, 33, 33, 33, 33, 33, 33, 33, 33, 32, 31, 31, 31, 28, 27]","dict_values([27, 22, 25, 20, 23, 22, 29, 18, 25, 22, 21, 20, 24, 26, 17, 25, 19, 19, 20, 9, 11, 19, 24, 24, 20, 23, 22, 13, 28, 23, 14, 25, 16, 23, 36, 19, 21, 18, 23, 13, 26, 19, 17, 23, 11, 22, 18, 29, 27, 22, 25, 25, 24, 21, 23, 19, 19, 21, 17, 25, 19, 17, 22, 19, 11, 23, 26, 27, 23, 24, 22, 18, 26, 25, 25])",0.10004422115216852
36,40.13333333333333,0.2766539414480422,"{0: 0.016595143622828056, 1: 0.007683292870245488, 2: 0.006933227475646319, 3: 0.013421276399721203, 4: 0.014969414832940408, 5: 0.009298824966633186, 6: 0.011062056453877566, 7: 0.014195127871301238, 8: 0.011901486859267991, 9: 0.007117473409778003, 10: 0.012454902617185811, 11: 0.007496655594765263, 12: 0.007810720633041344, 13: 0.0073855604828610465, 14: 0.016184667053781323, 15: 0.008798769141963545, 16: 0.00406167426715372, 17: 0.009969046029996348, 18: 0.0067910700092088695, 19: 0.010578822530931075, 20: 0.012995939819596833, 21: 0.005404397013986055, 22: 0.01485777948361743, 23: 0.005379034403007005, 24: 0.007259388557444712, 25: 0.006994212388048004, 26: 0.015927256377101826, 27: 0.01637447014201151, 28: 0.007874550032448606, 29: 0.008336599557375892, 30: 0.007114736565387812, 31: 0.008762361350504176, 32: 0.006271345997373396, 33: 0.01055870627788436, 34: 0.010513014373667725, 35: 0.00957393356475257, 36: 0.013002206324542215, 37: 0.0061712147328585685, 38: 0.00828026679090509, 39: 0.011385204880177193, 40: 0.013267472685280907, 41: 0.006894176157874787, 42: 0.006400897110811775, 43: 0.00973688738959343, 44: 0.009757469840064521, 45: 0.009787151482356963, 46: 0.016498966449782538, 47: 0.010562101253804926, 48: 0.0052108621457936525, 49: 0.0247619266001619, 50: 0.007545030404619447, 51: 0.009833617527620912, 52: 0.007960201916045694, 53: 0.00894952470294936, 54: 0.01004615332315759, 55: 0.009291413226820007, 56: 0.007931555619911785, 57: 0.008115663084141043, 58: 0.011151741313908921, 59: 0.00566755004117337, 60: 0.00972277359305468, 61: 0.02023894109050065, 62: 0.010509496432391368, 63: 0.011823336360000342, 64: 0.009752960181042374, 65: 0.0080618674796757, 66: 0.0074106135749971375, 67: 0.013630828800047174, 68: 0.01127507083843526, 69: 0.006653148156975714, 70: 0.006626463390162021, 71: 0.005639318824250331, 72: 0.011796851732998548, 73: 0.01014453660001605, 74: 0.009875273848969567}","[61, 54, 54, 53, 51, 50, 50, 49, 48, 47, 46, 46, 46, 45, 45, 45, 45, 44, 44, 43, 43, 43, 43, 42, 42, 42, 42, 42, 42, 41, 41, 41, 41, 40, 40, 40, 39, 39, 39, 39, 39, 39, 39, 38, 38, 38, 38, 37, 37, 37, 37, 37, 37, 36, 36, 36, 36, 36, 35, 35, 34, 34, 33, 33, 33, 33, 33, 33, 33, 32, 32, 32, 31, 29, 27]","dict_values([27, 22, 25, 20, 23, 22, 29, 18, 25, 22, 21, 20, 24, 26, 17, 25, 19, 19, 20, 9, 11, 19, 24, 24, 20, 23, 22, 13, 28, 23, 14, 25, 16, 23, 36, 19, 21, 18, 23, 13, 26, 19, 17, 23, 11, 22, 18, 29, 27, 22, 25, 25, 24, 21, 23, 19, 19, 21, 17, 25, 19, 17, 22, 19, 11, 23, 26, 27, 23, 24, 22, 18, 26, 25, 25])",0.11056743303054051
36,40.16,0.27573655575793093,"{0: 0.016555723405166752, 1: 0.0076421596702274715, 2: 0.006843633449710636, 3: 0.013350652391748284, 4: 0.014176352980249237, 5: 0.008936320569303397, 6: 0.011474005908937417, 7: 0.014149099143765666, 8: 0.012474155643056838, 9: 0.007112814729060146, 10: 0.012814699219931653, 11: 0.007968598243195523, 12: 0.008261362017632518, 13: 0.007334269919886357, 14: 0.015185047716355128, 15: 0.009086081065875893, 16: 0.004094529950694334, 17: 0.01017707085526533, 18: 0.006996082714221576, 19: 0.011031612085109789, 20: 0.01226838207149114, 21: 0.00525608333827512, 22: 0.015465614509260678, 23: 0.005223873616937479, 24: 0.007326408376680485, 25: 0.007005598529571133, 26: 0.015829207694242505, 27: 0.016185585535318684, 28: 0.007970436322382741, 29: 0.00828496457423406, 30: 0.007581189771567045, 31: 0.008693076178479277, 32: 0.005909595710386759, 33: 0.00999218189551973, 34: 0.01048544027340406, 35: 0.008832952344319293, 36: 0.01220844970886779, 37: 0.006191727767070234, 38: 0.008741901499115138, 39: 0.011375201103050127, 40: 0.013394979490869903, 41: 0.006824469991313516, 42: 0.0063929242251618695, 43: 0.010559031519184983, 44: 0.009722816058432497, 45: 0.009762451029574319, 46: 0.017429699885821784, 47: 0.010348508791018262, 48: 0.005254703799224348, 49: 0.024158649393793134, 50: 0.007361493149164382, 51: 0.009748748445975033, 52: 0.007987461874812501, 53: 0.008732546649776057, 54: 0.010151894934783827, 55: 0.00984676802696263, 56: 0.007552401198696781, 57: 0.008326571560192352, 58: 0.011453146898352378, 59: 0.005999388636324718, 60: 0.009827698690744591, 61: 0.020356249683836636, 62: 0.010493548926558943, 63: 0.012615711998308951, 64: 0.009723282754104669, 65: 0.00820497093649708, 66: 0.007957045114579361, 67: 0.013021910346095183, 68: 0.010806735483919406, 69: 0.006557126077674023, 70: 0.0066992540415268574, 71: 0.005678714657587897, 72: 0.011014323066749349, 73: 0.010126263294071514, 74: 0.009323808557006494}","[60, 54, 54, 52, 52, 49, 49, 49, 49, 47, 46, 46, 46, 46, 46, 45, 44, 44, 44, 44, 43, 42, 42, 42, 42, 42, 42, 41, 41, 41, 41, 41, 41, 41, 40, 40, 40, 39, 39, 39, 39, 39, 38, 38, 38, 38, 38, 38, 38, 37, 37, 37, 37, 37, 36, 36, 36, 36, 35, 35, 35, 34, 34, 34, 33, 33, 33, 33, 32, 32, 32, 32, 31, 29, 27]","dict_values([27, 22, 25, 20, 23, 22, 29, 18, 25, 22, 21, 20, 24, 26, 17, 25, 19, 19, 20, 9, 11, 19, 24, 24, 20, 23, 22, 13, 28, 23, 14, 25, 16, 23, 36, 19, 21, 18, 23, 13, 26, 19, 17, 23, 11, 22, 18, 29, 27, 22, 25, 25, 24, 21, 23, 19, 19, 21, 17, 25, 19, 17, 22, 19, 11, 23, 26, 27, 23, 24, 22, 18, 26, 25, 25])",0.10922577948498173
36,40.18666666666667,0.275731709602527,"{0: 0.016718854989531216, 1: 0.007672651371090905, 2: 0.007888314520576934, 3: 0.013253099896935516, 4: 0.014143592631772041, 5: 0.009793889021049931, 6: 0.011299981591077484, 7: 0.014032974319375115, 8: 0.01231374377459702, 9: 0.007068522818329879, 10: 0.012774416386187268, 11: 0.007933691325152554, 12: 0.008078392656580965, 13: 0.006497131411514973, 14: 0.015091114258972419, 15: 0.009106229566332613, 16: 0.0040684887431462775, 17: 0.009086073605654913, 18: 0.007112941303677925, 19: 0.011010443759998129, 20: 0.012365029651441022, 21: 0.005280967566926471, 22: 0.015316423884898822, 23: 0.005332666362716527, 24: 0.007315574316401687, 25: 0.007411195596127103, 26: 0.016790334233993093, 27: 0.015841651818948477, 28: 0.007940545196601206, 29: 0.008816934571176023, 30: 0.007381732522585374, 31: 0.008758937846432325, 32: 0.005167051496095969, 33: 0.009950752059569346, 34: 0.010157048747659176, 35: 0.008931656359975362, 36: 0.012097405352099272, 37: 0.00615493149739725, 38: 0.008844777971854626, 39: 0.011309237317052094, 40: 0.013297152167015183, 41: 0.0068995450663885925, 42: 0.006579118298767836, 43: 0.010342983204672787, 44: 0.009734894666401516, 45: 0.00964248584111598, 46: 0.017469367733708812, 47: 0.010140065667335415, 48: 0.005221727396384931, 49: 0.024342223378736982, 50: 0.007559768111994141, 51: 0.010419268830393442, 52: 0.007968872130195358, 53: 0.008849746274681158, 54: 0.00940170901906072, 55: 0.009624956957761619, 56: 0.007301590417064082, 57: 0.008121854823579758, 58: 0.011851311765695328, 59: 0.005863741138940298, 60: 0.010412286450841073, 61: 0.02033719633922305, 62: 0.010535979157770927, 63: 0.012551662447958033, 64: 0.009040481557604847, 65: 0.00881798610430677, 66: 0.007837968111940716, 67: 0.012993633519873149, 68: 0.010559441787347221, 69: 0.006552530268283692, 70: 0.006698561061381822, 71: 0.005575064040238649, 72: 0.010613059626953528, 73: 0.010011818059763264, 74: 0.010442871319904873}","[60, 54, 54, 52, 52, 50, 49, 49, 48, 47, 46, 46, 46, 46, 46, 45, 45, 44, 44, 44, 43, 42, 42, 42, 42, 41, 41, 41, 41, 41, 41, 41, 41, 41, 40, 40, 40, 40, 40, 39, 39, 39, 39, 38, 38, 38, 38, 38, 38, 37, 37, 37, 37, 37, 36, 36, 36, 35, 35, 35, 35, 34, 34, 34, 34, 34, 33, 33, 32, 32, 32, 31, 31, 29, 27]","dict_values([27, 22, 25, 20, 23, 22, 29, 18, 25, 22, 21, 20, 24, 26, 17, 25, 19, 19, 20, 9, 11, 19, 24, 24, 20, 23, 22, 13, 28, 23, 14, 25, 16, 23, 36, 19, 21, 18, 23, 13, 26, 19, 17, 23, 11, 22, 18, 29, 27, 22, 25, 25, 24, 21, 23, 19, 19, 21, 17, 25, 19, 17, 22, 19, 11, 23, 26, 27, 23, 24, 22, 18, 26, 25, 25])",0.10887523783062364
36,40.026666666666664,0.27493212948712303,"{0: 0.016691816093725585, 1: 0.007699295296437064, 2: 0.008028455388710313, 3: 0.01325985925551579, 4: 0.013609123387857955, 5: 0.009915064484691148, 6: 0.011537707776629299, 7: 0.014126622061668051, 8: 0.012385347408679775, 9: 0.0066981090142462845, 10: 0.013165466974408449, 11: 0.007422453232804151, 12: 0.008216935793106237, 13: 0.006628307889225268, 14: 0.01525627932452214, 15: 0.00897233860762234, 16: 0.004189962949876433, 17: 0.009435344046211528, 18: 0.007155773813934425, 19: 0.011047872393317169, 20: 0.012327439160796407, 21: 0.006184240243811262, 22: 0.01507328763938288, 23: 0.004994302535970526, 24: 0.007248500820426909, 25: 0.007534569948953511, 26: 0.016409562997797594, 27: 0.015901031557228103, 28: 0.007848952105192923, 29: 0.009676934291068235, 30: 0.007361825139664291, 31: 0.008401772393679912, 32: 0.005198675585939236, 33: 0.010097810351905217, 34: 0.010195705178230126, 35: 0.009003623820058954, 36: 0.012271925870756107, 37: 0.006215241317981044, 38: 0.00860026621135831, 39: 0.01141615080440602, 40: 0.013314964294275781, 41: 0.007065062061496364, 42: 0.006671390507117909, 43: 0.010350483752908734, 44: 0.009332246562450373, 45: 0.009379983204653048, 46: 0.01765728255444832, 47: 0.009570338328370205, 48: 0.005287365866956643, 49: 0.024477791049817517, 50: 0.007589305299065573, 51: 0.010629077687462575, 52: 0.00800585939321002, 53: 0.008949818541111002, 54: 0.009432105316580303, 55: 0.009726023323509976, 56: 0.0073802514203826185, 57: 0.008661680192172248, 58: 0.011523696587945996, 59: 0.005927244062032263, 60: 0.010538916667856236, 61: 0.020739485237366306, 62: 0.010607938087481276, 63: 0.012504334480658902, 64: 0.009104531107955765, 65: 0.008970203417399458, 66: 0.007949240107609638, 67: 0.01313685623158901, 68: 0.010295934966361348, 69: 0.006351933769658459, 70: 0.007201936742298959, 71: 0.005641397496983065, 72: 0.010715550657809665, 73: 0.010068485519294793, 74: 0.00922570701195862}","[60, 54, 54, 52, 51, 49, 49, 48, 48, 47, 46, 46, 46, 46, 46, 45, 44, 44, 44, 44, 43, 42, 42, 41, 41, 41, 41, 41, 41, 41, 41, 41, 41, 40, 40, 40, 40, 39, 39, 39, 39, 38, 38, 38, 38, 38, 38, 38, 38, 38, 37, 37, 36, 36, 36, 36, 36, 35, 35, 35, 34, 34, 34, 34, 34, 34, 34, 33, 33, 32, 32, 31, 30, 29, 27]","dict_values([27, 22, 25, 20, 23, 22, 29, 18, 25, 22, 21, 20, 24, 26, 17, 25, 19, 19, 20, 9, 11, 19, 24, 24, 20, 23, 22, 13, 28, 23, 14, 25, 16, 23, 36, 19, 21, 18, 23, 13, 26, 19, 17, 23, 11, 22, 18, 29, 27, 22, 25, 25, 24, 21, 23, 19, 19, 21, 17, 25, 19, 17, 22, 19, 11, 23, 26, 27, 23, 24, 22, 18, 26, 25, 25])",0.11021521961153145
36,39.84,0.27433915037717166,"{0: 0.016768457687252505, 1: 0.008267965340563474, 2: 0.008019244724471542, 3: 0.013365185581797645, 4: 0.013538285906118492, 5: 0.00922829174555785, 6: 0.01112829720078507, 7: 0.014535117533670249, 8: 0.012911590128114898, 9: 0.006831288482715208, 10: 0.013184928058566477, 11: 0.007753758366741079, 12: 0.008400587181169074, 13: 0.006947848939550896, 14: 0.013881417213460624, 15: 0.008775188665445868, 16: 0.0038847085321567216, 17: 0.009669893319358603, 18: 0.0070993332640759705, 19: 0.010084808433578769, 20: 0.012000404064568988, 21: 0.005992405495047924, 22: 0.015942669333943553, 23: 0.0051574287659497875, 24: 0.007482863158030256, 25: 0.00762063698256921, 26: 0.01637785713184669, 27: 0.015717815931195103, 28: 0.007917630957561006, 29: 0.009795738817220645, 30: 0.007316728563197533, 31: 0.007928959232855482, 32: 0.0048929065144435215, 33: 0.010086715942135564, 34: 0.010409635440994467, 35: 0.009120577636378965, 36: 0.012482425315258257, 37: 0.006479481234132636, 38: 0.010033880559908564, 39: 0.012196777189257697, 40: 0.012952059317449352, 41: 0.007234943109025981, 42: 0.005957314934686073, 43: 0.010117089827134941, 44: 0.00990469233143556, 45: 0.009720097080413482, 46: 0.01808512790366347, 47: 0.009546643539754335, 48: 0.006052914627878247, 49: 0.02467511901598459, 50: 0.007656614627611976, 51: 0.011405334206510872, 52: 0.008109861811369811, 53: 0.009434136193898589, 54: 0.008819930719408387, 55: 0.01012007826813625, 56: 0.008058641693177085, 57: 0.008550981861522675, 58: 0.011540879298908279, 59: 0.006009896680984832, 60: 0.010467165542366175, 61: 0.017946061561812485, 62: 0.010828224699647821, 63: 0.012568730545598102, 64: 0.008686252362136639, 65: 0.009067873229869454, 66: 0.0075540793573789025, 67: 0.01273959023433706, 68: 0.010339106731740252, 69: 0.0064491145754815606, 70: 0.007974130418961164, 71: 0.005049713099460756, 72: 0.010571754103403493, 73: 0.010137446686312808, 74: 0.009678206141665518}","[60, 54, 52, 51, 50, 49, 49, 47, 47, 47, 46, 46, 46, 46, 45, 45, 44, 44, 43, 43, 43, 43, 42, 41, 41, 41, 41, 41, 41, 40, 40, 40, 40, 40, 40, 40, 40, 40, 40, 39, 39, 39, 39, 38, 38, 38, 38, 38, 38, 37, 37, 37, 37, 36, 36, 36, 36, 35, 35, 34, 34, 34, 34, 34, 34, 33, 33, 33, 33, 32, 32, 30, 30, 28, 26]","dict_values([27, 22, 25, 20, 23, 22, 29, 18, 25, 22, 21, 20, 24, 26, 17, 25, 19, 19, 20, 9, 11, 19, 24, 24, 20, 23, 22, 13, 28, 23, 14, 25, 16, 23, 36, 19, 21, 18, 23, 13, 26, 19, 17, 23, 11, 22, 18, 29, 27, 22, 25, 25, 24, 21, 23, 19, 19, 21, 17, 25, 19, 17, 22, 19, 11, 23, 26, 27, 23, 24, 22, 18, 26, 25, 25])",0.11391975756663422
36,39.84,0.2743045763986554,"{0: 0.016905026327282045, 1: 0.008012576596427576, 2: 0.007928751440262486, 3: 0.013418372809667555, 4: 0.013589057442890145, 5: 0.00922164727297287, 6: 0.012935614179072161, 7: 0.01422640477674186, 8: 0.012980794483368982, 9: 0.006497002892909288, 10: 0.013039793500237281, 11: 0.007382919287887503, 12: 0.00881381288783273, 13: 0.0067324419554090215, 14: 0.013910025693121327, 15: 0.008858344716192446, 16: 0.0037699680128530926, 17: 0.009631741616332241, 18: 0.0070448207479178295, 19: 0.00990838527288393, 20: 0.011963686134481821, 21: 0.006088721166876858, 22: 0.015959976362876167, 23: 0.005176329723167215, 24: 0.0074169950463305176, 25: 0.008506687290381502, 26: 0.0147882197661252, 27: 0.01573339417737679, 28: 0.007953221358756741, 29: 0.009336911914338957, 30: 0.006873022283981189, 31: 0.007926334994578382, 32: 0.0049049181205379645, 33: 0.010113877838184045, 34: 0.010136730079428691, 35: 0.00915702480443183, 36: 0.011737826562174775, 37: 0.0064957878314042695, 38: 0.010555844349216942, 39: 0.012095149197735224, 40: 0.012595071187271335, 41: 0.007531921906227718, 42: 0.0060059776965225445, 43: 0.010052077365522775, 44: 0.009890494804878367, 45: 0.009714238828693373, 46: 0.017716420610939063, 47: 0.009665547959159278, 48: 0.006069421862557022, 49: 0.024883254959586026, 50: 0.007648866121171064, 51: 0.011127667215560355, 52: 0.007934018550456907, 53: 0.009046179572192484, 54: 0.010345345012980189, 55: 0.010142421950814431, 56: 0.007965589484172805, 57: 0.008639110770265898, 58: 0.011407952821534867, 59: 0.006132951612567882, 60: 0.011067463769240888, 61: 0.01784679403823578, 62: 0.011666419392710833, 63: 0.012637391267744883, 64: 0.00869576260373874, 65: 0.009100497340963836, 66: 0.0077963589949891325, 67: 0.012567317477774778, 68: 0.010111672902768796, 69: 0.00641752746204801, 70: 0.008193345709710807, 71: 0.005040208700889931, 72: 0.010638152437060802, 73: 0.009411125096056603, 74: 0.009621695885645383}","[60, 54, 52, 51, 50, 49, 47, 47, 47, 47, 46, 46, 46, 46, 44, 44, 44, 44, 44, 43, 43, 43, 42, 42, 42, 42, 41, 41, 41, 41, 40, 40, 40, 40, 40, 40, 40, 40, 40, 40, 39, 39, 39, 38, 38, 38, 38, 37, 37, 37, 37, 37, 37, 36, 36, 35, 35, 35, 35, 34, 34, 34, 34, 34, 34, 34, 34, 33, 33, 32, 32, 30, 30, 28, 26]","dict_values([27, 22, 25, 20, 23, 22, 29, 18, 25, 22, 21, 20, 24, 26, 17, 25, 19, 19, 20, 9, 11, 19, 24, 24, 20, 23, 22, 13, 28, 23, 14, 25, 16, 23, 36, 19, 21, 18, 23, 13, 26, 19, 17, 23, 11, 22, 18, 29, 27, 22, 25, 25, 24, 21, 23, 19, 19, 21, 17, 25, 19, 17, 22, 19, 11, 23, 26, 27, 23, 24, 22, 18, 26, 25, 25])",0.10749468198541602
36,39.76,0.2738761726964049,"{0: 0.016784968686701453, 1: 0.007821099696675715, 2: 0.007680551148685704, 3: 0.013371251067059095, 4: 0.01379076564148714, 5: 0.009403992982773557, 6: 0.012131086649184317, 7: 0.01414606002609063, 8: 0.012194174353669715, 9: 0.006431803465907461, 10: 0.01294868594439216, 11: 0.007783710992430597, 12: 0.008808682639816007, 13: 0.006761942451841167, 14: 0.014512506767562458, 15: 0.008332578502757454, 16: 0.0037215176388635256, 17: 0.010248758761761434, 18: 0.007116872856859061, 19: 0.009615434215094665, 20: 0.011337808389587681, 21: 0.006186205991773822, 22: 0.01653513477151579, 23: 0.0056752328034504335, 24: 0.007534833724129105, 25: 0.0081311921017451, 26: 0.015289866658904257, 27: 0.01576597595701056, 28: 0.007423338368192309, 29: 0.009565405634397905, 30: 0.006955007647880219, 31: 0.007406021044117479, 32: 0.00532621815413999, 33: 0.010278660778208434, 34: 0.010429495155081082, 35: 0.009325104847060976, 36: 0.011771479866856204, 37: 0.0062247375603539995, 38: 0.010560726692193727, 39: 0.011282248157074308, 40: 0.011952678105902838, 41: 0.00831889784189049, 42: 0.006137949861378747, 43: 0.010126737779774731, 44: 0.009246937102111078, 45: 0.009593278241794168, 46: 0.01842111221309321, 47: 0.009835004471188031, 48: 0.00617121774312446, 49: 0.02515451404012268, 50: 0.007073136594519822, 51: 0.01134659910956923, 52: 0.007829623284070667, 53: 0.009176744055350019, 54: 0.010330997128363975, 55: 0.010043740669181985, 56: 0.008662495851994753, 57: 0.008664444729655389, 58: 0.012625678640001347, 59: 0.005447654939591151, 60: 0.011126544141862418, 61: 0.01703686084478495, 62: 0.01157996590279666, 63: 0.01295778333478638, 64: 0.008557972790967596, 65: 0.009250971064021887, 66: 0.007959943826281199, 67: 0.012160715950434489, 68: 0.010195718418285295, 69: 0.0070105568126226335, 70: 0.00839340195590964, 71: 0.005498335152616194, 72: 0.010692232193209094, 73: 0.009265283952705731, 74: 0.009338023243942565}","[60, 54, 53, 50, 50, 50, 48, 47, 47, 46, 46, 46, 46, 46, 45, 44, 44, 43, 43, 43, 43, 42, 42, 42, 42, 42, 41, 41, 41, 40, 40, 40, 40, 40, 40, 40, 39, 39, 39, 39, 39, 39, 38, 38, 38, 38, 38, 37, 37, 37, 37, 36, 36, 36, 36, 36, 35, 35, 35, 35, 34, 34, 34, 34, 34, 33, 33, 33, 32, 32, 32, 32, 31, 29, 26]","dict_values([27, 22, 25, 20, 23, 22, 29, 18, 25, 22, 21, 20, 24, 26, 17, 25, 19, 19, 20, 9, 11, 19, 24, 24, 20, 23, 22, 13, 28, 23, 14, 25, 16, 23, 36, 19, 21, 18, 23, 13, 26, 19, 17, 23, 11, 22, 18, 29, 27, 22, 25, 25, 24, 21, 23, 19, 19, 21, 17, 25, 19, 17, 22, 19, 11, 23, 26, 27, 23, 24, 22, 18, 26, 25, 25])",0.109970351957486
36,39.92,0.2748284061397383,"{0: 0.01670440583024152, 1: 0.007760473742895106, 2: 0.00800227809199531, 3: 0.013859516621371611, 4: 0.014552235471103611, 5: 0.009272939996412353, 6: 0.011872931708765353, 7: 0.014154995046189675, 8: 0.01184689073298694, 9: 0.006418091249212436, 10: 0.012924863081147661, 11: 0.007988743954701134, 12: 0.008723670182661309, 13: 0.006632057092825528, 14: 0.014588902651761996, 15: 0.008247918910264346, 16: 0.003659456393743991, 17: 0.010213631331079808, 18: 0.007149672228330764, 19: 0.009486253799323923, 20: 0.010843348073515773, 21: 0.0061722246924121454, 22: 0.016476409296134642, 23: 0.005587383958744872, 24: 0.00744785344978264, 25: 0.00810978863057276, 26: 0.01522355938146331, 27: 0.015373496088731422, 28: 0.0072192775806069216, 29: 0.009396234720473289, 30: 0.006818200423024723, 31: 0.007450342628558315, 32: 0.006327226227065871, 33: 0.011014230897071563, 34: 0.010395517381173865, 35: 0.009274507942829437, 36: 0.011756394266779874, 37: 0.006159465084978785, 38: 0.010441818116285294, 39: 0.011124371832035981, 40: 0.011893921664999446, 41: 0.0077991365140021645, 42: 0.006154720290047971, 43: 0.01002611215990242, 44: 0.008870125616700957, 45: 0.009484538680251477, 46: 0.01776831603781433, 47: 0.009653232129963416, 48: 0.006629766364712789, 49: 0.02504675313795717, 50: 0.006997554835739769, 51: 0.011312775760004204, 52: 0.007708882417768902, 53: 0.009369624656900426, 54: 0.010369884198807825, 55: 0.009671251589673236, 56: 0.009124583253906027, 57: 0.008653064930885376, 58: 0.012545880813294646, 59: 0.005278799264397826, 60: 0.011037410481974428, 61: 0.016715368228300744, 62: 0.010978432947750876, 63: 0.012749507932456744, 64: 0.008506674666039334, 65: 0.009822310148696004, 66: 0.00804773870609078, 67: 0.011982166774209187, 68: 0.010080627383251118, 69: 0.007007636494682356, 70: 0.008390850304152394, 71: 0.0064655205561838566, 72: 0.010666013828133652, 73: 0.009764845915631312, 74: 0.009253466942343639}","[60, 54, 52, 51, 50, 50, 49, 47, 47, 47, 46, 46, 46, 46, 45, 44, 44, 43, 43, 43, 43, 43, 42, 42, 42, 41, 41, 41, 41, 41, 40, 40, 40, 40, 40, 40, 40, 39, 39, 39, 39, 38, 38, 38, 38, 38, 38, 38, 38, 37, 37, 37, 36, 36, 36, 36, 35, 35, 35, 35, 35, 34, 34, 34, 34, 34, 34, 33, 33, 32, 32, 32, 31, 31, 26]","dict_values([27, 22, 25, 20, 23, 22, 29, 18, 25, 22, 21, 20, 24, 26, 17, 25, 19, 19, 20, 9, 11, 19, 24, 24, 20, 23, 22, 13, 28, 23, 14, 25, 16, 23, 36, 19, 21, 18, 23, 13, 26, 19, 17, 23, 11, 22, 18, 29, 27, 22, 25, 25, 24, 21, 23, 19, 19, 21, 17, 25, 19, 17, 22, 19, 11, 23, 26, 27, 23, 24, 22, 18, 26, 25, 25])",0.10741768551576546
36,39.946666666666665,0.2757924660467431,"{0: 0.016526355732315454, 1: 0.00858723627201128, 2: 0.00805879327556871, 3: 0.013911854666113076, 4: 0.014784933127761229, 5: 0.009189395698736837, 6: 0.011883435992544662, 7: 0.014164511344025367, 8: 0.0122327169136152, 9: 0.00655407909931398, 10: 0.012844469717692786, 11: 0.00785156089720983, 12: 0.008786633041393285, 13: 0.006638935059431256, 14: 0.014939970816776973, 15: 0.008280047008424317, 16: 0.0036209338060101, 17: 0.010294252154800013, 18: 0.007122646573777111, 19: 0.009353867928412871, 20: 0.010706291358568909, 21: 0.005760413664162763, 22: 0.016635822207520898, 23: 0.005588302714955349, 24: 0.007286730284222326, 25: 0.008120208434176828, 26: 0.015208919186978899, 27: 0.01534431470564311, 28: 0.007183980536905074, 29: 0.008665656339448654, 30: 0.006857794636927682, 31: 0.006939006346551799, 32: 0.00637225996674683, 33: 0.010928164039195044, 34: 0.011002517283402869, 35: 0.009215971519134307, 36: 0.01208234397362449, 37: 0.006236470127737251, 38: 0.01036244479750295, 39: 0.011166208193207131, 40: 0.011914288578239328, 41: 0.007555847705727, 42: 0.0061939659168912895, 43: 0.009090963092409862, 44: 0.008712391212391214, 45: 0.008668848103062069, 46: 0.016943895179322176, 47: 0.009662389359802842, 48: 0.007234483523638075, 49: 0.025195674057049578, 50: 0.007146082210294539, 51: 0.011174767864347616, 52: 0.007771151433745995, 53: 0.009421436556008193, 54: 0.010392963515682627, 55: 0.009747609763069529, 56: 0.009164824090997458, 57: 0.00863699929542489, 58: 0.012526443009913716, 59: 0.005384029821600191, 60: 0.010942965992301963, 61: 0.01643633894074111, 62: 0.011054591874404359, 63: 0.013615079766170247, 64: 0.008822928856473658, 65: 0.009957401535683074, 66: 0.00810826890360728, 67: 0.011988857997124059, 68: 0.010315376355118288, 69: 0.006954378385932147, 70: 0.00813244200681115, 71: 0.00658603862010495, 72: 0.010740341599377121, 73: 0.009708844379111908, 74: 0.00930571547175566}","[60, 54, 51, 51, 50, 50, 50, 47, 47, 47, 47, 46, 46, 46, 46, 45, 44, 43, 43, 43, 43, 43, 42, 42, 42, 41, 41, 41, 41, 41, 40, 40, 40, 40, 40, 40, 40, 40, 39, 39, 38, 38, 38, 38, 38, 38, 38, 38, 38, 37, 37, 37, 36, 36, 36, 36, 35, 35, 35, 35, 35, 35, 34, 34, 34, 34, 33, 33, 32, 32, 32, 32, 31, 31, 26]","dict_values([27, 22, 25, 20, 23, 22, 29, 18, 25, 22, 21, 20, 24, 26, 17, 25, 19, 19, 20, 9, 11, 19, 24, 24, 20, 23, 22, 13, 28, 23, 14, 25, 16, 23, 36, 19, 21, 18, 23, 13, 26, 19, 17, 23, 11, 22, 18, 29, 27, 22, 25, 25, 24, 21, 23, 19, 19, 21, 17, 25, 19, 17, 22, 19, 11, 23, 26, 27, 23, 24, 22, 18, 26, 25, 25])",0.10776807884477924
36,40.0,0.2765756632803863,"{0: 0.016361764625605395, 1: 0.008727098453125852, 2: 0.008048188998410644, 3: 0.013926500058607762, 4: 0.014556570561317905, 5: 0.009535972727199561, 6: 0.011881286169824977, 7: 0.013722681671386029, 8: 0.011914830447524578, 9: 0.006678860256924956, 10: 0.012775752322710098, 11: 0.008376626864211156, 12: 0.008827457415275979, 13: 0.006463641937474584, 14: 0.014828982939693675, 15: 0.00862961905022994, 16: 0.003644916257569465, 17: 0.010220316753511361, 18: 0.007068521233617553, 19: 0.009203103809268193, 20: 0.010642995995057802, 21: 0.005699647165040099, 22: 0.01666089422547331, 23: 0.005501792392404802, 24: 0.007356612866847384, 25: 0.007433996359258245, 26: 0.015081002150511315, 27: 0.015243154057629917, 28: 0.007583398482962376, 29: 0.008489958171270177, 30: 0.006850396223885346, 31: 0.006980534982146586, 32: 0.006668049904351272, 33: 0.011131155090292461, 34: 0.011160816488950408, 35: 0.00927868404033874, 36: 0.012058461097002782, 37: 0.006256439446659027, 38: 0.01021015901969531, 39: 0.01108902223307086, 40: 0.01103873294857189, 41: 0.00689507753049464, 42: 0.006139244115767186, 43: 0.009003964643450523, 44: 0.008716192855254974, 45: 0.008603666086321828, 46: 0.017042315855079225, 47: 0.009716306134214807, 48: 0.007153964999200697, 49: 0.0255420046134241, 50: 0.00719678226099459, 51: 0.011144985973753097, 52: 0.007876023408760757, 53: 0.008584531051948634, 54: 0.010911905442525911, 55: 0.009753043987799978, 56: 0.009150301550583578, 57: 0.008975936544429694, 58: 0.012646881503703251, 59: 0.005391478707406667, 60: 0.01113963183222506, 61: 0.016844583426262282, 62: 0.01106814030431252, 63: 0.013628412698321952, 64: 0.00889119689230487, 65: 0.009926876922055822, 66: 0.008025783575392938, 67: 0.011934696227856987, 68: 0.011012362464686625, 69: 0.0069436623861088695, 70: 0.008236676799805007, 71: 0.006530877213211069, 72: 0.010696334588622219, 73: 0.009758637632687887, 74: 0.009422881669531884}","[61, 54, 51, 51, 50, 50, 50, 47, 47, 47, 47, 46, 46, 46, 45, 45, 44, 43, 43, 43, 42, 42, 42, 42, 42, 41, 41, 41, 41, 41, 41, 41, 41, 41, 40, 40, 40, 40, 39, 39, 39, 38, 38, 38, 38, 38, 38, 38, 38, 38, 38, 37, 36, 36, 36, 36, 35, 35, 35, 35, 35, 35, 35, 34, 34, 33, 33, 32, 32, 32, 32, 32, 31, 31, 26]","dict_values([27, 22, 25, 20, 23, 22, 29, 18, 25, 22, 21, 20, 24, 26, 17, 25, 19, 19, 20, 9, 11, 19, 24, 24, 20, 23, 22, 13, 28, 23, 14, 25, 16, 23, 36, 19, 21, 18, 23, 13, 26, 19, 17, 23, 11, 22, 18, 29, 27, 22, 25, 25, 24, 21, 23, 19, 19, 21, 17, 25, 19, 17, 22, 19, 11, 23, 26, 27, 23, 24, 22, 18, 26, 25, 25])",0.10718533333333333
36,39.86666666666667,0.2754514192745832,"{0: 0.016615999821629833, 1: 0.008744561958560082, 2: 0.008225232683432573, 3: 0.01360687936118808, 4: 0.015487612891813314, 5: 0.009581525142487201, 6: 0.011934588128690337, 7: 0.015440517469870694, 8: 0.011981277795705006, 9: 0.00672265479502293, 10: 0.013526962903923112, 11: 0.008729803530776847, 12: 0.008886334467195424, 13: 0.0065779155894112, 14: 0.014870272727612623, 15: 0.008681493551885494, 16: 0.0035094341276438587, 17: 0.010659862347900558, 18: 0.0070695898615156915, 19: 0.009159915590097257, 20: 0.010622685007897027, 21: 0.005783890201698421, 22: 0.015953490457922367, 23: 0.00495267461026187, 24: 0.007359915293859778, 25: 0.008146049429595308, 26: 0.014305230605610512, 27: 0.014695324967709521, 28: 0.007140250169163472, 29: 0.007993778163118664, 30: 0.006976880651896801, 31: 0.007065040271166634, 32: 0.0065993522284077425, 33: 0.011478696104738107, 34: 0.010739657614789767, 35: 0.008941268700731352, 36: 0.011391962553213269, 37: 0.006345815888938375, 38: 0.010323952531744778, 39: 0.011158534949488352, 40: 0.011092034487006425, 41: 0.00687046932165832, 42: 0.00622744153270653, 43: 0.009049840494099902, 44: 0.008461111529672213, 45: 0.008917698520523055, 46: 0.01704293904227066, 47: 0.00976188791036838, 48: 0.007237784953920074, 49: 0.024631263554053616, 50: 0.00731895717724721, 51: 0.010128982492284425, 52: 0.007875877807667754, 53: 0.008649611524715892, 54: 0.011131293691985785, 55: 0.009646153717931602, 56: 0.009351467036022378, 57: 0.00911541910311556, 58: 0.012621227616355504, 59: 0.00555789145988004, 60: 0.011223431600158863, 61: 0.016996152011790566, 62: 0.011174031615190172, 63: 0.0134625569628553, 64: 0.008475328207943113, 65: 0.010256159410667114, 66: 0.008312295930747237, 67: 0.011940490170413152, 68: 0.011025077802316721, 69: 0.007130909215453034, 70: 0.008245658047231664, 71: 0.006507723663337906, 72: 0.0107386389179775, 73: 0.009781255173688974, 74: 0.009293594059202976}","[60, 54, 51, 51, 51, 50, 49, 48, 47, 46, 46, 46, 46, 45, 45, 44, 44, 43, 43, 43, 42, 42, 42, 41, 41, 41, 41, 41, 41, 41, 41, 41, 41, 40, 40, 40, 39, 39, 39, 39, 39, 39, 38, 38, 38, 38, 38, 38, 38, 38, 37, 37, 37, 36, 36, 36, 35, 35, 35, 35, 35, 35, 35, 34, 34, 33, 33, 32, 32, 32, 32, 32, 31, 29, 26]","dict_values([27, 22, 25, 20, 23, 22, 29, 18, 25, 22, 21, 20, 24, 26, 17, 25, 19, 19, 20, 9, 11, 19, 24, 24, 20, 23, 22, 13, 28, 23, 14, 25, 16, 23, 36, 19, 21, 18, 23, 13, 26, 19, 17, 23, 11, 22, 18, 29, 27, 22, 25, 25, 24, 21, 23, 19, 19, 21, 17, 25, 19, 17, 22, 19, 11, 23, 26, 27, 23, 24, 22, 18, 26, 25, 25])",0.10298855717497567
36,39.733333333333334,0.2752359423705182,"{0: 0.016928994113037662, 1: 0.0081341113378132, 2: 0.008442936914432358, 3: 0.012194309699450644, 4: 0.015563778387399642, 5: 0.009942366491965704, 6: 0.011517935261894296, 7: 0.017034775743553335, 8: 0.0119032895843793, 9: 0.006331126205820968, 10: 0.013501671359732237, 11: 0.009269368271356498, 12: 0.008905846965879198, 13: 0.006783882212459537, 14: 0.015008759842423159, 15: 0.008903025888280581, 16: 0.0035734852277469744, 17: 0.010692455789119733, 18: 0.0064442089198021085, 19: 0.009264190130777384, 20: 0.010681508719696392, 21: 0.005824424771714824, 22: 0.016212328152244628, 23: 0.005012668267487212, 24: 0.0070116054532445545, 25: 0.008041243238396924, 26: 0.014394821782546642, 27: 0.014492866114890857, 28: 0.007205001101121859, 29: 0.008015062167908144, 30: 0.007351586712171157, 31: 0.007757960633008804, 32: 0.006710623138021656, 33: 0.011634320646525595, 34: 0.011001692550654715, 35: 0.008978617589663014, 36: 0.012498905696632815, 37: 0.006380448545371105, 38: 0.009307685328911002, 39: 0.011353250820701844, 40: 0.0109507913009337, 41: 0.006858030180666318, 42: 0.0057757026066989296, 43: 0.009739090809244344, 44: 0.0086450032059858, 45: 0.008545696347936574, 46: 0.017239730763686095, 47: 0.0088781503665455, 48: 0.007359655816344609, 49: 0.025869832787786425, 50: 0.007326796039057978, 51: 0.009849542062522367, 52: 0.00791267270735431, 53: 0.008855808059695948, 54: 0.011292425207345897, 55: 0.008415783612588316, 56: 0.009456714951767132, 57: 0.008570367641987655, 58: 0.012903145717733678, 59: 0.005352074717793291, 60: 0.011068197503805267, 61: 0.01736566773290601, 62: 0.011274517158957682, 63: 0.01368297157611377, 64: 0.00800519618121407, 65: 0.010408700712265271, 66: 0.00829999538453125, 67: 0.01189562300225369, 68: 0.010791553500840318, 69: 0.006402941525019666, 70: 0.00829321470887984, 71: 0.0065934822475586866, 72: 0.010660950435804428, 73: 0.010463148964222886, 74: 0.009325041958797369}","[61, 54, 51, 51, 51, 50, 50, 49, 47, 46, 46, 46, 45, 45, 45, 45, 43, 43, 43, 43, 42, 42, 42, 41, 41, 41, 41, 41, 41, 40, 40, 40, 40, 40, 40, 40, 40, 39, 39, 39, 39, 38, 38, 38, 38, 38, 38, 38, 37, 37, 37, 36, 36, 36, 36, 36, 36, 35, 35, 35, 35, 35, 34, 34, 33, 33, 33, 32, 32, 31, 31, 31, 31, 29, 26]","dict_values([27, 22, 25, 20, 23, 22, 29, 18, 25, 22, 21, 20, 24, 26, 17, 25, 19, 19, 20, 9, 11, 19, 24, 24, 20, 23, 22, 13, 28, 23, 14, 25, 16, 23, 36, 19, 21, 18, 23, 13, 26, 19, 17, 23, 11, 22, 18, 29, 27, 22, 25, 25, 24, 21, 23, 19, 19, 21, 17, 25, 19, 17, 22, 19, 11, 23, 26, 27, 23, 24, 22, 18, 26, 25, 25])",0.11025494347101483
36,39.68,0.27482320878150274,"{0: 0.01701200911750719, 1: 0.008191115547907404, 2: 0.008568096320493395, 3: 0.012293283567229595, 4: 0.01512189433493234, 5: 0.009398831167526281, 6: 0.01150388381194965, 7: 0.016882798280595787, 8: 0.011376467379775948, 9: 0.006337365504704547, 10: 0.013778953193183409, 11: 0.009996121257877544, 12: 0.009197300454381288, 13: 0.006741555504809968, 14: 0.01512802000078313, 15: 0.00928850458444768, 16: 0.00360420078062969, 17: 0.01213777820488905, 18: 0.006811621891966628, 19: 0.009878580215678967, 20: 0.010089086864457374, 21: 0.0062032145936255535, 22: 0.016731575508570906, 23: 0.005350709626020091, 24: 0.007793239673972705, 25: 0.007867296748660478, 26: 0.014237436598074988, 27: 0.01449480705663802, 28: 0.007138413107379802, 29: 0.009010714711682244, 30: 0.008069738096573102, 31: 0.008446876278096888, 32: 0.005955369782274568, 33: 0.011589108274496806, 34: 0.010992999134603585, 35: 0.008928590829619441, 36: 0.012100397001521983, 37: 0.006401195662634766, 38: 0.009304493974661553, 39: 0.01128920612251293, 40: 0.01004787380755219, 41: 0.006765036776537493, 42: 0.005293409052667866, 43: 0.009643862721206488, 44: 0.008239162353787655, 45: 0.008541369886237413, 46: 0.016203528485242678, 47: 0.009011120684063364, 48: 0.00703708267790033, 49: 0.025974353162067844, 50: 0.006868017193847431, 51: 0.009616025217384857, 52: 0.007792753977590471, 53: 0.00849457570412626, 54: 0.012104177771707093, 55: 0.008209238524436105, 56: 0.00938693292238101, 57: 0.00859339971612513, 58: 0.012811142793811108, 59: 0.00547469934078164, 60: 0.011148889163289535, 61: 0.01759355017749771, 62: 0.011638741562528058, 63: 0.013809997896489986, 64: 0.00792080490804695, 65: 0.010454867462693569, 66: 0.008352488051936018, 67: 0.011760091327780272, 68: 0.010806346042436351, 69: 0.006293658922035628, 70: 0.007967803222863537, 71: 0.006672954983627647, 72: 0.010269062277936317, 73: 0.009806557625668785, 74: 0.009059163360396874}","[61, 54, 51, 50, 50, 50, 50, 50, 48, 46, 46, 45, 45, 45, 45, 44, 44, 43, 43, 43, 42, 42, 42, 42, 41, 41, 41, 41, 41, 41, 40, 40, 40, 40, 40, 39, 39, 39, 39, 38, 38, 38, 38, 38, 38, 38, 38, 38, 37, 37, 37, 36, 36, 36, 36, 36, 36, 36, 35, 35, 35, 34, 34, 33, 33, 33, 32, 32, 32, 32, 31, 31, 30, 30, 26]","dict_values([27, 22, 25, 20, 23, 22, 29, 18, 25, 22, 21, 20, 24, 26, 17, 25, 19, 19, 20, 9, 11, 19, 24, 24, 20, 23, 22, 13, 28, 23, 14, 25, 16, 23, 36, 19, 21, 18, 23, 13, 26, 19, 17, 23, 11, 22, 18, 29, 27, 22, 25, 25, 24, 21, 23, 19, 19, 21, 17, 25, 19, 17, 22, 19, 11, 23, 26, 27, 23, 24, 22, 18, 26, 25, 25])",0.1049606529656608
36,39.626666666666665,0.2746363329618431,"{0: 0.016804851196966723, 1: 0.009224714852780027, 2: 0.009220641296772041, 3: 0.012493476293873639, 4: 0.015508364913915152, 5: 0.010152269540141978, 6: 0.011788136852239998, 7: 0.017230970210924, 8: 0.011975849421764356, 9: 0.006362467432169286, 10: 0.01371638682626922, 11: 0.009680567050650632, 12: 0.009280215009892604, 13: 0.006050277329877254, 14: 0.015105352087672195, 15: 0.008558387007526579, 16: 0.003505824081091718, 17: 0.012054503064025357, 18: 0.007197936118124486, 19: 0.010041617445203113, 20: 0.009966331801921895, 21: 0.006338202571079283, 22: 0.016446301518823682, 23: 0.005716201822534507, 24: 0.007734482961774884, 25: 0.0079979744199468, 26: 0.013491224368571114, 27: 0.015250357023252994, 28: 0.007181017347969403, 29: 0.009059478677143778, 30: 0.00813874702011075, 31: 0.00938603346221781, 32: 0.005836029448539521, 33: 0.01079841497780003, 34: 0.011215544106895568, 35: 0.00833114787762162, 36: 0.011293923002434043, 37: 0.005337409457475505, 38: 0.010049365921008838, 39: 0.011403274693967685, 40: 0.009788187177126671, 41: 0.006501868680807039, 42: 0.005436810869918312, 43: 0.010239008498847107, 44: 0.008298924363998511, 45: 0.007273748735549564, 46: 0.01761634905664987, 47: 0.0092742134981604, 48: 0.007218012253371824, 49: 0.02539973561069235, 50: 0.006896633365251942, 51: 0.009437111368783436, 52: 0.007522419664930863, 53: 0.008949766941357021, 54: 0.012471756120810666, 55: 0.007725117917307654, 56: 0.009242053637954122, 57: 0.00846121061312229, 58: 0.013706166447304439, 59: 0.0050034297568747116, 60: 0.011251233176708538, 61: 0.01758851459971481, 62: 0.010776456727302819, 63: 0.013879455532412585, 64: 0.00720274476326563, 65: 0.010216683295870686, 66: 0.008320181538021422, 67: 0.012591579568159815, 68: 0.010331914760400867, 69: 0.006442716363774287, 70: 0.00792495228815588, 71: 0.006564041450843513, 72: 0.010200058439270117, 73: 0.009727168117579078, 74: 0.008871328055705575}","[60, 54, 51, 51, 51, 50, 50, 50, 48, 47, 47, 46, 45, 45, 44, 44, 43, 43, 43, 43, 42, 42, 42, 42, 41, 41, 41, 41, 40, 40, 40, 40, 40, 40, 40, 40, 39, 39, 39, 39, 38, 38, 38, 38, 38, 38, 37, 37, 37, 37, 37, 37, 36, 36, 36, 36, 36, 36, 35, 34, 34, 33, 33, 33, 33, 33, 32, 32, 32, 31, 31, 31, 30, 30, 26]","dict_values([27, 22, 25, 20, 23, 22, 29, 18, 25, 22, 21, 20, 24, 26, 17, 25, 19, 19, 20, 9, 11, 19, 24, 24, 20, 23, 22, 13, 28, 23, 14, 25, 16, 23, 36, 19, 21, 18, 23, 13, 26, 19, 17, 23, 11, 22, 18, 29, 27, 22, 25, 25, 24, 21, 23, 19, 19, 21, 17, 25, 19, 17, 22, 19, 11, 23, 26, 27, 23, 24, 22, 18, 26, 25, 25])",0.10585382819278724
36,39.81333333333333,0.2761081874823566,"{0: 0.016623485030759076, 1: 0.009118513360203515, 2: 0.009250548595081745, 3: 0.012058340623217409, 4: 0.01537021181931328, 5: 0.009896921541394156, 6: 0.01198439397675139, 7: 0.016932359922538293, 8: 0.012240245577304796, 9: 0.00623694831595838, 10: 0.013659551258180245, 11: 0.010174814623580506, 12: 0.009225659568125322, 13: 0.006102683848731907, 14: 0.01499663332006296, 15: 0.00845424285503021, 16: 0.003523707718913198, 17: 0.012208262087494795, 18: 0.007285111536088362, 19: 0.009965454895662978, 20: 0.01032763774753978, 21: 0.006286014947093253, 22: 0.01611964303293274, 23: 0.005571796578348097, 24: 0.007684305122075569, 25: 0.007278325771476457, 26: 0.013530908115685204, 27: 0.015066419279065402, 28: 0.007125999599420169, 29: 0.009346521946304698, 30: 0.008120280479222896, 31: 0.009244723743486095, 32: 0.005786068498562941, 33: 0.010651945541493688, 34: 0.010582699122892952, 35: 0.008348490828545815, 36: 0.010984767278588768, 37: 0.005339985730098893, 38: 0.009795104309064991, 39: 0.01122181622674772, 40: 0.009613717032111418, 41: 0.006530323730215584, 42: 0.005497122196272366, 43: 0.01076683869240032, 44: 0.008532458810361349, 45: 0.0070088669166091305, 46: 0.019192817269083166, 47: 0.009211274823861587, 48: 0.0070286004584694285, 49: 0.02408760413244445, 50: 0.006681223469909726, 51: 0.009504985232440304, 52: 0.007440299141826651, 53: 0.008607944161944648, 54: 0.01311603675751751, 55: 0.008023554107944562, 56: 0.0094404404469136, 57: 0.009013976575443606, 58: 0.013874742551689249, 59: 0.005139249392447369, 60: 0.011062789046126047, 61: 0.01738671708393277, 62: 0.010487908446436394, 63: 0.014582662167181458, 64: 0.007512251447166462, 65: 0.01073358681704312, 66: 0.008270650744071312, 67: 0.013178713004831607, 68: 0.009420571935906225, 69: 0.006384353181781993, 70: 0.007930417573532212, 71: 0.0063594197155841, 72: 0.010093674506717972, 73: 0.010126436935882858, 74: 0.008416234525525774}","[58, 54, 53, 51, 51, 50, 50, 50, 48, 48, 47, 47, 45, 45, 44, 44, 44, 44, 43, 43, 42, 42, 42, 42, 42, 41, 41, 41, 41, 41, 41, 40, 40, 40, 40, 39, 39, 39, 39, 39, 39, 39, 39, 38, 38, 38, 38, 38, 37, 37, 37, 36, 36, 36, 36, 36, 36, 36, 35, 35, 34, 34, 33, 33, 33, 33, 32, 32, 32, 32, 31, 31, 30, 30, 26]","dict_values([27, 22, 25, 20, 23, 22, 29, 18, 25, 22, 21, 20, 24, 26, 17, 25, 19, 19, 20, 9, 11, 19, 24, 24, 20, 23, 22, 13, 28, 23, 14, 25, 16, 23, 36, 19, 21, 18, 23, 13, 26, 19, 17, 23, 11, 22, 18, 29, 27, 22, 25, 25, 24, 21, 23, 19, 19, 21, 17, 25, 19, 17, 22, 19, 11, 23, 26, 27, 23, 24, 22, 18, 26, 25, 25])",0.10514349392947397
36,39.733333333333334,0.27609638563212874,"{0: 0.016975137339704037, 1: 0.009307986262055564, 2: 0.009760882535922222, 3: 0.012140918238989358, 4: 0.014914284665606242, 5: 0.0099617584527353, 6: 0.012237380038473935, 7: 0.016761242675943963, 8: 0.012491837964181263, 9: 0.00633295302423588, 10: 0.01406180140069678, 11: 0.010369376617367202, 12: 0.009203195453279913, 13: 0.006228313337733319, 14: 0.01502380365232134, 15: 0.008477088020790453, 16: 0.003774835925067593, 17: 0.012235473575242007, 18: 0.007326782241424204, 19: 0.010045992555774853, 20: 0.009592277772380337, 21: 0.005902737313117401, 22: 0.015787929262596125, 23: 0.005620846113699002, 24: 0.007256637161070329, 25: 0.006641823162073311, 26: 0.013500313071305317, 27: 0.015208070008863084, 28: 0.007144806231499054, 29: 0.009530987447211009, 30: 0.007608234608981828, 31: 0.008821456595606531, 32: 0.005604632669212123, 33: 0.01082272742597776, 34: 0.01060915830840273, 35: 0.008901402631711262, 36: 0.010756305151361372, 37: 0.005373413151589936, 38: 0.009465442535610115, 39: 0.011728178516583341, 40: 0.010627206962197808, 41: 0.00721174656663478, 42: 0.005471672539935281, 43: 0.011140265041557277, 44: 0.0091948746792191, 45: 0.007073641802049307, 46: 0.020336279173146714, 47: 0.008943117710366922, 48: 0.007416909237189169, 49: 0.023189192403513782, 50: 0.006707370937636566, 51: 0.008812399475667967, 52: 0.006996932818128445, 53: 0.008640582419473096, 54: 0.013015818272407864, 55: 0.008091776108250303, 56: 0.009369453499319377, 57: 0.009099810201971112, 58: 0.014014745699598334, 59: 0.005102882719411561, 60: 0.011261919546168852, 61: 0.0177338393809663, 62: 0.01049882857234533, 63: 0.013995396585093677, 64: 0.007226538102125147, 65: 0.010767594936405403, 66: 0.007775245833348019, 67: 0.013666197542578775, 68: 0.00958967880019203, 69: 0.005748976683832394, 70: 0.007994021536677345, 71: 0.006472272384831944, 72: 0.009008377375179144, 73: 0.010138538953686589, 74: 0.008507713034107422}","[57, 54, 54, 51, 50, 50, 50, 50, 48, 48, 47, 46, 45, 45, 45, 44, 44, 44, 44, 43, 42, 42, 42, 42, 42, 42, 41, 41, 41, 41, 40, 40, 40, 40, 40, 39, 39, 39, 39, 39, 39, 38, 38, 38, 38, 38, 38, 37, 37, 37, 37, 37, 36, 36, 36, 35, 35, 35, 35, 35, 34, 34, 33, 33, 32, 32, 32, 32, 32, 32, 31, 31, 30, 30, 27]","dict_values([27, 22, 25, 20, 23, 22, 29, 18, 25, 22, 21, 20, 24, 26, 17, 25, 19, 19, 20, 9, 11, 19, 24, 24, 20, 23, 22, 13, 28, 23, 14, 25, 16, 23, 36, 19, 21, 18, 23, 13, 26, 19, 17, 23, 11, 22, 18, 29, 27, 22, 25, 25, 24, 21, 23, 19, 19, 21, 17, 25, 19, 17, 22, 19, 11, 23, 26, 27, 23, 24, 22, 18, 26, 25, 25])",0.11264717805504257
36,39.76,0.2758027676804345,"{0: 0.016892925259877137, 1: 0.010229327413769685, 2: 0.010316918986300301, 3: 0.012189864540727088, 4: 0.015358275224501889, 5: 0.01051080491392528, 6: 0.011565185532501764, 7: 0.015928539857225664, 8: 0.012231979564389376, 9: 0.006205245971727684, 10: 0.014082720176474483, 11: 0.010980874629142158, 12: 0.009222961612127895, 13: 0.0072360898219943105, 14: 0.01499158447457833, 15: 0.008854037445407732, 16: 0.003738931799719471, 17: 0.01177430899490176, 18: 0.007538115889594625, 19: 0.009558737983395517, 20: 0.010183900793901496, 21: 0.0055639653242392974, 22: 0.015645727825295323, 23: 0.005845745396817463, 24: 0.00715488809767617, 25: 0.006586856019177183, 26: 0.013879523905248402, 27: 0.013819746965539531, 28: 0.007081977383865263, 29: 0.009501368685757154, 30: 0.007606461571969753, 31: 0.00912572106921422, 32: 0.005672849153901863, 33: 0.01126042896485737, 34: 0.010381668857696256, 35: 0.008961327619037618, 36: 0.010563309262311645, 37: 0.00546907515209726, 38: 0.009304744411919998, 39: 0.011783123913159187, 40: 0.010507412595121246, 41: 0.006910916173010477, 42: 0.0051405445417878415, 43: 0.01057469660953598, 44: 0.009771644519687572, 45: 0.006920737755418261, 46: 0.020495633099979777, 47: 0.008957335781087915, 48: 0.007070558305692085, 49: 0.02278762972011558, 50: 0.006711647316173819, 51: 0.008741472168782608, 52: 0.006924759102394601, 53: 0.008164562326547253, 54: 0.013001051041901692, 55: 0.007946058020716813, 56: 0.00936226075768827, 57: 0.009303352454037385, 58: 0.014883070936305176, 59: 0.005211981462725953, 60: 0.011338860988950329, 61: 0.017000986874551895, 62: 0.01065633466193899, 63: 0.013493074519926521, 64: 0.007605993772557627, 65: 0.010682417395160834, 66: 0.007885725236364122, 67: 0.012936519110477893, 68: 0.009167088638569012, 69: 0.005984344138956747, 70: 0.008139472856084637, 71: 0.006686315580352649, 72: 0.009445167818991962, 73: 0.009869911019617476, 74: 0.0085303963905438}","[57, 54, 54, 50, 50, 50, 50, 49, 49, 48, 46, 45, 45, 44, 44, 44, 44, 44, 44, 43, 43, 43, 42, 42, 41, 41, 41, 41, 41, 41, 40, 40, 40, 40, 40, 39, 39, 39, 39, 39, 39, 39, 39, 38, 38, 38, 38, 38, 38, 38, 37, 37, 36, 36, 35, 35, 35, 35, 35, 35, 34, 34, 34, 33, 33, 33, 32, 32, 32, 32, 31, 31, 31, 29, 27]","dict_values([27, 22, 25, 20, 23, 22, 29, 18, 25, 22, 21, 20, 24, 26, 17, 25, 19, 19, 20, 9, 11, 19, 24, 24, 20, 23, 22, 13, 28, 23, 14, 25, 16, 23, 36, 19, 21, 18, 23, 13, 26, 19, 17, 23, 11, 22, 18, 29, 27, 22, 25, 25, 24, 21, 23, 19, 19, 21, 17, 25, 19, 17, 22, 19, 11, 23, 26, 27, 23, 24, 22, 18, 26, 25, 25])",0.1140853617119664
36,39.653333333333336,0.27494313245247015,"{0: 0.01714210935239372, 1: 0.010275459316520411, 2: 0.010358393961622908, 3: 0.01231630161418071, 4: 0.015412008176570366, 5: 0.010554833785225192, 6: 0.011669904603745816, 7: 0.016747934227683944, 8: 0.012286480947981317, 9: 0.006712875309685384, 10: 0.014136466844060051, 11: 0.011086178018044486, 12: 0.009151060084783579, 13: 0.007074617679810891, 14: 0.014975962941076896, 15: 0.00883865058767024, 16: 0.003711512703622987, 17: 0.011747748613174786, 18: 0.007627256639371868, 19: 0.009492740535395165, 20: 0.010182956784753018, 21: 0.00588043430775744, 22: 0.014030675193924593, 23: 0.005898513765748271, 24: 0.006752618499193841, 25: 0.006438735526000801, 26: 0.013935450921022085, 27: 0.014074848202856236, 28: 0.007174950289433611, 29: 0.009647867131848547, 30: 0.007641487891655838, 31: 0.009238004771479591, 32: 0.005804633554715175, 33: 0.011526182494514963, 34: 0.011104094311720748, 35: 0.009069393647204277, 36: 0.010567497712317369, 37: 0.005203569799812474, 38: 0.009374579413765365, 39: 0.01143217766894726, 40: 0.00987945493684109, 41: 0.006839284486939352, 42: 0.005092991369824956, 43: 0.011006268555989253, 44: 0.009953800721619619, 45: 0.006548536758247447, 46: 0.01900791704338143, 47: 0.00791524578084218, 48: 0.007322423844689004, 49: 0.02436238448416794, 50: 0.0064829959142418386, 51: 0.009284586275238989, 52: 0.00715194246869477, 53: 0.008108425142315545, 54: 0.013153887195527254, 55: 0.007767038476805369, 56: 0.009396535396699575, 57: 0.008999947842774086, 58: 0.01570883043485783, 59: 0.0051125046040191744, 60: 0.011567065847887765, 61: 0.01792183072686226, 62: 0.009631890338203743, 63: 0.012237908278132887, 64: 0.007072745910905834, 65: 0.010856038505385511, 66: 0.008013525481991753, 67: 0.012953840658900368, 68: 0.009716524359460337, 69: 0.00592387605738537, 70: 0.008716934695375761, 71: 0.006431919242696191, 72: 0.009547339403046329, 73: 0.009935118550578432, 74: 0.008616629653261869}","[59, 54, 52, 51, 50, 50, 50, 50, 48, 48, 47, 45, 44, 44, 44, 44, 44, 43, 43, 43, 43, 43, 42, 42, 41, 41, 41, 41, 41, 40, 40, 40, 40, 40, 40, 39, 39, 39, 39, 39, 39, 39, 39, 38, 38, 38, 38, 38, 38, 37, 37, 36, 36, 35, 35, 35, 35, 35, 35, 35, 34, 34, 34, 33, 33, 32, 32, 32, 32, 31, 31, 31, 30, 29, 27]","dict_values([27, 22, 25, 20, 23, 22, 29, 18, 25, 22, 21, 20, 24, 26, 17, 25, 19, 19, 20, 9, 11, 19, 24, 24, 20, 23, 22, 13, 28, 23, 14, 25, 16, 23, 36, 19, 21, 18, 23, 13, 26, 19, 17, 23, 11, 22, 18, 29, 27, 22, 25, 25, 24, 21, 23, 19, 19, 21, 17, 25, 19, 17, 22, 19, 11, 23, 26, 27, 23, 24, 22, 18, 26, 25, 25])",0.10556452265747214
36,39.68,0.27520501701836864,"{0: 0.017124834314148026, 1: 0.010288475146308691, 2: 0.010168177878432272, 3: 0.012136210244148864, 4: 0.015545968030116973, 5: 0.010347017420145075, 6: 0.011029900428584184, 7: 0.01664787002902054, 8: 0.012084724528452802, 9: 0.006438030957445215, 10: 0.013993430938774832, 11: 0.011651578853782547, 12: 0.008916244682409437, 13: 0.00719699030518732, 14: 0.015475139615799504, 15: 0.009470359292034885, 16: 0.003969767285004078, 17: 0.01114101545443583, 18: 0.007668722468103008, 19: 0.010004260779055467, 20: 0.010227975150649818, 21: 0.006385844794678264, 22: 0.014320723279451476, 23: 0.006328469633633905, 24: 0.006840936747130909, 25: 0.006477859679492221, 26: 0.01371848915825667, 27: 0.01430824647718023, 28: 0.007716200439973096, 29: 0.00971821915593871, 30: 0.007127487490269679, 31: 0.00884728958685697, 32: 0.005704602388667293, 33: 0.011663330959205935, 34: 0.010383702844657752, 35: 0.008303165362807542, 36: 0.01068897868556674, 37: 0.004932520949694154, 38: 0.00926901030127609, 39: 0.011086041301757709, 40: 0.009883984422355043, 41: 0.006880964879017473, 42: 0.005521624741855522, 43: 0.01115097350409084, 44: 0.009720703128020626, 45: 0.0064097360330237045, 46: 0.020505928933815566, 47: 0.008382282102504945, 48: 0.0075772115665569155, 49: 0.024554443893315396, 50: 0.007060594722125726, 51: 0.009389783015245139, 52: 0.008009321204365023, 53: 0.008072868701550915, 54: 0.01305600062613102, 55: 0.007750016682136569, 56: 0.009559495826922415, 57: 0.009015548659922228, 58: 0.01596813565593432, 59: 0.005078924812122478, 60: 0.01155764855416503, 61: 0.017909553206481754, 62: 0.009348643099874217, 63: 0.011644286813953447, 64: 0.00708275506357474, 65: 0.009795164637476692, 66: 0.008364984009863798, 67: 0.011695518699556564, 68: 0.00882559527784597, 69: 0.005820034325621153, 70: 0.00812263657075275, 71: 0.0072898245679043905, 72: 0.00893397502793099, 73: 0.010489587971912321, 74: 0.008203443428204567}","[59, 54, 53, 51, 51, 50, 50, 50, 48, 48, 47, 45, 44, 44, 44, 43, 43, 43, 43, 43, 43, 43, 42, 42, 42, 41, 41, 40, 40, 40, 40, 40, 40, 40, 39, 39, 39, 39, 39, 39, 39, 39, 38, 38, 38, 38, 38, 38, 38, 37, 37, 36, 36, 36, 36, 36, 35, 34, 34, 34, 34, 34, 34, 33, 33, 33, 33, 32, 32, 32, 31, 31, 30, 30, 28]","dict_values([27, 22, 25, 20, 23, 22, 29, 18, 25, 22, 21, 20, 24, 26, 17, 25, 19, 19, 20, 9, 11, 19, 24, 24, 20, 23, 22, 13, 28, 23, 14, 25, 16, 23, 36, 19, 21, 18, 23, 13, 26, 19, 17, 23, 11, 22, 18, 29, 27, 22, 25, 25, 24, 21, 23, 19, 19, 21, 17, 25, 19, 17, 22, 19, 11, 23, 26, 27, 23, 24, 22, 18, 26, 25, 25])",0.1069352309515551
36,39.78666666666667,0.27662417460349026,"{0: 0.017077915921063627, 1: 0.00975976058167839, 2: 0.010193179427437353, 3: 0.012267436291342785, 4: 0.015578900321834259, 5: 0.01046221033494684, 6: 0.01151738754700315, 7: 0.01626872415766741, 8: 0.011915630461399264, 9: 0.0062394764999620335, 10: 0.01474318751716012, 11: 0.011960250291952836, 12: 0.008304463807909978, 13: 0.00645461807399185, 14: 0.01629020751304759, 15: 0.009339799139088195, 16: 0.003620983195285259, 17: 0.01035522501275926, 18: 0.00804234055066488, 19: 0.009459995431130463, 20: 0.010452480714786688, 21: 0.0062394637720525874, 22: 0.014421335072020007, 23: 0.0065125372022991485, 24: 0.00773496603976056, 25: 0.006462148503889008, 26: 0.013623488286972709, 27: 0.013786373385013432, 28: 0.008458848270492106, 29: 0.009491586972612756, 30: 0.0071492165181010585, 31: 0.00882663923759814, 32: 0.00529946016855627, 33: 0.012138297598047954, 34: 0.010430858877033376, 35: 0.008192054921506976, 36: 0.010441480651122267, 37: 0.0053970298210558685, 38: 0.009715400495957784, 39: 0.010973072413473152, 40: 0.010859569788008993, 41: 0.006776034025793059, 42: 0.005521603670282851, 43: 0.011170720468448924, 44: 0.008273361071446536, 45: 0.0071580050615593005, 46: 0.01980569270754893, 47: 0.008347868477384003, 48: 0.00752669733335591, 49: 0.025126394229444717, 50: 0.006128895209006186, 51: 0.009425027837330595, 52: 0.008592798209609247, 53: 0.007962011110156963, 54: 0.01292507209826192, 55: 0.008487868100640832, 56: 0.009420836061823885, 57: 0.008546618798305374, 58: 0.016809162682048743, 59: 0.005036771066552583, 60: 0.010573669574304258, 61: 0.01768473356513885, 62: 0.009447016814455155, 63: 0.01242920606688634, 64: 0.007610026868771202, 65: 0.009485420499790521, 66: 0.008104618013981164, 67: 0.011768965171379207, 68: 0.00891096991794266, 69: 0.006340142049469285, 70: 0.008112040854058242, 71: 0.007391434595318295, 72: 0.008811622793886415, 73: 0.010212892207123202, 74: 0.007412692782000447}","[60, 54, 52, 52, 51, 51, 50, 50, 49, 48, 46, 45, 44, 44, 44, 44, 44, 44, 43, 43, 43, 42, 42, 42, 42, 41, 41, 41, 41, 41, 41, 40, 40, 40, 40, 39, 39, 39, 39, 39, 39, 39, 38, 38, 38, 38, 38, 38, 37, 37, 37, 37, 37, 36, 36, 35, 35, 35, 34, 34, 34, 34, 34, 33, 33, 33, 32, 32, 32, 31, 31, 31, 31, 30, 27]","dict_values([27, 22, 25, 20, 23, 22, 29, 18, 25, 22, 21, 20, 24, 26, 17, 25, 19, 19, 20, 9, 11, 19, 24, 24, 20, 23, 22, 13, 28, 23, 14, 25, 16, 23, 36, 19, 21, 18, 23, 13, 26, 19, 17, 23, 11, 22, 18, 29, 27, 22, 25, 25, 24, 21, 23, 19, 19, 21, 17, 25, 19, 17, 22, 19, 11, 23, 26, 27, 23, 24, 22, 18, 26, 25, 25])",0.10357069697906257
36,39.84,0.2770089238667176,"{0: 0.017011218437350522, 1: 0.009689240425793699, 2: 0.010122312663782886, 3: 0.012922790656918592, 4: 0.016249578746623843, 5: 0.010364003942597124, 6: 0.011359345183305765, 7: 0.01538570439196415, 8: 0.011731543221982013, 9: 0.006185515004711492, 10: 0.01457777323020073, 11: 0.011833857449408888, 12: 0.00831200821894138, 13: 0.006466183541842573, 14: 0.016171894596085628, 15: 0.009296070302098516, 16: 0.003928029545343773, 17: 0.009280615216679824, 18: 0.008693737534073874, 19: 0.009455516603671162, 20: 0.010350178514688136, 21: 0.006174737792662026, 22: 0.01455393555885809, 23: 0.00648405331147584, 24: 0.007631658643266545, 25: 0.006394098173519964, 26: 0.01369875438402443, 27: 0.013708554088039797, 28: 0.007946309433357394, 29: 0.009526752122696498, 30: 0.0071510477178776035, 31: 0.009243426940537237, 32: 0.0052281900540308195, 33: 0.011373887822162199, 34: 0.010301105122018659, 35: 0.008186781846220905, 36: 0.009896793420407113, 37: 0.005333816569567363, 38: 0.009707714836781038, 39: 0.010512383300526807, 40: 0.010865579669621182, 41: 0.006737958414440143, 42: 0.005337611441623784, 43: 0.012371762292768373, 44: 0.008809721409124985, 45: 0.0070281567399999205, 46: 0.019805833248495386, 47: 0.008412171829443718, 48: 0.008363534783442976, 49: 0.02513753021156788, 50: 0.006537932767508606, 51: 0.009259394941969198, 52: 0.008237815305227278, 53: 0.008354240090419152, 54: 0.013169483119993339, 55: 0.008614060959905143, 56: 0.008918895580223591, 57: 0.008434941799985142, 58: 0.016824109709547924, 59: 0.004973454228729972, 60: 0.010687274567977164, 61: 0.016810265661425954, 62: 0.009314664760928367, 63: 0.01340836632837454, 64: 0.008053979632729674, 65: 0.009518429999719498, 66: 0.007919669356432657, 67: 0.011791481055254207, 68: 0.008564076183066488, 69: 0.0064463045067552705, 70: 0.008079359487691928, 71: 0.007361326418785348, 72: 0.008787692640399533, 73: 0.0102806410522782, 74: 0.0077658187722951955}","[60, 54, 52, 52, 51, 51, 50, 49, 49, 48, 46, 45, 45, 45, 44, 44, 44, 43, 43, 43, 43, 42, 42, 42, 41, 41, 41, 41, 41, 40, 40, 40, 40, 40, 40, 40, 40, 39, 39, 39, 39, 39, 39, 38, 38, 38, 38, 37, 37, 37, 37, 37, 37, 36, 36, 36, 36, 35, 34, 34, 34, 34, 34, 33, 33, 33, 33, 32, 32, 32, 31, 31, 31, 30, 28]","dict_values([27, 22, 25, 20, 23, 22, 29, 18, 25, 22, 21, 20, 24, 26, 17, 25, 19, 19, 20, 9, 11, 19, 24, 24, 20, 23, 22, 13, 28, 23, 14, 25, 16, 23, 36, 19, 21, 18, 23, 13, 26, 19, 17, 23, 11, 22, 18, 29, 27, 22, 25, 25, 24, 21, 23, 19, 19, 21, 17, 25, 19, 17, 22, 19, 11, 23, 26, 27, 23, 24, 22, 18, 26, 25, 25])",0.10537061230195209
36,39.733333333333334,0.276161800735493,"{0: 0.01736032481380963, 1: 0.009740519711454093, 2: 0.010099064798893859, 3: 0.01209775094564696, 4: 0.016248068289345288, 5: 0.010593558849165949, 6: 0.01196436199538923, 7: 0.015606571203749274, 8: 0.012668371353489105, 9: 0.006157439857339666, 10: 0.01564842796779167, 11: 0.011914620725364904, 12: 0.008302384498830714, 13: 0.0064811619938214, 14: 0.01607012321203525, 15: 0.009421497931555155, 16: 0.004390661694116131, 17: 0.009289518105873043, 18: 0.008224487262523386, 19: 0.009505043093639087, 20: 0.010369180719702513, 21: 0.0061880688891535795, 22: 0.014781204434522707, 23: 0.006469878462177938, 24: 0.007554406504780075, 25: 0.006564560129776408, 26: 0.013673747056265837, 27: 0.013822580694567098, 28: 0.00801056061062227, 29: 0.009745687603643607, 30: 0.0071112513057988705, 31: 0.008502812152483118, 32: 0.005231950633188188, 33: 0.0112005838484912, 34: 0.010402514317516758, 35: 0.008195738679118247, 36: 0.009212830255460557, 37: 0.005422269765979258, 38: 0.009199677681661005, 39: 0.01053563876853246, 40: 0.010926372121466034, 41: 0.006893193420147356, 42: 0.005318063654146908, 43: 0.012355139846371701, 44: 0.009002512369690999, 45: 0.00580911824921362, 46: 0.019582918332670004, 47: 0.008491624028602348, 48: 0.008442039390631073, 49: 0.024099757411963265, 50: 0.0064830589112648855, 51: 0.009170566971392636, 52: 0.008381733797077913, 53: 0.007903343519781876, 54: 0.014698098728185003, 55: 0.008846480643088694, 56: 0.00933250224288479, 57: 0.008034397235868471, 58: 0.018138269878610308, 59: 0.00497064062280606, 60: 0.01012429319145123, 61: 0.0167635526815069, 62: 0.009231434471779269, 63: 0.013626213726864818, 64: 0.0075362151984111414, 65: 0.0095936429613814, 66: 0.007965498727067125, 67: 0.011001930556139692, 68: 0.008868279604773157, 69: 0.006533786248289394, 70: 0.007390194397243799, 71: 0.007374497089413111, 72: 0.009049409129299607, 73: 0.010297925727825775, 74: 0.007764201500079135}","[59, 54, 52, 52, 52, 51, 50, 50, 49, 48, 46, 46, 45, 45, 44, 44, 44, 43, 43, 42, 42, 42, 42, 42, 41, 41, 41, 40, 40, 40, 40, 40, 40, 40, 40, 40, 39, 39, 39, 39, 39, 38, 38, 38, 38, 38, 38, 38, 37, 37, 37, 37, 36, 36, 36, 36, 35, 35, 34, 34, 34, 34, 33, 33, 33, 33, 32, 32, 32, 31, 31, 31, 31, 30, 29]","dict_values([27, 22, 25, 20, 23, 22, 29, 18, 25, 22, 21, 20, 24, 26, 17, 25, 19, 19, 20, 9, 11, 19, 24, 24, 20, 23, 22, 13, 28, 23, 14, 25, 16, 23, 36, 19, 21, 18, 23, 13, 26, 19, 17, 23, 11, 22, 18, 29, 27, 22, 25, 25, 24, 21, 23, 19, 19, 21, 17, 25, 19, 17, 22, 19, 11, 23, 26, 27, 23, 24, 22, 18, 26, 25, 25])",0.110681050403135
36,39.81333333333333,0.2769139402806966,"{0: 0.016495650633272105, 1: 0.009766249938382949, 2: 0.01063293549813515, 3: 0.012463033036989693, 4: 0.016030381951527634, 5: 0.010587697769523006, 6: 0.011498904362765886, 7: 0.015583747802457222, 8: 0.012596614253696977, 9: 0.0060249069982741335, 10: 0.015714123402685874, 11: 0.011833704494828444, 12: 0.008413496602358747, 13: 0.006378586548780203, 14: 0.016798519546352912, 15: 0.009406350673473963, 16: 0.004213818083681098, 17: 0.009223400422030561, 18: 0.008169034470404334, 19: 0.00943986808572481, 20: 0.010696796310409427, 21: 0.00619381401952081, 22: 0.014389384314154137, 23: 0.006453809364768271, 24: 0.008014311917017956, 25: 0.0065619831030789945, 26: 0.012579165444618064, 27: 0.013717580860518207, 28: 0.008372981777837957, 29: 0.009565907593195002, 30: 0.007015880570281963, 31: 0.008051868996176206, 32: 0.005104930789557105, 33: 0.011308177581453405, 34: 0.010435938959424962, 35: 0.007905283294326448, 36: 0.00906983314517561, 37: 0.005347993875391136, 38: 0.009114744731183087, 39: 0.010529443835584434, 40: 0.012076924192394816, 41: 0.006987393089987288, 42: 0.005268412425946672, 43: 0.012387487558720435, 44: 0.008651141365092478, 45: 0.0056466269908319495, 46: 0.01875717903740447, 47: 0.008249896950043523, 48: 0.00848070056572456, 49: 0.024905455143409496, 50: 0.006412249080181083, 51: 0.00915421254833699, 52: 0.00874576250864529, 53: 0.007884479973521067, 54: 0.014533996388958748, 55: 0.008947518675931373, 56: 0.009775042860008491, 57: 0.008077146432271592, 58: 0.019176346616131414, 59: 0.004974364708698789, 60: 0.010089467864951523, 61: 0.01647742053306749, 62: 0.009214005081531836, 63: 0.013615172380710578, 64: 0.0075391485378516025, 65: 0.009388765057666252, 66: 0.007860544008897258, 67: 0.010732591254720385, 68: 0.008823182274163408, 69: 0.006484716742501013, 70: 0.007622238443851062, 71: 0.007365744397289515, 72: 0.00931336365036823, 73: 0.010175883885557907, 74: 0.007744104626386372}","[60, 53, 53, 53, 51, 51, 50, 50, 49, 47, 46, 46, 45, 45, 45, 44, 44, 43, 43, 43, 42, 42, 42, 41, 41, 41, 41, 41, 41, 40, 40, 40, 40, 40, 40, 40, 39, 39, 39, 39, 39, 39, 39, 38, 38, 38, 38, 38, 38, 37, 37, 37, 37, 36, 36, 36, 35, 35, 34, 34, 34, 34, 33, 33, 33, 33, 32, 32, 32, 31, 31, 31, 31, 30, 28]","dict_values([27, 22, 25, 20, 23, 22, 29, 18, 25, 22, 21, 20, 24, 26, 17, 25, 19, 19, 20, 9, 11, 19, 24, 24, 20, 23, 22, 13, 28, 23, 14, 25, 16, 23, 36, 19, 21, 18, 23, 13, 26, 19, 17, 23, 11, 22, 18, 29, 27, 22, 25, 25, 24, 21, 23, 19, 19, 21, 17, 25, 19, 17, 22, 19, 11, 23, 26, 27, 23, 24, 22, 18, 26, 25, 25])",0.0969615293338101
36,39.81333333333333,0.27664880878875536,"{0: 0.016628418657326574, 1: 0.009300081501739367, 2: 0.011238134382436602, 3: 0.012579550246804022, 4: 0.01615116411531451, 5: 0.010727521099341062, 6: 0.011376940235425181, 7: 0.014800714563573186, 8: 0.012530818730876966, 9: 0.0062711989379499265, 10: 0.015628963394443588, 11: 0.012124631089895276, 12: 0.008882286795950066, 13: 0.006446285873878828, 14: 0.01626371273020836, 15: 0.010231377697131122, 16: 0.0041762056577422865, 17: 0.009163667999284435, 18: 0.00773593454355813, 19: 0.009409583895885266, 20: 0.010704781872494573, 21: 0.006174360768977627, 22: 0.0142983765292963, 23: 0.0070277904537403135, 24: 0.008120775026352327, 25: 0.006681499229146639, 26: 0.012593923268722409, 27: 0.013721752762848654, 28: 0.008010093531223023, 29: 0.00959557873789728, 30: 0.006907210829736031, 31: 0.008712693854572524, 32: 0.005124661746892188, 33: 0.011732914475390125, 34: 0.01058953098690666, 35: 0.008071206515571984, 36: 0.008961607685915729, 37: 0.005426456239456212, 38: 0.009171807705160894, 39: 0.010456259144269753, 40: 0.01213381335526538, 41: 0.006797314755921069, 42: 0.004940204101907497, 43: 0.012912676097607606, 44: 0.008689372810296195, 45: 0.00576118486661019, 46: 0.017793180279294673, 47: 0.00827655325493335, 48: 0.008397762226270884, 49: 0.024102002066901433, 50: 0.0064932594776039, 51: 0.009669653818381804, 52: 0.008241432690509521, 53: 0.00835429130438915, 54: 0.014662228086445683, 55: 0.009029909991276336, 56: 0.009928053052149029, 57: 0.008187399508596812, 58: 0.018917037261289793, 59: 0.005491811417761275, 60: 0.01023800751686208, 61: 0.017278464705853997, 62: 0.009647534597622931, 63: 0.012726835120890671, 64: 0.007487184798828635, 65: 0.008633394521176, 66: 0.007360330579447778, 67: 0.010714075525187581, 68: 0.009041514439193554, 69: 0.006389367532510244, 70: 0.007178646357974718, 71: 0.007325102031180901, 72: 0.009332741531953214, 73: 0.009835985672032966, 74: 0.007520742043310964}","[59, 53, 53, 52, 51, 51, 50, 50, 48, 47, 46, 46, 45, 45, 44, 44, 44, 44, 43, 43, 43, 42, 42, 42, 41, 41, 41, 41, 41, 41, 40, 40, 40, 40, 40, 40, 39, 39, 39, 39, 39, 39, 39, 39, 38, 38, 38, 38, 38, 38, 37, 36, 36, 36, 36, 35, 35, 35, 35, 34, 34, 34, 34, 33, 33, 32, 32, 32, 32, 32, 31, 31, 31, 29, 28]","dict_values([27, 22, 25, 20, 23, 22, 29, 18, 25, 22, 21, 20, 24, 26, 17, 25, 19, 19, 20, 9, 11, 19, 24, 24, 20, 23, 22, 13, 28, 23, 14, 25, 16, 23, 36, 19, 21, 18, 23, 13, 26, 19, 17, 23, 11, 22, 18, 29, 27, 22, 25, 25, 24, 21, 23, 19, 19, 21, 17, 25, 19, 17, 22, 19, 11, 23, 26, 27, 23, 24, 22, 18, 26, 25, 25])",0.10580565972304785
36,39.76,0.2762456085905538,"{0: 0.01713507924031078, 1: 0.009289329870000043, 2: 0.011324163881670525, 3: 0.012537488707061128, 4: 0.015767943673210577, 5: 0.009953220305089557, 6: 0.011728751746287961, 7: 0.014974467973054581, 8: 0.012934700503630823, 9: 0.0062925481910651926, 10: 0.015756519153629793, 11: 0.012067106063840824, 12: 0.008844096560467878, 13: 0.006483804997807499, 14: 0.016235114652130005, 15: 0.01042264448457715, 16: 0.004008946139900955, 17: 0.008749285621337635, 18: 0.007239188246328105, 19: 0.009819152458490113, 20: 0.0107188605372547, 21: 0.006146135885093718, 22: 0.014153435136430182, 23: 0.007130319425579932, 24: 0.008079922227594804, 25: 0.00673561868906527, 26: 0.012671745692251827, 27: 0.013649216321205991, 28: 0.008028370657744019, 29: 0.009022713313611989, 30: 0.007038580115365684, 31: 0.008568151519716594, 32: 0.005130484867366604, 33: 0.011742666478648271, 34: 0.010871376352925994, 35: 0.00802507392912804, 36: 0.009532096944122749, 37: 0.005350449995986851, 38: 0.008976667829663129, 39: 0.01059962738865861, 40: 0.012445246602089429, 41: 0.006948324369980146, 42: 0.005246496267598401, 43: 0.012946552317301357, 44: 0.007920862382011644, 45: 0.005830442624270266, 46: 0.017742591251194824, 47: 0.007625568860504813, 48: 0.008429690699427816, 49: 0.024134425422913892, 50: 0.0065138556576912745, 51: 0.008964663660049386, 52: 0.008452274548062001, 53: 0.009134666895382759, 54: 0.015230583512235822, 55: 0.00904910302088816, 56: 0.009344165195709445, 57: 0.008022915542721434, 58: 0.019001668525663616, 59: 0.00554984616234392, 60: 0.010448921609928642, 61: 0.017409522848649276, 62: 0.009601775119929814, 63: 0.013278009510493724, 64: 0.007496724570579457, 65: 0.00855695524047701, 66: 0.007467159490092735, 67: 0.011036998504513753, 68: 0.00922950670379103, 69: 0.006400901662450226, 70: 0.007125223191935084, 71: 0.0070998729640930165, 72: 0.009835424364633973, 73: 0.008846865313594954, 74: 0.007506903767210204}","[59, 54, 53, 52, 51, 50, 50, 50, 48, 47, 47, 46, 46, 45, 45, 44, 44, 44, 43, 43, 43, 42, 42, 42, 41, 41, 41, 41, 41, 41, 41, 41, 40, 40, 39, 39, 39, 39, 39, 39, 38, 38, 38, 38, 38, 38, 38, 38, 37, 37, 37, 36, 36, 36, 36, 35, 35, 35, 35, 34, 34, 34, 33, 33, 33, 32, 32, 32, 32, 32, 31, 31, 31, 30, 27]","dict_values([27, 22, 25, 20, 23, 22, 29, 18, 25, 22, 21, 20, 24, 26, 17, 25, 19, 19, 20, 9, 11, 19, 24, 24, 20, 23, 22, 13, 28, 23, 14, 25, 16, 23, 36, 19, 21, 18, 23, 13, 26, 19, 17, 23, 11, 22, 18, 29, 27, 22, 25, 25, 24, 21, 23, 19, 19, 21, 17, 25, 19, 17, 22, 19, 11, 23, 26, 27, 23, 24, 22, 18, 26, 25, 25])",0.0971921400974593
36,39.81333333333333,0.27698435448225245,"{0: 0.016943402233148788, 1: 0.009303252510992465, 2: 0.011327717920183673, 3: 0.012492855592999773, 4: 0.016030675505374015, 5: 0.00951893940768737, 6: 0.011588672704453793, 7: 0.015104538509015416, 8: 0.012640261823864445, 9: 0.006517381170069203, 10: 0.015635551071822663, 11: 0.012869627710540427, 12: 0.008943406281603847, 13: 0.006280580465748157, 14: 0.01539670786599591, 15: 0.009864180398715802, 16: 0.00406425115329225, 17: 0.008843131428954173, 18: 0.007326023867119756, 19: 0.009743537582979906, 20: 0.011246754383812903, 21: 0.006094620711306633, 22: 0.013533764856284507, 23: 0.0071293614957998516, 24: 0.008666134844654672, 25: 0.006641499747829176, 26: 0.012254864946012065, 27: 0.013332994479002696, 28: 0.00798847677827109, 29: 0.008372802798027832, 30: 0.0071142939550706994, 31: 0.009125742747613321, 32: 0.0050035626946852915, 33: 0.011749964600377626, 34: 0.010722168496183408, 35: 0.00845750101308868, 36: 0.009486014982590326, 37: 0.005206531918860686, 38: 0.009392660248824632, 39: 0.010279020833572487, 40: 0.01228803389501601, 41: 0.006218050348125722, 42: 0.005340081504465067, 43: 0.012751412658665258, 44: 0.007818494167717746, 45: 0.005983076637304318, 46: 0.016597045174443506, 47: 0.007744396375460464, 48: 0.008554077155530177, 49: 0.024157102837132335, 50: 0.0063189072793003705, 51: 0.009192425457315273, 52: 0.008089050286145233, 53: 0.010272061641924657, 54: 0.015969182145606844, 55: 0.009522565027483458, 56: 0.009224418626695229, 57: 0.00802401630185605, 58: 0.02004828908309624, 59: 0.005453917004494618, 60: 0.009976863997849578, 61: 0.018291422061873664, 62: 0.009576188519679105, 63: 0.012808091600002779, 64: 0.008351684377301202, 65: 0.008033845510120471, 66: 0.007630360455702921, 67: 0.011010296886804398, 68: 0.009217949635744032, 69: 0.005966552899564876, 70: 0.006994028149266291, 71: 0.007493438234689056, 72: 0.010535302094202139, 73: 0.008754661727512034, 74: 0.006613702792779511}","[60, 54, 54, 52, 51, 51, 50, 49, 48, 47, 47, 46, 46, 45, 45, 44, 44, 43, 43, 43, 43, 42, 42, 42, 41, 41, 41, 41, 41, 41, 41, 41, 40, 40, 40, 40, 40, 39, 39, 39, 39, 39, 39, 38, 38, 38, 38, 37, 37, 37, 37, 36, 36, 36, 36, 35, 35, 35, 35, 34, 34, 34, 33, 33, 33, 32, 32, 32, 32, 31, 31, 31, 30, 30, 27]","dict_values([27, 22, 25, 20, 23, 22, 29, 18, 25, 22, 21, 20, 24, 26, 17, 25, 19, 19, 20, 9, 11, 19, 24, 24, 20, 23, 22, 13, 28, 23, 14, 25, 16, 23, 36, 19, 21, 18, 23, 13, 26, 19, 17, 23, 11, 22, 18, 29, 27, 22, 25, 25, 24, 21, 23, 19, 19, 21, 17, 25, 19, 17, 22, 19, 11, 23, 26, 27, 23, 24, 22, 18, 26, 25, 25])",0.10485951632288033
36,39.70666666666666,0.2759102210222049,"{0: 0.017032190081837772, 1: 0.009220442203608703, 2: 0.011280659168872213, 3: 0.012507409206016541, 4: 0.016251606804866134, 5: 0.009629026255738585, 6: 0.010760503691163322, 7: 0.015509046710261494, 8: 0.0128020019904947, 9: 0.006621447702419377, 10: 0.015516004214634357, 11: 0.012806622218191486, 12: 0.010065081460250869, 13: 0.005980562699976965, 14: 0.015580516683457862, 15: 0.009251519953574748, 16: 0.004063997222349298, 17: 0.008758673081799595, 18: 0.006723488335121946, 19: 0.00979782040422097, 20: 0.011113852537800542, 21: 0.006133195621541563, 22: 0.0132548621826943, 23: 0.007113028763915144, 24: 0.008723117641363494, 25: 0.0066800435066127145, 26: 0.012098785286301443, 27: 0.013311232802362034, 28: 0.008051167706060292, 29: 0.008299940225784903, 30: 0.007148251800548599, 31: 0.009184497332959363, 32: 0.005016252337056467, 33: 0.01106046456199307, 34: 0.010931079772148024, 35: 0.009056908420792932, 36: 0.00990514176595755, 37: 0.0050154083582830255, 38: 0.009362881348821912, 39: 0.010350209876582523, 40: 0.013231976307532149, 41: 0.0064601627629955515, 42: 0.00532486016896158, 43: 0.0121988911674649, 44: 0.00801631557977247, 45: 0.005383641311841595, 46: 0.016791509555303473, 47: 0.007831527478076973, 48: 0.009110381334964373, 49: 0.02235453666667216, 50: 0.005903354019792376, 51: 0.009157734414583731, 52: 0.008050945254925598, 53: 0.008866361948553732, 54: 0.015964521391387935, 55: 0.009444717968596797, 56: 0.009713066994801194, 57: 0.00845593146547045, 58: 0.020144237040471503, 59: 0.006127908089929603, 60: 0.009997570303809709, 61: 0.01812715564047542, 62: 0.009740406716457234, 63: 0.01273118831073843, 64: 0.008586689986041176, 65: 0.007773119312426203, 66: 0.007294951387417142, 67: 0.011196311450299196, 68: 0.009513410605106637, 69: 0.0060250305969484046, 70: 0.007455253679160147, 71: 0.008168844626813703, 72: 0.010560493511914206, 73: 0.008820254881898719, 74: 0.007302686911150872}","[58, 54, 54, 52, 51, 51, 50, 49, 48, 47, 47, 46, 45, 45, 45, 45, 44, 43, 42, 42, 42, 42, 42, 41, 41, 41, 41, 41, 41, 41, 41, 41, 40, 40, 40, 40, 39, 39, 39, 39, 39, 39, 39, 39, 38, 38, 38, 38, 37, 37, 37, 36, 36, 36, 36, 36, 35, 35, 34, 34, 34, 34, 33, 33, 33, 32, 32, 31, 31, 31, 31, 30, 30, 30, 27]","dict_values([27, 22, 25, 20, 23, 22, 29, 18, 25, 22, 21, 20, 24, 26, 17, 25, 19, 19, 20, 9, 11, 19, 24, 24, 20, 23, 22, 13, 28, 23, 14, 25, 16, 23, 36, 19, 21, 18, 23, 13, 26, 19, 17, 23, 11, 22, 18, 29, 27, 22, 25, 25, 24, 21, 23, 19, 19, 21, 17, 25, 19, 17, 22, 19, 11, 23, 26, 27, 23, 24, 22, 18, 26, 25, 25])",0.1102754427927028
36,39.78666666666667,0.27604526453788153,"{0: 0.01717889082774277, 1: 0.009808746481266445, 2: 0.011453275950630575, 3: 0.01201477285537879, 4: 0.017224337375776083, 5: 0.00952339890187112, 6: 0.010959011469932771, 7: 0.015502852473941533, 8: 0.012147230754372731, 9: 0.006602156955110781, 10: 0.015411828599396464, 11: 0.012648113902859913, 12: 0.009966283889389816, 13: 0.006371353088239972, 14: 0.015767933971746726, 15: 0.008448029440195064, 16: 0.00328675002431311, 17: 0.008669533351911523, 18: 0.006681223321302427, 19: 0.009756038132145492, 20: 0.011145034852598396, 21: 0.006113489818206015, 22: 0.01304756683990477, 23: 0.007029900119057522, 24: 0.008336914951384427, 25: 0.006743354215625808, 26: 0.010681435321970393, 27: 0.01327208452930257, 28: 0.008123636502401173, 29: 0.008163059475029622, 30: 0.007067936325202859, 31: 0.009082723951066681, 32: 0.005286849305811048, 33: 0.011037927438350704, 34: 0.010293518540729978, 35: 0.009045099696603318, 36: 0.00990566550895635, 37: 0.004592237402006761, 38: 0.008741084125920938, 39: 0.010428047779156392, 40: 0.013254176053534912, 41: 0.006350009693776899, 42: 0.005309975774862075, 43: 0.01211301487524523, 44: 0.008383597520635992, 45: 0.0056239208438704094, 46: 0.016775544414227822, 47: 0.008112312099034305, 48: 0.009220944029073726, 49: 0.023279972987577783, 50: 0.0064583771714745815, 51: 0.009887265780347692, 52: 0.007963860691469107, 53: 0.008753179288984234, 54: 0.017238424589948526, 55: 0.009093167520746013, 56: 0.008831750499765761, 57: 0.008657826142695382, 58: 0.021075988420769486, 59: 0.005891186908289628, 60: 0.009162618310310974, 61: 0.017414346938502294, 62: 0.00983760180536988, 63: 0.012650164675393963, 64: 0.009397425097538988, 65: 0.007810347695247903, 66: 0.00782716802366793, 67: 0.010341790986384288, 68: 0.010291721529495854, 69: 0.006057336091071241, 70: 0.007498674452855637, 71: 0.008181398695760674, 72: 0.010560588350548118, 73: 0.009602973360871755, 74: 0.007882260865451655}","[59, 55, 54, 52, 51, 51, 50, 49, 49, 48, 47, 46, 45, 45, 45, 45, 44, 42, 42, 42, 42, 42, 42, 41, 41, 41, 41, 41, 41, 41, 41, 41, 40, 40, 40, 40, 39, 39, 39, 39, 39, 39, 38, 38, 38, 38, 38, 38, 38, 37, 37, 37, 36, 36, 36, 36, 35, 35, 35, 34, 34, 34, 33, 33, 33, 32, 32, 32, 32, 32, 32, 31, 30, 29, 25]","dict_values([27, 22, 25, 20, 23, 22, 29, 18, 25, 22, 21, 20, 24, 26, 17, 25, 19, 19, 20, 9, 11, 19, 24, 24, 20, 23, 22, 13, 28, 23, 14, 25, 16, 23, 36, 19, 21, 18, 23, 13, 26, 19, 17, 23, 11, 22, 18, 29, 27, 22, 25, 25, 24, 21, 23, 19, 19, 21, 17, 25, 19, 17, 22, 19, 11, 23, 26, 27, 23, 24, 22, 18, 26, 25, 25])",0.10438963120557179
36,39.76,0.2760541008156777,"{0: 0.017375587449609466, 1: 0.00982392808142017, 2: 0.011732247520230228, 3: 0.011924970215578309, 4: 0.017589212248186773, 5: 0.00954858305352909, 6: 0.010975777172555575, 7: 0.015295220141240165, 8: 0.012398160458550102, 9: 0.006677440138548799, 10: 0.014853483154779884, 11: 0.012028271490977094, 12: 0.010076173293432689, 13: 0.006390449812579965, 14: 0.01498209458557943, 15: 0.00839032390347017, 16: 0.003223802328972457, 17: 0.008364535949600025, 18: 0.00701690850080024, 19: 0.009762053213765352, 20: 0.011196954086609767, 21: 0.006116971334602797, 22: 0.012026380639394341, 23: 0.006946381869520054, 24: 0.00843383830390277, 25: 0.006713240491281093, 26: 0.01054836648269416, 27: 0.013434436002037307, 28: 0.009507430655749017, 29: 0.00816899579123958, 30: 0.007553096277192793, 31: 0.009136037005387922, 32: 0.005337006055815147, 33: 0.011042580894958335, 34: 0.010215097765346725, 35: 0.00920665378837534, 36: 0.009919515235576737, 37: 0.004241633461908205, 38: 0.008840256951171667, 39: 0.010530079169927249, 40: 0.012769739525778149, 41: 0.006332460816664444, 42: 0.0056455490569498525, 43: 0.012271194300538127, 44: 0.009203179674652935, 45: 0.005548583673787583, 46: 0.016647731179347383, 47: 0.00813087575461679, 48: 0.009260242540041104, 49: 0.023415720807947543, 50: 0.0063671411213344214, 51: 0.011286475984411693, 52: 0.008035175931986247, 53: 0.009290621701150463, 54: 0.017286575667520298, 55: 0.009191283139350397, 56: 0.009045480928777903, 57: 0.008735712003920525, 58: 0.02100665920253546, 59: 0.00607837514462673, 60: 0.009169143232365886, 61: 0.017432028592299906, 62: 0.009129342411603958, 63: 0.0127186619330057, 64: 0.00940777225719641, 65: 0.007443223013082103, 66: 0.007785867676921978, 67: 0.010431116312765783, 68: 0.009938462148801824, 69: 0.006155053295264678, 70: 0.007013154520571927, 71: 0.007261892179741625, 72: 0.011093298527358422, 73: 0.008884344255761508, 74: 0.007949277033252156}","[59, 55, 54, 52, 51, 50, 49, 49, 49, 48, 47, 46, 45, 44, 44, 44, 44, 44, 42, 42, 42, 42, 42, 42, 42, 42, 41, 41, 41, 41, 41, 41, 40, 40, 40, 40, 40, 39, 39, 39, 38, 38, 38, 38, 38, 38, 38, 38, 37, 37, 37, 37, 36, 36, 36, 35, 35, 35, 35, 35, 34, 33, 33, 33, 33, 33, 32, 32, 32, 32, 32, 31, 31, 28, 25]","dict_values([27, 22, 25, 20, 23, 22, 29, 18, 25, 22, 21, 20, 24, 26, 17, 25, 19, 19, 20, 9, 11, 19, 24, 24, 20, 23, 22, 13, 28, 23, 14, 25, 16, 23, 36, 19, 21, 18, 23, 13, 26, 19, 17, 23, 11, 22, 18, 29, 27, 22, 25, 25, 24, 21, 23, 19, 19, 21, 17, 25, 19, 17, 22, 19, 11, 23, 26, 27, 23, 24, 22, 18, 26, 25, 25])",0.0999981557127248
36,39.946666666666665,0.2774715831656338,"{0: 0.01703728765319031, 1: 0.009731694467963407, 2: 0.011695990198012129, 3: 0.0118505241961252, 4: 0.0174713814938867, 5: 0.00953854980817733, 6: 0.010416834182012672, 7: 0.01541586155700237, 8: 0.012020043850599191, 9: 0.006075392979523773, 10: 0.015337822322720872, 11: 0.012604140326861569, 12: 0.010364469665402117, 13: 0.006034434437338249, 14: 0.01391179379809612, 15: 0.008842449859413678, 16: 0.003271508982629047, 17: 0.007482189887157194, 18: 0.007690286395803328, 19: 0.009711616156402083, 20: 0.011024481199573045, 21: 0.006010258614546006, 22: 0.01228499839422383, 23: 0.006863674367683677, 24: 0.008827854893664472, 25: 0.006740271415040461, 26: 0.010774677048733184, 27: 0.013785628496270115, 28: 0.009439759561932111, 29: 0.008141965230209896, 30: 0.007473435105045087, 31: 0.009127475781143214, 32: 0.0049509968595514734, 33: 0.011414728666016317, 34: 0.01005905018676415, 35: 0.008959579774485103, 36: 0.00970270484025228, 37: 0.004472971729068518, 38: 0.009535789942184337, 39: 0.011162122844082434, 40: 0.012451271865913957, 41: 0.005842718798776025, 42: 0.005502360814660002, 43: 0.01222310183849602, 44: 0.009031294771215025, 45: 0.006152634740806099, 46: 0.015593664366960743, 47: 0.008736593531791756, 48: 0.009456822200873074, 49: 0.02296941387227789, 50: 0.0067517073645408186, 51: 0.011456959943850365, 52: 0.007418036667964644, 53: 0.009556352670117231, 54: 0.016967497227154727, 55: 0.009258156458034102, 56: 0.008833008837407527, 57: 0.008579961437273215, 58: 0.022051102523383874, 59: 0.005973293862584168, 60: 0.009785973992802467, 61: 0.016314642333644495, 62: 0.009123327796928699, 63: 0.012848995182647139, 64: 0.009161363995705695, 65: 0.007957506921026697, 66: 0.00780189431003178, 67: 0.010442328315274557, 68: 0.01094601634918222, 69: 0.006312416810368984, 70: 0.006804460829184188, 71: 0.007213331464558373, 72: 0.0102294222064451, 73: 0.008134635849554882, 74: 0.007730340343604652}","[59, 56, 54, 52, 50, 50, 49, 49, 49, 48, 47, 47, 45, 45, 45, 45, 44, 44, 43, 42, 42, 42, 42, 42, 42, 42, 42, 42, 42, 41, 41, 41, 41, 41, 40, 40, 40, 39, 39, 39, 39, 39, 39, 39, 38, 38, 38, 37, 37, 37, 37, 36, 36, 36, 36, 35, 35, 35, 35, 34, 34, 34, 34, 33, 33, 33, 33, 33, 32, 31, 31, 31, 31, 29, 25]","dict_values([27, 22, 25, 20, 23, 22, 29, 18, 25, 22, 21, 20, 24, 26, 17, 25, 19, 19, 20, 9, 11, 19, 24, 24, 20, 23, 22, 13, 28, 23, 14, 25, 16, 23, 36, 19, 21, 18, 23, 13, 26, 19, 17, 23, 11, 22, 18, 29, 27, 22, 25, 25, 24, 21, 23, 19, 19, 21, 17, 25, 19, 17, 22, 19, 11, 23, 26, 27, 23, 24, 22, 18, 26, 25, 25])",0.10209785722307094
36,39.89333333333333,0.27718700170073857,"{0: 0.01703798949071632, 1: 0.009141601700565117, 2: 0.011721710393300121, 3: 0.011796945240982617, 4: 0.016470380792309246, 5: 0.010144853457657673, 6: 0.010102660594543844, 7: 0.015543066657012538, 8: 0.012250851722278567, 9: 0.00595509667527167, 10: 0.015465947132019996, 11: 0.012607586613897607, 12: 0.010887517081605996, 13: 0.006068257345807262, 14: 0.014072493542298066, 15: 0.008932363647957601, 16: 0.003288156054905922, 17: 0.007461839230682234, 18: 0.007768504081772435, 19: 0.009432782543512633, 20: 0.011143178168801568, 21: 0.006010176559305106, 22: 0.011529541682260367, 23: 0.0068221990977697, 24: 0.009574492713219564, 25: 0.006822429094836013, 26: 0.010807310016805467, 27: 0.01376374970925477, 28: 0.009456793257768981, 29: 0.008160986728104632, 30: 0.008033493028116706, 31: 0.00922311705467374, 32: 0.004948633363975536, 33: 0.011540073481320327, 34: 0.010127842475298406, 35: 0.008798183047461923, 36: 0.009812114178552534, 37: 0.0045754402981611295, 38: 0.00957088294622768, 39: 0.011239140973355655, 40: 0.012512523728839365, 41: 0.005869678243543688, 42: 0.00554608557227413, 43: 0.012402140208752733, 44: 0.009046298378340464, 45: 0.006209506230172267, 46: 0.01574916375257469, 47: 0.008725525802624598, 48: 0.009380031249739493, 49: 0.022947965752337127, 50: 0.006747452838119197, 51: 0.011005538314479766, 52: 0.007012083848293578, 53: 0.009648005615295035, 54: 0.016991023907036534, 55: 0.009278659931708483, 56: 0.008408651451815156, 57: 0.008981231102241508, 58: 0.022003235642837328, 59: 0.005982100126090185, 60: 0.009767769996677968, 61: 0.01635098811567091, 62: 0.009190993553885559, 63: 0.012936109770182202, 64: 0.009207800953890038, 65: 0.007883680122004454, 66: 0.00805531423332576, 67: 0.010523115984014545, 68: 0.01060668802038946, 69: 0.006308758346077679, 70: 0.006782803467989341, 71: 0.006775707444185308, 72: 0.010283414554957997, 73: 0.008191434909668258, 74: 0.007632561242898933}","[59, 56, 54, 51, 50, 50, 49, 49, 49, 48, 47, 47, 45, 45, 45, 44, 44, 43, 43, 42, 42, 42, 42, 42, 42, 42, 42, 42, 41, 41, 41, 41, 41, 41, 40, 40, 40, 40, 39, 39, 39, 39, 39, 39, 38, 38, 38, 37, 37, 37, 36, 36, 36, 36, 36, 36, 36, 35, 34, 34, 34, 34, 34, 33, 33, 33, 33, 33, 31, 31, 31, 31, 31, 29, 25]","dict_values([27, 22, 25, 20, 23, 22, 29, 18, 25, 22, 21, 20, 24, 26, 17, 25, 19, 19, 20, 9, 11, 19, 24, 24, 20, 23, 22, 13, 28, 23, 14, 25, 16, 23, 36, 19, 21, 18, 23, 13, 26, 19, 17, 23, 11, 22, 18, 29, 27, 22, 25, 25, 24, 21, 23, 19, 19, 21, 17, 25, 19, 17, 22, 19, 11, 23, 26, 27, 23, 24, 22, 18, 26, 25, 25])",0.1030613722153908
36,39.86666666666667,0.27658638664687074,"{0: 0.0168234560124139, 1: 0.009032275274154072, 2: 0.011688768306977723, 3: 0.011989952377303627, 4: 0.01660228644882545, 5: 0.010132469675354222, 6: 0.009704578458500646, 7: 0.015680954644584254, 8: 0.012292398124977332, 9: 0.0066707283713917515, 10: 0.016301865770551142, 11: 0.013528867420288639, 12: 0.010956298788716734, 13: 0.006055158209506729, 14: 0.01348319282397331, 15: 0.007971749021053279, 16: 0.003467317144409966, 17: 0.007448798168305808, 18: 0.007718193272406975, 19: 0.0090299679757098, 20: 0.010594856548579563, 21: 0.006108806606663186, 22: 0.011621446316438633, 23: 0.006722581087426582, 24: 0.009669193211377887, 25: 0.006638752564331743, 26: 0.010863682053934991, 27: 0.013098917160666202, 28: 0.009539973913463036, 29: 0.0070073256516301535, 30: 0.008406501885509447, 31: 0.009079561312810593, 32: 0.005154453591221576, 33: 0.012261097933629818, 34: 0.010236335248025025, 35: 0.008151346741723927, 36: 0.010259626769128987, 37: 0.00475848285772308, 38: 0.00920073897701083, 39: 0.011242099596048428, 40: 0.012536679340550541, 41: 0.0058318185778151056, 42: 0.00549368788134829, 43: 0.012390412834766955, 44: 0.008671975956934632, 45: 0.006958664056050896, 46: 0.015665928168363784, 47: 0.008690345963459974, 48: 0.009539792381636531, 49: 0.02150378655182277, 50: 0.007170860424285082, 51: 0.01175203162745898, 52: 0.006952400461558967, 53: 0.009606763680513284, 54: 0.017233709077215543, 55: 0.009170067977203399, 56: 0.008091570918449342, 57: 0.00875825076544491, 58: 0.02209280248652293, 59: 0.006456306018997555, 60: 0.009301820903630959, 61: 0.01728149037234138, 62: 0.008970766912652054, 63: 0.013359360241995608, 64: 0.00871548796378266, 65: 0.0077555447222084385, 66: 0.008643908608069167, 67: 0.011238639526746964, 68: 0.010704468237905494, 69: 0.006303584320413753, 70: 0.006325989912720784, 71: 0.006818933224445996, 72: 0.010319125858151992, 73: 0.007569518262860198, 74: 0.007612640505281474}","[58, 56, 54, 51, 51, 51, 49, 49, 49, 48, 47, 46, 46, 45, 45, 44, 44, 44, 44, 43, 43, 43, 42, 42, 42, 42, 42, 41, 41, 41, 40, 40, 40, 40, 40, 39, 39, 39, 39, 39, 39, 39, 38, 38, 37, 37, 37, 37, 37, 37, 37, 37, 36, 36, 36, 35, 35, 35, 34, 34, 34, 34, 34, 34, 34, 34, 33, 33, 32, 31, 31, 31, 31, 29, 26]","dict_values([27, 22, 25, 20, 23, 22, 29, 18, 25, 22, 21, 20, 24, 26, 17, 25, 19, 19, 20, 9, 11, 19, 24, 24, 20, 23, 22, 13, 28, 23, 14, 25, 16, 23, 36, 19, 21, 18, 23, 13, 26, 19, 17, 23, 11, 22, 18, 29, 27, 22, 25, 25, 24, 21, 23, 19, 19, 21, 17, 25, 19, 17, 22, 19, 11, 23, 26, 27, 23, 24, 22, 18, 26, 25, 25])",0.10510620686569504
36,39.946666666666665,0.2758534193274734,"{0: 0.016773394604189723, 1: 0.009921253950176205, 2: 0.011600709307859326, 3: 0.011922408392238196, 4: 0.016549192645597822, 5: 0.009751291806562245, 6: 0.009275796125840386, 7: 0.01588715455996157, 8: 0.011948012691388253, 9: 0.0071019318677884085, 10: 0.01603336875294974, 11: 0.012541319093729002, 12: 0.01035518515020104, 13: 0.006552208949469223, 14: 0.013449015800364113, 15: 0.0076641714285072046, 16: 0.0036576149589848225, 17: 0.0075520942291925925, 18: 0.007666536947358866, 19: 0.008965647766260049, 20: 0.009813095456080884, 21: 0.00643137618886265, 22: 0.011711206034277128, 23: 0.007160293950181138, 24: 0.009646965620462602, 25: 0.006044287481448999, 26: 0.011222278040289281, 27: 0.014655624608970496, 28: 0.00954397932146194, 29: 0.007005085581001667, 30: 0.008178697939603977, 31: 0.009063857452253906, 32: 0.005113514920395648, 33: 0.012012635036640037, 34: 0.010483758507888572, 35: 0.008170695424613426, 36: 0.01040679388282128, 37: 0.005074555766709158, 38: 0.009351198708473524, 39: 0.01114853324502984, 40: 0.013078369718807992, 41: 0.005997653771626376, 42: 0.005485164852856134, 43: 0.012428691421860844, 44: 0.008724256080507536, 45: 0.007314192264492966, 46: 0.014442253086389571, 47: 0.009104308402600464, 48: 0.009560260656512496, 49: 0.02099870690101709, 50: 0.007034532890697274, 51: 0.012240217431497082, 52: 0.006897690162194594, 53: 0.008830507289411399, 54: 0.01726169064049449, 55: 0.009036313772889213, 56: 0.008237371874215684, 57: 0.008830300591211707, 58: 0.02108530185719985, 59: 0.007153778405605118, 60: 0.00904580964696725, 61: 0.017230170066076397, 62: 0.00874850428637697, 63: 0.013055130090047808, 64: 0.008837061996885902, 65: 0.007718314121287338, 66: 0.008552319682456667, 67: 0.011221083985803924, 68: 0.011135806446726468, 69: 0.006184345874533833, 70: 0.006335530294796, 71: 0.006793673596826181, 72: 0.010114716894429526, 73: 0.007973813265423922, 74: 0.008219373276598862}","[58, 55, 54, 51, 51, 51, 49, 49, 49, 48, 47, 47, 45, 45, 45, 45, 44, 44, 43, 43, 43, 43, 42, 42, 42, 42, 42, 41, 41, 40, 40, 40, 40, 40, 40, 40, 39, 39, 39, 39, 39, 38, 38, 37, 37, 37, 37, 37, 37, 37, 37, 37, 36, 36, 36, 36, 36, 35, 35, 35, 34, 34, 34, 34, 34, 34, 34, 34, 32, 32, 32, 31, 31, 30, 26]","dict_values([27, 22, 25, 20, 23, 22, 29, 18, 25, 22, 21, 20, 24, 26, 17, 25, 19, 19, 20, 9, 11, 19, 24, 24, 20, 23, 22, 13, 28, 23, 14, 25, 16, 23, 36, 19, 21, 18, 23, 13, 26, 19, 17, 23, 11, 22, 18, 29, 27, 22, 25, 25, 24, 21, 23, 19, 19, 21, 17, 25, 19, 17, 22, 19, 11, 23, 26, 27, 23, 24, 22, 18, 26, 25, 25])",0.10486656886529612
36,39.973333333333336,0.276260415171123,"{0: 0.017604173351051473, 1: 0.01025002949047471, 2: 0.011822863178700117, 3: 0.01184405676441643, 4: 0.016685503210339705, 5: 0.009703903764731769, 6: 0.00925755117933296, 7: 0.015264076331514295, 8: 0.011168912947593935, 9: 0.007377834674032963, 10: 0.0160861132881951, 11: 0.012521345400886313, 12: 0.010531390802462199, 13: 0.006509507023205653, 14: 0.013622091187205441, 15: 0.007660656249744258, 16: 0.003176550394016148, 17: 0.006912337049323352, 18: 0.008006727040415024, 19: 0.00898346136871446, 20: 0.009859230329720366, 21: 0.006358607219135612, 22: 0.011757995562765198, 23: 0.007230849929340707, 24: 0.009740781377050318, 25: 0.006054745460590836, 26: 0.011065736950130798, 27: 0.014377904223450692, 28: 0.009550143454338402, 29: 0.006540555731354853, 30: 0.008246147263765581, 31: 0.009026216435522741, 32: 0.005053190409023594, 33: 0.012086512458000733, 34: 0.010374846124788081, 35: 0.007616299593557034, 36: 0.010982939779021568, 37: 0.005013319438536937, 38: 0.009817019460353908, 39: 0.011776651563325658, 40: 0.013080450774562708, 41: 0.005967982382412858, 42: 0.005463975276872037, 43: 0.012413452481945635, 44: 0.008648724667719971, 45: 0.007075358342559331, 46: 0.015214906129459386, 47: 0.009583251096349108, 48: 0.00967609923351805, 49: 0.02037264466742718, 50: 0.0072176304196852155, 51: 0.012233062664126984, 52: 0.006822523624749653, 53: 0.008556673458297744, 54: 0.016461703132312627, 55: 0.009244956352096429, 56: 0.008161577529686452, 57: 0.008747696162079724, 58: 0.021231546039811793, 59: 0.00763227437878611, 60: 0.00908286734417805, 61: 0.017399569954153215, 62: 0.008887472846817337, 63: 0.013025399281050582, 64: 0.00838021247526316, 65: 0.00761507357523061, 66: 0.009059376740240604, 67: 0.011219894493902283, 68: 0.009766205856401845, 69: 0.006779041423585678, 70: 0.006325736058782286, 71: 0.0067239827426732466, 72: 0.010095166719575114, 73: 0.007552339986352683, 74: 0.008891235397141482}","[57, 55, 55, 51, 51, 51, 49, 48, 48, 48, 48, 46, 45, 45, 45, 45, 44, 44, 44, 43, 43, 43, 43, 42, 42, 42, 41, 41, 41, 41, 40, 40, 40, 40, 40, 39, 39, 39, 39, 39, 39, 38, 38, 38, 38, 37, 37, 37, 37, 37, 37, 37, 37, 36, 36, 36, 35, 35, 35, 35, 35, 35, 35, 34, 34, 34, 34, 33, 32, 32, 32, 31, 31, 30, 25]","dict_values([27, 22, 25, 20, 23, 22, 29, 18, 25, 22, 21, 20, 24, 26, 17, 25, 19, 19, 20, 9, 11, 19, 24, 24, 20, 23, 22, 13, 28, 23, 14, 25, 16, 23, 36, 19, 21, 18, 23, 13, 26, 19, 17, 23, 11, 22, 18, 29, 27, 22, 25, 25, 24, 21, 23, 19, 19, 21, 17, 25, 19, 17, 22, 19, 11, 23, 26, 27, 23, 24, 22, 18, 26, 25, 25])",0.10832527444358057
36,40.08,0.27741632786064907,"{0: 0.01859625911085916, 1: 0.010235712167697582, 2: 0.01182897280167638, 3: 0.010600408396335201, 4: 0.016759661600760006, 5: 0.009678543439958966, 6: 0.009779254158659064, 7: 0.015428247077790459, 8: 0.010911984685652569, 9: 0.007387435722859223, 10: 0.01501611059574482, 11: 0.012354816822856274, 12: 0.010431795029262144, 13: 0.006531065072563864, 14: 0.013774481620067919, 15: 0.008126113073778519, 16: 0.003132719750301119, 17: 0.007494731956490421, 18: 0.00817240956856795, 19: 0.00902962903865293, 20: 0.009867619746875002, 21: 0.006191563428706248, 22: 0.011800873423103955, 23: 0.007186078376146869, 24: 0.010449165888185988, 25: 0.006191272283440242, 26: 0.01123211859182672, 27: 0.015924448144767782, 28: 0.009373966127592235, 29: 0.006492535085605309, 30: 0.008137861848087182, 31: 0.009407896098024322, 32: 0.004962786671743333, 33: 0.012423743193546648, 34: 0.010349707099785927, 35: 0.007726303228301418, 36: 0.011532817802675259, 37: 0.004931611922380236, 38: 0.009962586580613182, 39: 0.011694044858626955, 40: 0.012947004741253034, 41: 0.0059904331271216325, 42: 0.0055667272094932765, 43: 0.012407890016531389, 44: 0.007443183894940894, 45: 0.007634245465688141, 46: 0.015372928124843026, 47: 0.009437214166242651, 48: 0.009701163852319781, 49: 0.019270050335391923, 50: 0.007337664443828827, 51: 0.012378543157543003, 52: 0.006514910053814077, 53: 0.008543192500528424, 54: 0.01640681801429427, 55: 0.009551482644509685, 56: 0.008060876292214391, 57: 0.008739202094621985, 58: 0.02109003442189227, 59: 0.006970801945489259, 60: 0.00860018930160179, 61: 0.017432294367435465, 62: 0.00933573054159782, 63: 0.012908163026792985, 64: 0.007765483892000609, 65: 0.007393129046643044, 66: 0.008976154887901334, 67: 0.011142283630119968, 68: 0.00988212131943119, 69: 0.006639043485696141, 70: 0.006280800602123429, 71: 0.006728797266319602, 72: 0.009514527858230423, 73: 0.0076792180552111835, 74: 0.008821835425282419}","[56, 56, 55, 51, 51, 50, 50, 50, 49, 48, 48, 46, 45, 45, 45, 45, 44, 44, 44, 44, 43, 43, 43, 42, 42, 42, 41, 41, 41, 41, 41, 40, 40, 40, 40, 39, 39, 39, 39, 39, 38, 38, 38, 38, 38, 38, 37, 37, 37, 37, 37, 37, 37, 37, 37, 36, 36, 36, 35, 35, 35, 35, 35, 34, 34, 34, 33, 33, 32, 32, 32, 31, 31, 30, 25]","dict_values([27, 22, 25, 20, 23, 22, 29, 18, 25, 22, 21, 20, 24, 26, 17, 25, 19, 19, 20, 9, 11, 19, 24, 24, 20, 23, 22, 13, 28, 23, 14, 25, 16, 23, 36, 19, 21, 18, 23, 13, 26, 19, 17, 23, 11, 22, 18, 29, 27, 22, 25, 25, 24, 21, 23, 19, 19, 21, 17, 25, 19, 17, 22, 19, 11, 23, 26, 27, 23, 24, 22, 18, 26, 25, 25])",0.10900222177069677
36,40.08,0.2777085590251242,"{0: 0.01878259952993885, 1: 0.010213573423435615, 2: 0.012267132154927569, 3: 0.010636751389692022, 4: 0.01691022976474818, 5: 0.009646070290000162, 6: 0.009705696256221306, 7: 0.015591798737382452, 8: 0.010929964587451074, 9: 0.00740891169440148, 10: 0.015189874112279376, 11: 0.012434597412781604, 12: 0.01082661480279137, 13: 0.006498201796644159, 14: 0.01376119921529562, 15: 0.008165028775656225, 16: 0.003210299493976753, 17: 0.007435065287234711, 18: 0.008416747578463018, 19: 0.008976562729718062, 20: 0.009552862375092569, 21: 0.006151938402154726, 22: 0.011766067865903503, 23: 0.007161140345624282, 24: 0.01056715298278203, 25: 0.006137096287483423, 26: 0.011966344400838002, 27: 0.01594090420379201, 28: 0.00935697845515714, 29: 0.006423948595477644, 30: 0.008129633447868954, 31: 0.009026660870682155, 32: 0.004966084621966388, 33: 0.012291046883210035, 34: 0.010097333687611138, 35: 0.007728518567719585, 36: 0.012428032052086509, 37: 0.004603684123300435, 38: 0.009972555614183327, 39: 0.01078065465761774, 40: 0.012873233561354664, 41: 0.006008735713917371, 42: 0.005588262933083793, 43: 0.01241045440265742, 44: 0.007446937147272591, 45: 0.007707673922627443, 46: 0.015343849647074314, 47: 0.009878355776032306, 48: 0.009724122885015014, 49: 0.019439562610238565, 50: 0.007293557719283495, 51: 0.012664863336918714, 52: 0.006395419844426607, 53: 0.008505645105162406, 54: 0.016053991410982425, 55: 0.009562593103762696, 56: 0.008052201767914212, 57: 0.008837062371146003, 58: 0.020389698713385522, 59: 0.006877644544554573, 60: 0.008488717356628947, 61: 0.01744836361989174, 62: 0.009379444733625682, 63: 0.013009210247301447, 64: 0.007657610817383328, 65: 0.007413753609337481, 66: 0.008889900813213556, 67: 0.01165270285381838, 68: 0.009232302114658244, 69: 0.006625910392639934, 70: 0.005820274435919988, 71: 0.006781215914224976, 72: 0.009203327702976787, 73: 0.007705460718440147, 74: 0.009155871979056766}","[56, 56, 54, 51, 51, 50, 50, 50, 49, 48, 47, 46, 46, 46, 45, 45, 44, 44, 44, 44, 44, 44, 42, 42, 42, 42, 42, 41, 41, 41, 40, 40, 40, 39, 39, 39, 39, 39, 39, 39, 38, 38, 38, 38, 38, 38, 38, 37, 37, 37, 37, 37, 37, 37, 36, 36, 36, 36, 36, 36, 35, 35, 35, 34, 34, 34, 33, 33, 32, 32, 32, 31, 31, 29, 25]","dict_values([27, 22, 25, 20, 23, 22, 29, 18, 25, 22, 21, 20, 24, 26, 17, 25, 19, 19, 20, 9, 11, 19, 24, 24, 20, 23, 22, 13, 28, 23, 14, 25, 16, 23, 36, 19, 21, 18, 23, 13, 26, 19, 17, 23, 11, 22, 18, 29, 27, 22, 25, 25, 24, 21, 23, 19, 19, 21, 17, 25, 19, 17, 22, 19, 11, 23, 26, 27, 23, 24, 22, 18, 26, 25, 25])",0.10786676812708582
36,40.08,0.2778350994643363,"{0: 0.01861725767528993, 1: 0.009907772056652449, 2: 0.012542797004855846, 3: 0.011458862551022232, 4: 0.01694261101316147, 5: 0.009040874232798462, 6: 0.009864289439185209, 7: 0.015323990885576677, 8: 0.01097161027792679, 9: 0.007415231774569834, 10: 0.015078028979581014, 11: 0.013236545968167963, 12: 0.010681237858613649, 13: 0.006264206586527294, 14: 0.013239151576089164, 15: 0.008147089711394962, 16: 0.0033775902434592833, 17: 0.007387230136659835, 18: 0.008035117099025654, 19: 0.008923332525309009, 20: 0.009583919848449078, 21: 0.006255686609267784, 22: 0.011020450208236068, 23: 0.006458722164345022, 24: 0.01079785245262598, 25: 0.005978041981110798, 26: 0.012656860384719202, 27: 0.016790710684372167, 28: 0.008840972948906001, 29: 0.006507268233900099, 30: 0.008105885852926254, 31: 0.00895249634896019, 32: 0.004901607720095377, 33: 0.011767305132882908, 34: 0.01007506329426216, 35: 0.007697439350978638, 36: 0.013204165033299282, 37: 0.004532816794075008, 38: 0.009939398391841835, 39: 0.010776931480210269, 40: 0.01300681482580482, 41: 0.006248010943120078, 42: 0.005570329944115282, 43: 0.012426921324743101, 44: 0.007678939344592327, 45: 0.008152447068364628, 46: 0.01463175816700204, 47: 0.0094786090463093, 48: 0.009551485373758089, 49: 0.02030612062508832, 50: 0.007262014996516971, 51: 0.013346055804564787, 52: 0.006523187609180671, 53: 0.008522924158342274, 54: 0.016928949601407284, 55: 0.009445521444085014, 56: 0.00817684478726368, 57: 0.008868752737871261, 58: 0.01915534931797201, 59: 0.00655874511219955, 60: 0.008456321025514872, 61: 0.01848957527728196, 62: 0.008931769349965394, 63: 0.013030239943877288, 64: 0.007653528661525368, 65: 0.007025643480728792, 66: 0.008921706497979914, 67: 0.011795398431351209, 68: 0.008851037383096113, 69: 0.006439361008616404, 70: 0.005761607531560496, 71: 0.00668883078799696, 72: 0.008912070122036908, 73: 0.0077690730063384806, 74: 0.009338890801070672}","[57, 56, 53, 52, 51, 51, 50, 49, 49, 48, 47, 47, 47, 46, 45, 45, 45, 45, 45, 44, 43, 43, 42, 42, 42, 42, 41, 41, 40, 40, 40, 40, 40, 39, 39, 39, 39, 39, 39, 39, 38, 38, 38, 38, 38, 38, 38, 38, 38, 37, 37, 37, 37, 37, 36, 36, 36, 36, 35, 35, 35, 34, 34, 34, 34, 34, 33, 33, 33, 32, 31, 31, 31, 29, 26]","dict_values([27, 22, 25, 20, 23, 22, 29, 18, 25, 22, 21, 20, 24, 26, 17, 25, 19, 19, 20, 9, 11, 19, 24, 24, 20, 23, 22, 13, 28, 23, 14, 25, 16, 23, 36, 19, 21, 18, 23, 13, 26, 19, 17, 23, 11, 22, 18, 29, 27, 22, 25, 25, 24, 21, 23, 19, 19, 21, 17, 25, 19, 17, 22, 19, 11, 23, 26, 27, 23, 24, 22, 18, 26, 25, 25])",0.10712883392673511
36,40.026666666666664,0.2775016071032289,"{0: 0.01858830625650706, 1: 0.009996334907100874, 2: 0.012111320853423879, 3: 0.011547493550487096, 4: 0.017060722934532726, 5: 0.007651260829662563, 6: 0.01003539775271204, 7: 0.014760916322678255, 8: 0.009714096574645767, 9: 0.007691211304150157, 10: 0.015183946551252011, 11: 0.013292856509715045, 12: 0.010904413574615985, 13: 0.006009636660321591, 14: 0.01217363565573649, 15: 0.007761045832200398, 16: 0.003600836790235242, 17: 0.007432583787976417, 18: 0.0077099219266966845, 19: 0.008992508793115415, 20: 0.009529623390043028, 21: 0.006364634492188268, 22: 0.011111991200816268, 23: 0.0064607978241310645, 24: 0.011777455235210227, 25: 0.0060008547010765075, 26: 0.011993264775793074, 27: 0.016847157919430006, 28: 0.008442741831937143, 29: 0.006470700719769998, 30: 0.008228669194887676, 31: 0.009003630475436784, 32: 0.004850307984040272, 33: 0.012184478588434145, 34: 0.010018809201923124, 35: 0.007758456127866931, 36: 0.013088380328473481, 37: 0.0045260866231374135, 38: 0.010561348307131756, 39: 0.010883183073115508, 40: 0.013002329164049118, 41: 0.006300223324099582, 42: 0.00562124037217838, 43: 0.013156370189974748, 44: 0.007715830409320993, 45: 0.008212742611654975, 46: 0.014756087465070164, 47: 0.00956723915383407, 48: 0.009336301300747401, 49: 0.020581197770181307, 50: 0.0074017154909927696, 51: 0.013336378498352428, 52: 0.0067436968345247076, 53: 0.008319671386596351, 54: 0.017804350399642833, 55: 0.009412888705972825, 56: 0.008297799636487666, 57: 0.008817763226560542, 58: 0.01925062007580632, 59: 0.006532226580721169, 60: 0.008971046239106406, 61: 0.018543339560700225, 62: 0.008979041211509319, 63: 0.013235689474467835, 64: 0.007660003325534279, 65: 0.0071192216978308645, 66: 0.00889506508460475, 67: 0.011930902021729896, 68: 0.00831448068215585, 69: 0.006443718718453567, 70: 0.00577207025458817, 71: 0.00691034094101396, 72: 0.008930899682490768, 73: 0.00828803339678907, 74: 0.009462180296112645}","[57, 56, 53, 52, 51, 51, 50, 49, 48, 48, 47, 47, 47, 45, 45, 45, 45, 45, 44, 44, 44, 43, 43, 43, 42, 42, 41, 40, 40, 40, 40, 40, 39, 39, 39, 39, 39, 39, 39, 38, 38, 38, 38, 38, 38, 38, 38, 38, 37, 37, 37, 37, 37, 37, 37, 36, 36, 36, 35, 35, 34, 34, 34, 34, 34, 34, 33, 33, 33, 32, 31, 31, 30, 29, 27]","dict_values([27, 22, 25, 20, 23, 22, 29, 18, 25, 22, 21, 20, 24, 26, 17, 25, 19, 19, 20, 9, 11, 19, 24, 24, 20, 23, 22, 13, 28, 23, 14, 25, 16, 23, 36, 19, 21, 18, 23, 13, 26, 19, 17, 23, 11, 22, 18, 29, 27, 22, 25, 25, 24, 21, 23, 19, 19, 21, 17, 25, 19, 17, 22, 19, 11, 23, 26, 27, 23, 24, 22, 18, 26, 25, 25])",0.1077584963344446
36,40.18666666666667,0.2783285009846948,"{0: 0.01832884872874066, 1: 0.009658365940823517, 2: 0.01152962594474394, 3: 0.012571140626888414, 4: 0.01923318091119678, 5: 0.007564320602193285, 6: 0.01017427585681909, 7: 0.014844001333727362, 8: 0.010778072801622724, 9: 0.00811763465873055, 10: 0.014833145646051196, 11: 0.012908703817066986, 12: 0.010230611493881265, 13: 0.005884173623899651, 14: 0.011771946415710012, 15: 0.007413746444769813, 16: 0.004071623750114856, 17: 0.007390118788605806, 18: 0.008182371194724711, 19: 0.009660388394693301, 20: 0.009353595747632818, 21: 0.006268921460895979, 22: 0.010185606727258344, 23: 0.006363560177858948, 24: 0.011839328010762339, 25: 0.00593782914165531, 26: 0.011851304922386998, 27: 0.016279713539987518, 28: 0.008143843253633746, 29: 0.006410469349273019, 30: 0.00802508589691784, 31: 0.008923689285982006, 32: 0.004755935910246949, 33: 0.011802774220374459, 34: 0.010123668342846425, 35: 0.008123676009192851, 36: 0.013649476858582418, 37: 0.004182317435742094, 38: 0.01139196077359566, 39: 0.010896146820804357, 40: 0.012869008565669459, 41: 0.006345767054872615, 42: 0.005604997256500016, 43: 0.014932337972016761, 44: 0.0072640662614594335, 45: 0.00891240722885553, 46: 0.01371241645776836, 47: 0.009274929014284679, 48: 0.009031655704115321, 49: 0.020280853471317622, 50: 0.007099815783094008, 51: 0.013180709053996723, 52: 0.007305566209675799, 53: 0.008233153130198186, 54: 0.016050105295686182, 55: 0.008874836213357778, 56: 0.008488633303185887, 57: 0.00861287317090199, 58: 0.018316633910386244, 59: 0.006512713793420958, 60: 0.00894844940359677, 61: 0.018547582024258377, 62: 0.008695658452327523, 63: 0.012487711723853736, 64: 0.006930633537200823, 65: 0.00759884962407769, 66: 0.008971531552389592, 67: 0.011963785011730217, 68: 0.008308980122087124, 69: 0.006717301637092552, 70: 0.005850014990648365, 71: 0.006933819407239977, 72: 0.009120883432201436, 73: 0.00898949425165769, 74: 0.009469183429977006}","[57, 56, 52, 52, 52, 51, 50, 48, 48, 48, 47, 47, 46, 46, 46, 46, 45, 45, 44, 44, 44, 44, 43, 42, 42, 42, 41, 41, 41, 40, 40, 39, 39, 39, 39, 39, 39, 39, 39, 39, 39, 39, 38, 38, 38, 38, 38, 38, 38, 38, 37, 37, 37, 37, 37, 36, 36, 36, 36, 36, 35, 35, 34, 34, 34, 34, 33, 33, 33, 32, 32, 31, 30, 28, 28]","dict_values([27, 22, 25, 20, 23, 22, 29, 18, 25, 22, 21, 20, 24, 26, 17, 25, 19, 19, 20, 9, 11, 19, 24, 24, 20, 23, 22, 13, 28, 23, 14, 25, 16, 23, 36, 19, 21, 18, 23, 13, 26, 19, 17, 23, 11, 22, 18, 29, 27, 22, 25, 25, 24, 21, 23, 19, 19, 21, 17, 25, 19, 17, 22, 19, 11, 23, 26, 27, 23, 24, 22, 18, 26, 25, 25])",0.10423377038540338
36,40.266666666666666,0.2781652220371424,"{0: 0.017437512945791, 1: 0.009455775215818427, 2: 0.012790182588136457, 3: 0.01262588809911345, 4: 0.019203305404831356, 5: 0.008038152729206757, 6: 0.010029644468010999, 7: 0.015023898419978378, 8: 0.009914625404311135, 9: 0.008176316245251287, 10: 0.014136989028710635, 11: 0.012551986870343135, 12: 0.01107313172328713, 13: 0.005693984035339089, 14: 0.0114336269365159, 15: 0.007632048065537613, 16: 0.003830956840560082, 17: 0.007334849338609994, 18: 0.008719219012160648, 19: 0.009709533880035903, 20: 0.009567562530523563, 21: 0.00621260635420046, 22: 0.011328050215036517, 23: 0.006238069144818763, 24: 0.011763556733718854, 25: 0.005964989925003793, 26: 0.011705434919596856, 27: 0.016279606697334015, 28: 0.008502012503890542, 29: 0.006833096279437993, 30: 0.007980294951631264, 31: 0.008852871910699523, 32: 0.004717953948456273, 33: 0.011854133823697805, 34: 0.010061840766237805, 35: 0.008086211552694792, 36: 0.014282489949164005, 37: 0.004643840379340854, 38: 0.011174375181865918, 39: 0.01045635631541688, 40: 0.012649991678920612, 41: 0.006427145512206601, 42: 0.005341051517194034, 43: 0.01372110009758991, 44: 0.007897136044379851, 45: 0.00895515796862063, 46: 0.01269645470470642, 47: 0.00991545391318668, 48: 0.008973202659641534, 49: 0.020070472389563238, 50: 0.006985337673234505, 51: 0.013105459786572939, 52: 0.007092045397302709, 53: 0.009019001287854997, 54: 0.016112915606753833, 55: 0.008854216594569198, 56: 0.008611124776316655, 57: 0.008511598076531957, 58: 0.01838116456556323, 59: 0.0069388832581550874, 60: 0.008898914949660995, 61: 0.018569799984429314, 62: 0.008608291898217076, 63: 0.012413713431940613, 64: 0.0070798792344281495, 65: 0.00785421515355514, 66: 0.008737158444211808, 67: 0.0118872621639628, 68: 0.007859337385199453, 69: 0.006629955861985974, 70: 0.005523241741266323, 71: 0.006507109562017662, 72: 0.008992789786705839, 73: 0.008817218835939502, 74: 0.009767541788089735}","[57, 55, 52, 52, 52, 51, 49, 49, 49, 47, 47, 47, 46, 45, 45, 45, 44, 44, 44, 44, 44, 44, 44, 43, 43, 42, 41, 41, 41, 41, 40, 40, 40, 40, 40, 39, 39, 39, 39, 39, 39, 39, 39, 38, 38, 38, 38, 38, 38, 38, 38, 37, 37, 37, 37, 37, 36, 36, 36, 36, 35, 35, 34, 34, 34, 34, 34, 33, 33, 32, 32, 31, 30, 29, 27]","dict_values([27, 22, 25, 20, 23, 22, 29, 18, 25, 22, 21, 20, 24, 26, 17, 25, 19, 19, 20, 9, 11, 19, 24, 24, 20, 23, 22, 13, 28, 23, 14, 25, 16, 23, 36, 19, 21, 18, 23, 13, 26, 19, 17, 23, 11, 22, 18, 29, 27, 22, 25, 25, 24, 21, 23, 19, 19, 21, 17, 25, 19, 17, 22, 19, 11, 23, 26, 27, 23, 24, 22, 18, 26, 25, 25])",0.10688127713696767
36,40.24,0.2780234992747172,"{0: 0.019610922837815205, 1: 0.009275180904473455, 2: 0.012876306500813476, 3: 0.011717232541919738, 4: 0.0193750301504746, 5: 0.008030616429087646, 6: 0.01004938120282968, 7: 0.015447075701183258, 8: 0.009704822019729989, 9: 0.008153035306717741, 10: 0.014699802084002348, 11: 0.012530029597754178, 12: 0.01116136081077625, 13: 0.005965588369934143, 14: 0.01127184568470638, 15: 0.007608247859982985, 16: 0.0033490233935852018, 17: 0.007366740211260435, 18: 0.008661626006728575, 19: 0.009296711696020291, 20: 0.010347292852066531, 21: 0.006137721463270235, 22: 0.012514472959890395, 23: 0.006327838768619522, 24: 0.012044089426636663, 25: 0.006613900352697586, 26: 0.012493870438718123, 27: 0.01564192724564379, 28: 0.008494296553056467, 29: 0.006835714573999295, 30: 0.008001943439644459, 31: 0.008862494608534381, 32: 0.0047247685486881, 33: 0.011885250746101505, 34: 0.009191282363739551, 35: 0.00805135848277532, 36: 0.014345404271019154, 37: 0.004621655507142064, 38: 0.011288609379921998, 39: 0.010373879658914538, 40: 0.012874843871331044, 41: 0.006502950164310296, 42: 0.004816871341055901, 43: 0.013034920171420957, 44: 0.007759850786923475, 45: 0.009281597628862034, 46: 0.012181319064185786, 47: 0.010031679832120577, 48: 0.00920976366820904, 49: 0.0203636579363724, 50: 0.007396675509407416, 51: 0.01213038402510402, 52: 0.00691546895334649, 53: 0.009523039700011175, 54: 0.01590018190765966, 55: 0.008889443899463454, 56: 0.008380535928029285, 57: 0.008230643784691613, 58: 0.01816327574183121, 59: 0.00646272774016626, 60: 0.008862668674518815, 61: 0.017245685550217795, 62: 0.00870389825153866, 63: 0.01234403518086316, 64: 0.007066903074441846, 65: 0.007940086196029575, 66: 0.008853581116356816, 67: 0.01183379853752964, 68: 0.007856170732883062, 69: 0.006738803456481831, 70: 0.005219755753230574, 71: 0.006735524789740496, 72: 0.00908451904937125, 73: 0.008577105752978686, 74: 0.009661606343231283}","[57, 56, 52, 52, 51, 50, 50, 50, 49, 47, 46, 46, 46, 46, 45, 45, 45, 44, 44, 44, 44, 44, 44, 44, 43, 42, 41, 41, 41, 41, 40, 40, 40, 40, 40, 39, 39, 39, 39, 39, 39, 39, 39, 38, 38, 38, 38, 38, 37, 37, 37, 37, 37, 37, 37, 36, 36, 36, 36, 35, 35, 35, 34, 34, 34, 34, 34, 34, 33, 33, 32, 31, 30, 29, 26]","dict_values([27, 22, 25, 20, 23, 22, 29, 18, 25, 22, 21, 20, 24, 26, 17, 25, 19, 19, 20, 9, 11, 19, 24, 24, 20, 23, 22, 13, 28, 23, 14, 25, 16, 23, 36, 19, 21, 18, 23, 13, 26, 19, 17, 23, 11, 22, 18, 29, 27, 22, 25, 25, 24, 21, 23, 19, 19, 21, 17, 25, 19, 17, 22, 19, 11, 23, 26, 27, 23, 24, 22, 18, 26, 25, 25])",0.09712258808536017
36,40.346666666666664,0.278417269029031,"{0: 0.019599131915503724, 1: 0.009311101675411881, 2: 0.012860274769833886, 3: 0.012238692955721938, 4: 0.01944233625560428, 5: 0.008961105526734002, 6: 0.009945269234584947, 7: 0.015430641908078255, 8: 0.009716058232969785, 9: 0.008734865967978863, 10: 0.014580853109689304, 11: 0.012283308857363923, 12: 0.010571373553713227, 13: 0.006454619612386347, 14: 0.01143242586148672, 15: 0.0070034073458731, 16: 0.002968029598723804, 17: 0.008240879762554713, 18: 0.008559817708441818, 19: 0.009326883515314736, 20: 0.010390727999574292, 21: 0.005619110203629807, 22: 0.012570691707753922, 23: 0.006388263475747691, 24: 0.012212661379498427, 25: 0.007104930974449995, 26: 0.012500988404378185, 27: 0.014053187221551166, 28: 0.007984939727355426, 29: 0.006633594820587719, 30: 0.00778273711486607, 31: 0.00876319258208028, 32: 0.0053983882605127985, 33: 0.011962032758202361, 34: 0.008989539651199004, 35: 0.00801868329079458, 36: 0.014273535953159508, 37: 0.004746064661429386, 38: 0.011164433356440968, 39: 0.010178243961227304, 40: 0.012925561355778555, 41: 0.006953026281149018, 42: 0.005301890227002221, 43: 0.013384740517981625, 44: 0.007716551254637278, 45: 0.009170485685029801, 46: 0.01222418064717381, 47: 0.010381403021483705, 48: 0.009281536981861816, 49: 0.020255658336009612, 50: 0.007373661830478384, 51: 0.012615773734348678, 52: 0.006466206694196536, 53: 0.009350857114921125, 54: 0.01303382038502492, 55: 0.008803279297903192, 56: 0.007761804864136157, 57: 0.00851774845711973, 58: 0.018886043727524976, 59: 0.006854755902094068, 60: 0.008757549003017184, 61: 0.017590648261683266, 62: 0.00957704146798855, 63: 0.012384134988702536, 64: 0.007391952707606141, 65: 0.007851233880822999, 66: 0.00867602636759284, 67: 0.011748985430107488, 68: 0.007940921964999388, 69: 0.006805502797358443, 70: 0.005305122027616092, 71: 0.007279065916922017, 72: 0.009416839336834923, 73: 0.00820370541645845, 74: 0.009507817555762762}","[57, 56, 53, 52, 52, 50, 50, 49, 48, 47, 46, 46, 46, 46, 45, 45, 45, 45, 45, 44, 44, 44, 44, 44, 43, 41, 41, 41, 41, 41, 41, 40, 40, 40, 40, 40, 39, 39, 39, 39, 39, 39, 39, 39, 38, 38, 38, 38, 38, 38, 38, 37, 37, 37, 36, 36, 36, 36, 36, 35, 35, 34, 34, 34, 34, 34, 34, 34, 33, 33, 33, 32, 31, 29, 26]","dict_values([27, 22, 25, 20, 23, 22, 29, 18, 25, 22, 21, 20, 24, 26, 17, 25, 19, 19, 20, 9, 11, 19, 24, 24, 20, 23, 22, 13, 28, 23, 14, 25, 16, 23, 36, 19, 21, 18, 23, 13, 26, 19, 17, 23, 11, 22, 18, 29, 27, 22, 25, 25, 24, 21, 23, 19, 19, 21, 17, 25, 19, 17, 22, 19, 11, 23, 26, 27, 23, 24, 22, 18, 26, 25, 25])",0.10015817967131307
36,40.45333333333333,0.27926863244043576,"{0: 0.01945821860612963, 1: 0.00926211583875481, 2: 0.012903883358080674, 3: 0.012081012187489682, 4: 0.02019408254683285, 5: 0.009292755087835617, 6: 0.009908537257547815, 7: 0.015292115228455682, 8: 0.0098507635672404, 9: 0.009347490719593017, 10: 0.014121530594133336, 11: 0.01220772651015621, 12: 0.010406489078776405, 13: 0.006391007602858081, 14: 0.01133685051458689, 15: 0.006542961558491982, 16: 0.00296456059417738, 17: 0.008271288731704641, 18: 0.009146986050398084, 19: 0.00918914228168309, 20: 0.010316913626646667, 21: 0.005610702944238579, 22: 0.01294965912956044, 23: 0.006383075235265333, 24: 0.012784884468844805, 25: 0.0070198729501507835, 26: 0.012361561627680578, 27: 0.014192364546750873, 28: 0.008056587658592396, 29: 0.007107914369480666, 30: 0.007793603196775199, 31: 0.009090333618614662, 32: 0.005018416426068764, 33: 0.012400350198051052, 34: 0.009307939655992732, 35: 0.007991748961775543, 36: 0.014083620161038493, 37: 0.004744502027213412, 38: 0.01096563652246828, 39: 0.0099594947862865, 40: 0.012713894866430275, 41: 0.006908328058409262, 42: 0.005670752177170928, 43: 0.01321671020898286, 44: 0.007700537968076047, 45: 0.00920024982908259, 46: 0.012035776378039974, 47: 0.011065202416090549, 48: 0.009223891386343537, 49: 0.018589948888062598, 50: 0.007382083414242434, 51: 0.012539285432016321, 52: 0.006444123634807483, 53: 0.009253761101002018, 54: 0.012950726718317913, 55: 0.00872159120496381, 56: 0.007764586031622534, 57: 0.008899020031566219, 58: 0.01867680606689167, 59: 0.006777686006921311, 60: 0.008097765793541229, 61: 0.018004518251996424, 62: 0.00962389709998804, 63: 0.012389454698576028, 64: 0.00733942545947726, 65: 0.007836698267164714, 66: 0.008512109155726354, 67: 0.011327094190432473, 68: 0.007972366906788843, 69: 0.0064249499907466515, 70: 0.005585463967763076, 71: 0.007306569882782147, 72: 0.00920945422738948, 73: 0.00817441065954343, 74: 0.009504251420466776}","[56, 55, 53, 53, 53, 50, 49, 49, 48, 47, 47, 47, 46, 46, 46, 45, 45, 45, 45, 44, 44, 44, 44, 44, 43, 42, 41, 41, 41, 41, 41, 41, 41, 40, 40, 40, 39, 39, 39, 39, 39, 39, 39, 39, 39, 38, 38, 38, 38, 38, 38, 37, 37, 37, 37, 36, 36, 36, 36, 36, 35, 35, 34, 34, 34, 34, 34, 33, 33, 33, 32, 32, 32, 29, 26]","dict_values([27, 22, 25, 20, 23, 22, 29, 18, 25, 22, 21, 20, 24, 26, 17, 25, 19, 19, 20, 9, 11, 19, 24, 24, 20, 23, 22, 13, 28, 23, 14, 25, 16, 23, 36, 19, 21, 18, 23, 13, 26, 19, 17, 23, 11, 22, 18, 29, 27, 22, 25, 25, 24, 21, 23, 19, 19, 21, 17, 25, 19, 17, 22, 19, 11, 23, 26, 27, 23, 24, 22, 18, 26, 25, 25])",0.101766879344576
36,40.45333333333333,0.2789678087239756,"{0: 0.01902742039080391, 1: 0.00962955065132534, 2: 0.01288751985041243, 3: 0.012204599471865342, 4: 0.02019725210847634, 5: 0.00892284476412316, 6: 0.009728733520938391, 7: 0.015293933955028611, 8: 0.009191749980124318, 9: 0.00903460671671312, 10: 0.01406678677025172, 11: 0.012131195963566896, 12: 0.009844770776567662, 13: 0.006347150991295109, 14: 0.011581011246677802, 15: 0.00696527342242344, 16: 0.0029755986890048773, 17: 0.008585234648508194, 18: 0.009004555490879432, 19: 0.009292714515317256, 20: 0.009917953875988718, 21: 0.005707877989655098, 22: 0.01322769472239433, 23: 0.0064417234862473366, 24: 0.013264166880202335, 25: 0.007971408906050106, 26: 0.011873487815933807, 27: 0.014681943600852601, 28: 0.007607204266759624, 29: 0.007687841107065437, 30: 0.008121767469258082, 31: 0.00891412979732462, 32: 0.004972009204284867, 33: 0.013138572435817612, 34: 0.009696146888034288, 35: 0.00807091373583138, 36: 0.014230610392104952, 37: 0.004727459886580134, 38: 0.010488540882391149, 39: 0.009966950891829257, 40: 0.012528174668953574, 41: 0.007497658909360154, 42: 0.006291638390049482, 43: 0.01230400215959095, 44: 0.007607751377626556, 45: 0.009251240889540826, 46: 0.012279227359563936, 47: 0.01024061805410514, 48: 0.00890888497539428, 49: 0.017679208510270814, 50: 0.007951309998982036, 51: 0.013088896584939808, 52: 0.006504535863036205, 53: 0.009358356731556055, 54: 0.012635077248185222, 55: 0.008363339561426387, 56: 0.007803201918535477, 57: 0.009079848145977157, 58: 0.01873554944996561, 59: 0.007822633174435817, 60: 0.007979154310055709, 61: 0.017777512426016266, 62: 0.009531289847786697, 63: 0.0117779627000736, 64: 0.007324559192016717, 65: 0.008351330372693174, 66: 0.008527707872931013, 67: 0.01110628175616101, 68: 0.007652042839273317, 69: 0.006513643885034974, 70: 0.005670236521454279, 71: 0.007314285999626421, 72: 0.009178692268628644, 73: 0.008148563885850434, 74: 0.008761649186365683}","[56, 54, 53, 53, 53, 50, 49, 49, 49, 48, 48, 47, 46, 46, 46, 45, 45, 45, 44, 44, 44, 44, 43, 43, 43, 41, 41, 41, 41, 40, 40, 40, 40, 40, 40, 40, 39, 39, 39, 39, 39, 39, 39, 39, 38, 38, 38, 38, 38, 38, 38, 38, 37, 37, 37, 37, 36, 36, 36, 36, 36, 35, 35, 35, 34, 34, 34, 34, 33, 33, 33, 32, 32, 29, 26]","dict_values([27, 22, 25, 20, 23, 22, 29, 18, 25, 22, 21, 20, 24, 26, 17, 25, 19, 19, 20, 9, 11, 19, 24, 24, 20, 23, 22, 13, 28, 23, 14, 25, 16, 23, 36, 19, 21, 18, 23, 13, 26, 19, 17, 23, 11, 22, 18, 29, 27, 22, 25, 25, 24, 21, 23, 19, 19, 21, 17, 25, 19, 17, 22, 19, 11, 23, 26, 27, 23, 24, 22, 18, 26, 25, 25])",0.1044375565172388
36,40.346666666666664,0.2790657331169169,"{0: 0.01894728338987548, 1: 0.009876796863098235, 2: 0.013557367958785062, 3: 0.0132379569378794, 4: 0.019740160415721138, 5: 0.009128851791330267, 6: 0.00984818400068158, 7: 0.01577090072924258, 8: 0.008738428247697726, 9: 0.009523869637097436, 10: 0.01401834312793217, 11: 0.012020029129314748, 12: 0.00960197620427874, 13: 0.005988061307728437, 14: 0.011442087787220506, 15: 0.007482136163643013, 16: 0.003006278665707404, 17: 0.009203488171786818, 18: 0.008876562217412147, 19: 0.009664568483061636, 20: 0.009997878700017749, 21: 0.005700131086315873, 22: 0.013629606460611404, 23: 0.006328032697895712, 24: 0.013354675018655681, 25: 0.006869156382460983, 26: 0.01198123636500223, 27: 0.01478949558817086, 28: 0.00765250371414755, 29: 0.007842873151688629, 30: 0.008101497689260636, 31: 0.008760536968720638, 32: 0.004728744685245047, 33: 0.013728336595893143, 34: 0.008663625383273282, 35: 0.007686896244986191, 36: 0.013957326489277664, 37: 0.004750977385852563, 38: 0.009901727739653296, 39: 0.009871202904410122, 40: 0.012584911754593843, 41: 0.007944047632112929, 42: 0.006381203625082962, 43: 0.01277632496303716, 44: 0.007636718076972657, 45: 0.01000794093699021, 46: 0.012984952121173957, 47: 0.0103659791365993, 48: 0.008781304792586018, 49: 0.017638195090900616, 50: 0.0076094498298546545, 51: 0.014100016958448366, 52: 0.006707776501816687, 53: 0.008556520325344852, 54: 0.01264463611786187, 55: 0.008547211582840131, 56: 0.008326591327792914, 57: 0.00861145526161082, 58: 0.018253971336283415, 59: 0.00785605193834921, 60: 0.007916983998136421, 61: 0.017976287908523413, 62: 0.009637591026962627, 63: 0.011943679475379412, 64: 0.0072993191474862475, 65: 0.008231941495481537, 66: 0.008490717774355233, 67: 0.010433441664194394, 68: 0.007622782373600202, 69: 0.006478644935760046, 70: 0.005074652009134488, 71: 0.007632777153325099, 72: 0.008632809650514484, 73: 0.008222299125616568, 74: 0.008213578781979897}","[56, 54, 53, 52, 52, 51, 49, 49, 49, 48, 48, 47, 47, 46, 46, 46, 46, 45, 45, 44, 44, 43, 43, 42, 42, 42, 41, 41, 41, 41, 40, 40, 40, 40, 40, 40, 39, 39, 39, 39, 39, 38, 38, 38, 38, 38, 38, 38, 38, 38, 37, 37, 37, 37, 37, 36, 36, 36, 36, 36, 35, 35, 35, 35, 34, 34, 34, 33, 33, 33, 33, 31, 31, 29, 26]","dict_values([27, 22, 25, 20, 23, 22, 29, 18, 25, 22, 21, 20, 24, 26, 17, 25, 19, 19, 20, 9, 11, 19, 24, 24, 20, 23, 22, 13, 28, 23, 14, 25, 16, 23, 36, 19, 21, 18, 23, 13, 26, 19, 17, 23, 11, 22, 18, 29, 27, 22, 25, 25, 24, 21, 23, 19, 19, 21, 17, 25, 19, 17, 22, 19, 11, 23, 26, 27, 23, 24, 22, 18, 26, 25, 25])",0.0995806775297062
36,40.373333333333335,0.2789600051445761,"{0: 0.01906495742646894, 1: 0.010206832638339486, 2: 0.013696818638893063, 3: 0.013455982805297877, 4: 0.018865800990222358, 5: 0.008920467044679926, 6: 0.009820724736154744, 7: 0.016000801410611196, 8: 0.007898313040724183, 9: 0.009224558515084101, 10: 0.014217256683010113, 11: 0.01197501490533859, 12: 0.009652761365090133, 13: 0.005967795433443166, 14: 0.011489246748410184, 15: 0.007948049728871647, 16: 0.003145552974320098, 17: 0.009304106301591624, 18: 0.00904428099458935, 19: 0.009618810218125289, 20: 0.010059243650429206, 21: 0.006048394918257933, 22: 0.012939074878940214, 23: 0.006368454776996276, 24: 0.013660746914427145, 25: 0.006842750967430809, 26: 0.013056210614417824, 27: 0.014838521818637809, 28: 0.007580662193877342, 29: 0.007937826406434185, 30: 0.007829736146382252, 31: 0.008607417883318967, 32: 0.004726581139598274, 33: 0.014254600261476895, 34: 0.008709391049280509, 35: 0.007611779187121654, 36: 0.013507710492439508, 37: 0.00477208286329991, 38: 0.009825630561279585, 39: 0.010553486097402292, 40: 0.011925182080298923, 41: 0.008045000369407343, 42: 0.006209649702800388, 43: 0.012777482497670536, 44: 0.0077057908574030345, 45: 0.009706598152367978, 46: 0.01274704868213725, 47: 0.010108788805629942, 48: 0.00834137511979166, 49: 0.017775749537126424, 50: 0.007316116929559066, 51: 0.013634016297306584, 52: 0.007205079957346985, 53: 0.00847845719059302, 54: 0.01260396227866237, 55: 0.008417503302175599, 56: 0.00836161177619679, 57: 0.008755703695627075, 58: 0.018436143048017925, 59: 0.007671136081323231, 60: 0.008048042808316782, 61: 0.016410262502123903, 62: 0.00975265042045864, 63: 0.01228290561632414, 64: 0.006823528912570009, 65: 0.008352424716665158, 66: 0.009012369327279947, 67: 0.010573182072329587, 68: 0.007627371489999312, 69: 0.006544032642575957, 70: 0.00584165145634846, 71: 0.007692848617506152, 72: 0.008626718925872835, 73: 0.0081371705014246, 74: 0.008526333272838601}","[56, 54, 53, 51, 51, 51, 49, 49, 48, 48, 48, 47, 47, 46, 46, 46, 45, 45, 45, 45, 44, 44, 43, 42, 42, 42, 41, 41, 40, 40, 40, 40, 40, 40, 40, 40, 40, 39, 39, 39, 39, 38, 38, 38, 38, 38, 38, 38, 37, 37, 37, 37, 37, 37, 37, 37, 36, 36, 36, 36, 36, 36, 35, 35, 35, 34, 34, 34, 34, 33, 33, 31, 31, 29, 27]","dict_values([27, 22, 25, 20, 23, 22, 29, 18, 25, 22, 21, 20, 24, 26, 17, 25, 19, 19, 20, 9, 11, 19, 24, 24, 20, 23, 22, 13, 28, 23, 14, 25, 16, 23, 36, 19, 21, 18, 23, 13, 26, 19, 17, 23, 11, 22, 18, 29, 27, 22, 25, 25, 24, 21, 23, 19, 19, 21, 17, 25, 19, 17, 22, 19, 11, 23, 26, 27, 23, 24, 22, 18, 26, 25, 25])",0.10419920460553983
36,40.61333333333334,0.28039736461336473,"{0: 0.018589517075035342, 1: 0.010205969089253057, 2: 0.014113111249158972, 3: 0.01431576342519952, 4: 0.018361033208171767, 5: 0.008074846174539801, 6: 0.009267476138243835, 7: 0.015926385949393405, 8: 0.007835970686397433, 9: 0.009807713572200706, 10: 0.015183158201729245, 11: 0.011818294586426643, 12: 0.00968603095946055, 13: 0.006328997182225712, 14: 0.011200367196752076, 15: 0.008643788910356848, 16: 0.0030898883537884346, 17: 0.009016885284680571, 18: 0.007987737834226549, 19: 0.010135995282700209, 20: 0.010018688987246236, 21: 0.006232371339983475, 22: 0.013302224405393246, 23: 0.005893783038374995, 24: 0.014019007312777252, 25: 0.0066690875242872115, 26: 0.012240078469181747, 27: 0.013917673301445839, 28: 0.007839832374902602, 29: 0.008217767980313357, 30: 0.008817940058625965, 31: 0.008635382201021882, 32: 0.004689699287819772, 33: 0.014352536077366454, 34: 0.008514287792821266, 35: 0.007417816407542435, 36: 0.013312404197786822, 37: 0.004234286877467829, 38: 0.009920486891313716, 39: 0.010132180164189318, 40: 0.011599977133485985, 41: 0.007774481308108973, 42: 0.006057486108855972, 43: 0.012486522370670106, 44: 0.007487337519173022, 45: 0.00955159270161318, 46: 0.012373988680182421, 47: 0.01066312265857106, 48: 0.007918702329316215, 49: 0.01674854143315299, 50: 0.007258393086895423, 51: 0.013311540037996006, 52: 0.007147080971590412, 53: 0.009163896896571646, 54: 0.013366770074611524, 55: 0.008413997892083898, 56: 0.008170467092766148, 57: 0.008696033575782414, 58: 0.01977138251223122, 59: 0.008000712564898007, 60: 0.007940573364599322, 61: 0.015799801792556026, 62: 0.009627207568776793, 63: 0.013188743391890986, 64: 0.006691736390567978, 65: 0.007982410948778048, 66: 0.009323188819579959, 67: 0.010490027448362546, 68: 0.007900784990443799, 69: 0.006423583253185881, 70: 0.005444363587865698, 71: 0.007825604872994728, 72: 0.009087132768361966, 73: 0.008493441376223293, 74: 0.007724066257517231}","[56, 55, 53, 51, 51, 51, 50, 49, 49, 48, 48, 47, 47, 47, 46, 46, 46, 45, 45, 45, 45, 44, 44, 43, 42, 42, 42, 41, 41, 41, 40, 40, 40, 40, 40, 40, 40, 39, 39, 39, 39, 39, 39, 38, 38, 38, 38, 38, 38, 38, 38, 37, 37, 37, 37, 37, 37, 37, 36, 36, 36, 35, 35, 35, 35, 35, 34, 34, 34, 33, 33, 32, 31, 28, 27]","dict_values([27, 22, 25, 20, 23, 22, 29, 18, 25, 22, 21, 20, 24, 26, 17, 25, 19, 19, 20, 9, 11, 19, 24, 24, 20, 23, 22, 13, 28, 23, 14, 25, 16, 23, 36, 19, 21, 18, 23, 13, 26, 19, 17, 23, 11, 22, 18, 29, 27, 22, 25, 25, 24, 21, 23, 19, 19, 21, 17, 25, 19, 17, 22, 19, 11, 23, 26, 27, 23, 24, 22, 18, 26, 25, 25])",0.10626941935194602
36,40.666666666666664,0.2804702236333711,"{0: 0.01864357209481588, 1: 0.010169430598348073, 2: 0.015298069263548462, 3: 0.014477734458731788, 4: 0.018254698890510738, 5: 0.008337675535353974, 6: 0.00933974431348552, 7: 0.015986406761513354, 8: 0.007941275628411173, 9: 0.009968424109204866, 10: 0.015339245989930922, 11: 0.011780293827576694, 12: 0.009227251067955359, 13: 0.005753612138619636, 14: 0.011036184318611393, 15: 0.008698200754665842, 16: 0.003234740210969059, 17: 0.008861597077881086, 18: 0.008024308257320539, 19: 0.010040160700549302, 20: 0.010034150678849775, 21: 0.006132694250803173, 22: 0.013052073863217443, 23: 0.005840981031007761, 24: 0.01215025260781466, 25: 0.006597727612042881, 26: 0.012983883809079196, 27: 0.013250722646825289, 28: 0.007699517506796583, 29: 0.008697092383342302, 30: 0.009238096032771854, 31: 0.008104828284361284, 32: 0.0046593863439288894, 33: 0.014899554375475054, 34: 0.008481083220415334, 35: 0.007334691428827749, 36: 0.013368533948540417, 37: 0.0046522051400798015, 38: 0.010667292162591014, 39: 0.009985159071569029, 40: 0.011855586313000835, 41: 0.007916534834315378, 42: 0.006093526213389227, 43: 0.012292614236628903, 44: 0.007424876940782052, 45: 0.009722490668969238, 46: 0.01222924163344792, 47: 0.010030816282699131, 48: 0.007941978339994289, 49: 0.01745717613940651, 50: 0.007227353795461069, 51: 0.012859964418501365, 52: 0.006476359115851263, 53: 0.009105596191339063, 54: 0.014316441153376009, 55: 0.00797125580623044, 56: 0.007869466392826456, 57: 0.009163761836845506, 58: 0.01841188884533326, 59: 0.007929703651854011, 60: 0.008001504980239674, 61: 0.01583487889558263, 62: 0.00971951030770875, 63: 0.013480002157706984, 64: 0.006662191059854235, 65: 0.00817521763437821, 66: 0.009845670740967906, 67: 0.011050567402978205, 68: 0.0073248176764959295, 69: 0.006375620362938468, 70: 0.005521196527833761, 71: 0.007713660248742107, 72: 0.0088882185197198, 73: 0.008456164862882034, 74: 0.007912518998493637}","[56, 54, 53, 51, 51, 51, 50, 49, 48, 47, 47, 47, 47, 47, 46, 46, 46, 46, 46, 45, 45, 45, 45, 44, 43, 42, 41, 41, 41, 41, 40, 40, 40, 40, 40, 40, 40, 40, 40, 40, 39, 39, 39, 39, 38, 38, 38, 38, 38, 38, 38, 38, 37, 37, 37, 37, 36, 36, 36, 36, 36, 35, 35, 35, 35, 35, 34, 34, 33, 33, 33, 31, 31, 29, 28]","dict_values([27, 22, 25, 20, 23, 22, 29, 18, 25, 22, 21, 20, 24, 26, 17, 25, 19, 19, 20, 9, 11, 19, 24, 24, 20, 23, 22, 13, 28, 23, 14, 25, 16, 23, 36, 19, 21, 18, 23, 13, 26, 19, 17, 23, 11, 22, 18, 29, 27, 22, 25, 25, 24, 21, 23, 19, 19, 21, 17, 25, 19, 17, 22, 19, 11, 23, 26, 27, 23, 24, 22, 18, 26, 25, 25])",0.1000586938994894
36,40.666666666666664,0.28053409024699294,"{0: 0.017713182040351435, 1: 0.009855487936024702, 2: 0.014959950315380478, 3: 0.014671769146125696, 4: 0.017812073626898097, 5: 0.008380714222613165, 6: 0.008274215175444462, 7: 0.015506627475432227, 8: 0.008586371038096506, 9: 0.009951710613554541, 10: 0.01527655343785904, 11: 0.01185258637306994, 12: 0.008447003781877465, 13: 0.005693500331207612, 14: 0.011100027650782327, 15: 0.00836258672042167, 16: 0.0035595290103845553, 17: 0.008348661371728044, 18: 0.007881697125244598, 19: 0.01072309717661514, 20: 0.01012110936158243, 21: 0.006374739483482701, 22: 0.013850740989651635, 23: 0.005075204274031848, 24: 0.012764966967216065, 25: 0.007283898097870608, 26: 0.013225052397436175, 27: 0.013526239557639234, 28: 0.008051939332779359, 29: 0.009089251920187794, 30: 0.009184210508371149, 31: 0.008160377994234393, 32: 0.0054893715625853965, 33: 0.014815884868375939, 34: 0.008586783915240285, 35: 0.007218616220800369, 36: 0.01410969235931667, 37: 0.004083997647423684, 38: 0.010713710737828128, 39: 0.009853633490400044, 40: 0.011754416410713642, 41: 0.007954739900692422, 42: 0.006090565239488456, 43: 0.012177848597306608, 44: 0.008009270873358895, 45: 0.009205662176230795, 46: 0.012200468142429739, 47: 0.010566807764042672, 48: 0.0078977866963394, 49: 0.01734944197371287, 50: 0.0066175745797109504, 51: 0.012488618330213868, 52: 0.006553621331224896, 53: 0.008173663703413749, 54: 0.014887225000565142, 55: 0.007966938488954455, 56: 0.00900075696905923, 57: 0.009089826462710256, 58: 0.018557152405994065, 59: 0.008685907748234677, 60: 0.007600319533810234, 61: 0.01525108960453606, 62: 0.01001951353141624, 63: 0.012847219757500087, 64: 0.0063402112647361316, 65: 0.008507342888609676, 66: 0.009226724026225232, 67: 0.011128458530431238, 68: 0.007026107838788405, 69: 0.007109608106710044, 70: 0.005129015072234156, 71: 0.007293230101488131, 72: 0.008862160377129228, 73: 0.009036368472910035, 74: 0.0081733808031573}","[55, 54, 53, 51, 51, 50, 49, 49, 48, 48, 48, 48, 48, 47, 46, 46, 46, 46, 45, 45, 45, 45, 44, 44, 43, 42, 42, 42, 41, 41, 41, 40, 40, 40, 40, 40, 40, 40, 39, 39, 39, 39, 39, 39, 39, 39, 39, 39, 38, 38, 38, 37, 37, 36, 36, 36, 36, 36, 36, 36, 36, 36, 35, 35, 35, 34, 34, 33, 33, 33, 33, 32, 31, 29, 28]","dict_values([27, 22, 25, 20, 23, 22, 29, 18, 25, 22, 21, 20, 24, 26, 17, 25, 19, 19, 20, 9, 11, 19, 24, 24, 20, 23, 22, 13, 28, 23, 14, 25, 16, 23, 36, 19, 21, 18, 23, 13, 26, 19, 17, 23, 11, 22, 18, 29, 27, 22, 25, 25, 24, 21, 23, 19, 19, 21, 17, 25, 19, 17, 22, 19, 11, 23, 26, 27, 23, 24, 22, 18, 26, 25, 25])",0.1013981187852728
36,40.586666666666666,0.2801678574636664,"{0: 0.01710399415572567, 1: 0.009761591268440586, 2: 0.013646359817618315, 3: 0.01476859008445869, 4: 0.01806702235363694, 5: 0.00849801113832575, 6: 0.008758525591261727, 7: 0.015571221204570287, 8: 0.00866044441408037, 9: 0.009906562556949694, 10: 0.015230686847353812, 11: 0.011385712297576322, 12: 0.008075993694749642, 13: 0.005704310102291357, 14: 0.011126015180767244, 15: 0.008386240511198748, 16: 0.0036851455512651567, 17: 0.00801978331156435, 18: 0.007805101054841851, 19: 0.010784128699434695, 20: 0.010511915386747693, 21: 0.006359838343538707, 22: 0.013905991612593052, 23: 0.00500155778242672, 24: 0.012699694696962898, 25: 0.007124710959527083, 26: 0.013909407821117142, 27: 0.013590861076909759, 28: 0.007783186738622397, 29: 0.009067326213325566, 30: 0.00946064373319558, 31: 0.008400012309211174, 32: 0.00543562421543842, 33: 0.01416355345777621, 34: 0.008640703004480362, 35: 0.007311762204357312, 36: 0.014186668290211136, 37: 0.004033207787792285, 38: 0.010760686808150153, 39: 0.009749637736836268, 40: 0.011836132114493293, 41: 0.007928819355562257, 42: 0.006241009019750133, 43: 0.011538351374093203, 44: 0.008042805551227746, 45: 0.009557017396574628, 46: 0.012295801664804077, 47: 0.010961378239930155, 48: 0.00794578496100392, 49: 0.017380058213794628, 50: 0.006399992634358329, 51: 0.012490370157160344, 52: 0.006254100128731653, 53: 0.007968197502846979, 54: 0.014937987533463934, 55: 0.007982426429717278, 56: 0.009142355867155026, 57: 0.009261878143663102, 58: 0.019360168196788534, 59: 0.00862563986524859, 60: 0.007510946505122291, 61: 0.015384713066942364, 62: 0.010113162318685738, 63: 0.012868413911715152, 64: 0.0064414154920497445, 65: 0.008955977428822018, 66: 0.008932589993528523, 67: 0.011402951930271618, 68: 0.007079296590607295, 69: 0.007276227850589183, 70: 0.005032004840626919, 71: 0.007271103299335843, 72: 0.009011509175297146, 73: 0.00915516854202162, 74: 0.008242973518748574}","[54, 54, 54, 51, 51, 50, 49, 49, 48, 48, 48, 48, 47, 47, 47, 46, 46, 46, 45, 45, 44, 43, 43, 43, 43, 43, 42, 42, 41, 41, 41, 41, 41, 40, 40, 40, 40, 40, 40, 39, 39, 39, 39, 39, 39, 39, 38, 38, 38, 38, 38, 37, 37, 37, 36, 36, 36, 36, 36, 36, 36, 35, 35, 35, 34, 34, 34, 33, 33, 33, 32, 31, 31, 29, 28]","dict_values([27, 22, 25, 20, 23, 22, 29, 18, 25, 22, 21, 20, 24, 26, 17, 25, 19, 19, 20, 9, 11, 19, 24, 24, 20, 23, 22, 13, 28, 23, 14, 25, 16, 23, 36, 19, 21, 18, 23, 13, 26, 19, 17, 23, 11, 22, 18, 29, 27, 22, 25, 25, 24, 21, 23, 19, 19, 21, 17, 25, 19, 17, 22, 19, 11, 23, 26, 27, 23, 24, 22, 18, 26, 25, 25])",0.0975029398001454
36,40.586666666666666,0.2801781834698255,"{0: 0.017202566406237022, 1: 0.010139112536372811, 2: 0.014211394079143838, 3: 0.014864269283200816, 4: 0.017943136638174272, 5: 0.008256979732127112, 6: 0.008641819685890135, 7: 0.015428499625216627, 8: 0.008715223395257207, 9: 0.010336737553752693, 10: 0.015366445029192594, 11: 0.011343200857149299, 12: 0.008081436712763086, 13: 0.0060637382014454835, 14: 0.01100098479090352, 15: 0.00842700356566043, 16: 0.003860261384435438, 17: 0.008004766394117088, 18: 0.007878121830385486, 19: 0.011338110147432, 20: 0.011123410168110965, 21: 0.006317961626180805, 22: 0.012892456082600907, 23: 0.005004884563221833, 24: 0.013332916890637746, 25: 0.007083276065439209, 26: 0.01457235990912725, 27: 0.01371462732825119, 28: 0.007265725396265284, 29: 0.008605682010512582, 30: 0.008923726411727133, 31: 0.008344194787640228, 32: 0.005470229087368681, 33: 0.014684160736792318, 34: 0.008620806649760173, 35: 0.007253695706070043, 36: 0.014152847055663853, 37: 0.004289364489374435, 38: 0.010610490103869392, 39: 0.009021661418921693, 40: 0.011696972472834542, 41: 0.00810390003793032, 42: 0.006274711925396856, 43: 0.01144109160511468, 44: 0.008031714429356398, 45: 0.009626067139492295, 46: 0.012586435763800597, 47: 0.010959103740166655, 48: 0.007929310738337914, 49: 0.01693400589927453, 50: 0.006213790199010099, 51: 0.011658995225340255, 52: 0.006690469532935286, 53: 0.007514455565687594, 54: 0.01473310776289657, 55: 0.008153916877781334, 56: 0.009243525443826147, 57: 0.00928592799338027, 58: 0.019212507974223907, 59: 0.008624162659533119, 60: 0.007532010775362911, 61: 0.015471618531928627, 62: 0.010243429604426764, 63: 0.01275782047920391, 64: 0.007037256267229317, 65: 0.009299827368469689, 66: 0.008447327579416186, 67: 0.011912827936620293, 68: 0.006714827642865097, 69: 0.007198332553540665, 70: 0.005035737892305178, 71: 0.006658669125257834, 72: 0.008980664288883465, 73: 0.009168971705020734, 74: 0.008109379756820276}","[54, 54, 53, 51, 51, 50, 49, 49, 48, 48, 48, 48, 48, 47, 46, 46, 46, 45, 45, 45, 44, 44, 44, 43, 43, 43, 42, 42, 41, 41, 41, 41, 41, 40, 40, 40, 40, 40, 40, 39, 39, 39, 39, 39, 38, 38, 38, 38, 38, 38, 37, 37, 37, 37, 37, 36, 36, 36, 36, 36, 36, 35, 35, 35, 34, 34, 33, 33, 33, 33, 33, 32, 30, 30, 29]","dict_values([27, 22, 25, 20, 23, 22, 29, 18, 25, 22, 21, 20, 24, 26, 17, 25, 19, 19, 20, 9, 11, 19, 24, 24, 20, 23, 22, 13, 28, 23, 14, 25, 16, 23, 36, 19, 21, 18, 23, 13, 26, 19, 17, 23, 11, 22, 18, 29, 27, 22, 25, 25, 24, 21, 23, 19, 19, 21, 17, 25, 19, 17, 22, 19, 11, 23, 26, 27, 23, 24, 22, 18, 26, 25, 25])",0.0930664748817605
36,40.74666666666667,0.2821205745988482,"{0: 0.017649298909311342, 1: 0.009763878408372851, 2: 0.013639198474582798, 3: 0.01457349267335484, 4: 0.017941108485777613, 5: 0.008156073702767185, 6: 0.008653921975515995, 7: 0.015541096604314533, 8: 0.009590251139983663, 9: 0.010575648141699997, 10: 0.015057830989845764, 11: 0.011279780718909626, 12: 0.008383935928721822, 13: 0.005834118793743884, 14: 0.010906877150957422, 15: 0.008821846691558803, 16: 0.003928666164567861, 17: 0.008120433033991275, 18: 0.007776000646282658, 19: 0.01144468555209635, 20: 0.011338614412339534, 21: 0.006237088976658269, 22: 0.01271281927208711, 23: 0.004971159999999221, 24: 0.0150704809715476, 25: 0.007945362741334531, 26: 0.014004887486805772, 27: 0.013600697219122673, 28: 0.007437474762477945, 29: 0.008024178835969389, 30: 0.008909324784414906, 31: 0.008416614197976853, 32: 0.00583750934778332, 33: 0.015196187735078515, 34: 0.007875854107057467, 35: 0.0072235593639703236, 36: 0.014326215365114785, 37: 0.004646434873543743, 38: 0.008741362329680142, 39: 0.008926648436381674, 40: 0.011388653220751771, 41: 0.008083597627643904, 42: 0.006134725994794158, 43: 0.010579204646893579, 44: 0.008225429267988325, 45: 0.010201898714797996, 46: 0.012365197223664219, 47: 0.011209716875870034, 48: 0.007927910691876582, 49: 0.017146001055691463, 50: 0.006673781680512353, 51: 0.01124835393877269, 52: 0.006292524808010217, 53: 0.00822060105103212, 54: 0.014246176694897228, 55: 0.008094936073290985, 56: 0.009480568495480358, 57: 0.008710086706189538, 58: 0.02019660474620581, 59: 0.008002545128440926, 60: 0.007457216599955071, 61: 0.015072513610568843, 62: 0.010268570014876887, 63: 0.012670709241545577, 64: 0.006887160298705194, 65: 0.009605772566181331, 66: 0.008437602216863531, 67: 0.011250422874497991, 68: 0.007014834200834001, 69: 0.007115227897178836, 70: 0.004992209863334594, 71: 0.006551329221765668, 72: 0.00901661333068737, 73: 0.008993294708867887, 74: 0.008102965018331942}","[56, 55, 54, 51, 51, 51, 51, 49, 49, 48, 48, 48, 47, 47, 46, 46, 46, 45, 45, 44, 44, 44, 43, 43, 43, 43, 43, 43, 42, 42, 42, 41, 41, 41, 41, 40, 40, 40, 40, 39, 39, 39, 38, 38, 38, 38, 38, 38, 37, 37, 37, 37, 37, 37, 37, 37, 36, 36, 36, 36, 36, 35, 35, 35, 35, 34, 34, 33, 33, 33, 32, 31, 31, 31, 30]","dict_values([27, 22, 25, 20, 23, 22, 29, 18, 25, 22, 21, 20, 24, 26, 17, 25, 19, 19, 20, 9, 11, 19, 24, 24, 20, 23, 22, 13, 28, 23, 14, 25, 16, 23, 36, 19, 21, 18, 23, 13, 26, 19, 17, 23, 11, 22, 18, 29, 27, 22, 25, 25, 24, 21, 23, 19, 19, 21, 17, 25, 19, 17, 22, 19, 11, 23, 26, 27, 23, 24, 22, 18, 26, 25, 25])",0.09554716838902437
36,40.88,0.28229853790818643,"{0: 0.01681144114039235, 1: 0.00976111781333442, 2: 0.013528355400836887, 3: 0.014339568728646444, 4: 0.017186055983268198, 5: 0.008139573273930849, 6: 0.008453648448237396, 7: 0.015356225190388062, 8: 0.01018505091677047, 9: 0.01054920411072364, 10: 0.014475128348669982, 11: 0.011306121266239283, 12: 0.008884443128309522, 13: 0.005760300585802822, 14: 0.011425455142278423, 15: 0.008682341415067223, 16: 0.003870795691907698, 17: 0.008153121955776934, 18: 0.008158103664144382, 19: 0.011970439956942776, 20: 0.011909548765428341, 21: 0.006248287751200549, 22: 0.012409815312757606, 23: 0.004987400325187375, 24: 0.015197826151163869, 25: 0.007694715612309535, 26: 0.013724330387201385, 27: 0.013588942332761672, 28: 0.00742315231664865, 29: 0.007954850327556317, 30: 0.008385584237175205, 31: 0.008252753587850496, 32: 0.005686421060535739, 33: 0.015600904691266371, 34: 0.008231240034273281, 35: 0.007212767495596971, 36: 0.01406072161511323, 37: 0.004784965409885891, 38: 0.00783887285138152, 39: 0.00960842650361085, 40: 0.011235682180047661, 41: 0.008049028552168403, 42: 0.006074100756851042, 43: 0.010534152783063636, 44: 0.008177576529181768, 45: 0.010017621762100143, 46: 0.01188956896549178, 47: 0.011613417001950573, 48: 0.007867448735235823, 49: 0.017979420771739626, 50: 0.006611327136741701, 51: 0.011074920459219357, 52: 0.006595478531695154, 53: 0.008801288869388248, 54: 0.013420829737574639, 55: 0.008416134837691821, 56: 0.008814482707531256, 57: 0.008588173700134625, 58: 0.019069469335110906, 59: 0.007639380410516239, 60: 0.007418931428158832, 61: 0.015072395866216644, 62: 0.010315371066468201, 63: 0.013094119373642283, 64: 0.006429354634709049, 65: 0.009525686307879803, 66: 0.008959531759453448, 67: 0.011149981025845876, 68: 0.007052233020095139, 69: 0.007677399612292357, 70: 0.005601897861338052, 71: 0.006673906176898727, 72: 0.009672747265547723, 73: 0.008918504992872014, 74: 0.007820176262964338}","[55, 55, 54, 51, 51, 50, 50, 50, 49, 48, 48, 48, 47, 47, 46, 46, 46, 46, 45, 45, 44, 44, 44, 44, 44, 43, 43, 43, 43, 42, 42, 42, 41, 41, 41, 41, 40, 39, 39, 39, 39, 39, 38, 38, 38, 38, 38, 38, 37, 37, 37, 37, 37, 37, 37, 37, 37, 36, 36, 36, 36, 36, 35, 35, 35, 35, 34, 34, 33, 33, 33, 31, 31, 31, 31]","dict_values([27, 22, 25, 20, 23, 22, 29, 18, 25, 22, 21, 20, 24, 26, 17, 25, 19, 19, 20, 9, 11, 19, 24, 24, 20, 23, 22, 13, 28, 23, 14, 25, 16, 23, 36, 19, 21, 18, 23, 13, 26, 19, 17, 23, 11, 22, 18, 29, 27, 22, 25, 25, 24, 21, 23, 19, 19, 21, 17, 25, 19, 17, 22, 19, 11, 23, 26, 27, 23, 24, 22, 18, 26, 25, 25])",0.10162891703250385
36,40.82666666666667,0.2817885040270008,"{0: 0.017872986813678167, 1: 0.009235897592061977, 2: 0.01343760642389202, 3: 0.014494955583498009, 4: 0.01698404703566257, 5: 0.008161099921233731, 6: 0.008466030520063459, 7: 0.015275462651525374, 8: 0.010167407706531503, 9: 0.010983514795065158, 10: 0.013963032446110609, 11: 0.010779426563579528, 12: 0.008820508221438825, 13: 0.0057397821256621, 14: 0.011203207914477712, 15: 0.008294751850988335, 16: 0.0047399235933733505, 17: 0.008219175907261832, 18: 0.008095676561751686, 19: 0.013306939464173995, 20: 0.011880382473873524, 21: 0.0067381632821089605, 22: 0.012381035670827436, 23: 0.005001699323447489, 24: 0.015144906406463304, 25: 0.00735526916316147, 26: 0.013174734742625148, 27: 0.013610180854632472, 28: 0.007472414009745959, 29: 0.008020564571071939, 30: 0.008399709550701611, 31: 0.00840465560953071, 32: 0.00567327386769475, 33: 0.015583895769437231, 34: 0.00830715826417872, 35: 0.007613058644996797, 36: 0.014246215918745938, 37: 0.004759610381138012, 38: 0.00792171591421053, 39: 0.00955768500386558, 40: 0.011155693073655989, 41: 0.008212529440835057, 42: 0.006116481751050647, 43: 0.010580234090018013, 44: 0.008374065937999949, 45: 0.010498769712172649, 46: 0.011108319121275566, 47: 0.011557500729952217, 48: 0.00791698748514135, 49: 0.018074607479051184, 50: 0.006643987307641097, 51: 0.011178631069741802, 52: 0.0066665566743174705, 53: 0.008849902422255916, 54: 0.013445602868694482, 55: 0.007810108019319258, 56: 0.008894816145667662, 57: 0.008583555218837446, 58: 0.01910577147096762, 59: 0.007287364153876212, 60: 0.007381959273281711, 61: 0.015012777564200443, 62: 0.010213065524917419, 63: 0.013213403942968284, 64: 0.006473745460350658, 65: 0.009573501001784643, 66: 0.009003528473577087, 67: 0.011229227838373866, 68: 0.007030261393506025, 69: 0.0075290499979931225, 70: 0.004968978376116327, 71: 0.006752612488913858, 72: 0.009247219991872257, 73: 0.008956618900848937, 74: 0.00788479507967136}","[55, 55, 55, 51, 51, 50, 50, 49, 49, 48, 48, 48, 47, 46, 46, 46, 46, 46, 45, 45, 44, 44, 44, 44, 44, 43, 43, 43, 43, 42, 42, 42, 42, 41, 41, 40, 39, 39, 39, 39, 39, 39, 39, 38, 38, 38, 38, 37, 37, 37, 37, 37, 37, 37, 37, 36, 36, 36, 36, 36, 36, 36, 35, 35, 35, 34, 34, 33, 33, 33, 33, 33, 31, 31, 31]","dict_values([27, 22, 25, 20, 23, 22, 29, 18, 25, 22, 21, 20, 24, 26, 17, 25, 19, 19, 20, 9, 11, 19, 24, 24, 20, 23, 22, 13, 28, 23, 14, 25, 16, 23, 36, 19, 21, 18, 23, 13, 26, 19, 17, 23, 11, 22, 18, 29, 27, 22, 25, 25, 24, 21, 23, 19, 19, 21, 17, 25, 19, 17, 22, 19, 11, 23, 26, 27, 23, 24, 22, 18, 26, 25, 25])",0.09283302921848956
36,40.85333333333333,0.28242592352156365,"{0: 0.01797382992439296, 1: 0.008891029267741596, 2: 0.013300616250436678, 3: 0.014706758252023295, 4: 0.016945286263915747, 5: 0.008696633771573174, 6: 0.008422593304691181, 7: 0.015119545815613816, 8: 0.009860039413156054, 9: 0.010954145648660008, 10: 0.013860338115847347, 11: 0.010853405747365149, 12: 0.00878942784955759, 13: 0.005782621179843118, 14: 0.011797014875049161, 15: 0.00845242073837964, 16: 0.004691371236747949, 17: 0.008059736748464262, 18: 0.008535981710589013, 19: 0.013562777997306395, 20: 0.011481563176733245, 21: 0.006481231442302647, 22: 0.012987545719860178, 23: 0.005627194625482296, 24: 0.01482091091529045, 25: 0.007416754412261241, 26: 0.013549202361084022, 27: 0.01367267866354968, 28: 0.007512448084567342, 29: 0.008324842211819545, 30: 0.008471428415627723, 31: 0.00832037893949524, 32: 0.005666920147598945, 33: 0.014834904732215045, 34: 0.008376937474302192, 35: 0.007690592682589409, 36: 0.014870408016535771, 37: 0.0047769086764013115, 38: 0.007849546941968316, 39: 0.009587506355485807, 40: 0.011674940057719987, 41: 0.008183628060428765, 42: 0.0066341747848597185, 43: 0.009990057718212209, 44: 0.008242229258659497, 45: 0.010638181754245645, 46: 0.011581816617044136, 47: 0.011621931398895625, 48: 0.007546223214031434, 49: 0.018180119292908747, 50: 0.0065601817195520785, 51: 0.011135652026596679, 52: 0.0066805771643100404, 53: 0.008772318783248976, 54: 0.012635983224415722, 55: 0.007969258318682837, 56: 0.008768350335131158, 57: 0.008612203548524914, 58: 0.018968321579672986, 59: 0.006431918913974417, 60: 0.007049721112221114, 61: 0.015436869671160916, 62: 0.010080533360759689, 63: 0.012912030827270557, 64: 0.006650372886019543, 65: 0.009359505164299686, 66: 0.008966380487052216, 67: 0.01122844716376095, 68: 0.006999137031285208, 69: 0.0074976259670588696, 70: 0.0048919314293048655, 71: 0.006224521293014445, 72: 0.009211219965389114, 73: 0.008937146491455423, 74: 0.007985887244169605}","[55, 55, 55, 51, 50, 50, 50, 49, 49, 49, 49, 48, 48, 47, 47, 47, 46, 46, 45, 45, 45, 44, 44, 44, 43, 43, 43, 42, 42, 42, 42, 42, 42, 41, 41, 40, 40, 39, 39, 39, 39, 39, 38, 38, 38, 38, 38, 38, 37, 37, 37, 37, 37, 36, 36, 36, 36, 36, 36, 36, 36, 35, 35, 35, 35, 34, 34, 34, 33, 33, 33, 33, 31, 31, 31]","dict_values([27, 22, 25, 20, 23, 22, 29, 18, 25, 22, 21, 20, 24, 26, 17, 25, 19, 19, 20, 9, 11, 19, 24, 24, 20, 23, 22, 13, 28, 23, 14, 25, 16, 23, 36, 19, 21, 18, 23, 13, 26, 19, 17, 23, 11, 22, 18, 29, 27, 22, 25, 25, 24, 21, 23, 19, 19, 21, 17, 25, 19, 17, 22, 19, 11, 23, 26, 27, 23, 24, 22, 18, 26, 25, 25])",0.09449115134740843
36,40.77333333333333,0.28248901568008544,"{0: 0.017810952061654728, 1: 0.008876269700633693, 2: 0.01308186846435558, 3: 0.0146269988521427, 4: 0.01745325550125598, 5: 0.008257409261465495, 6: 0.008114695981286361, 7: 0.014721388942030462, 8: 0.009289293827463886, 9: 0.010020598045310442, 10: 0.014090845304809729, 11: 0.01089887236261659, 12: 0.008829746876793793, 13: 0.005937793887280189, 14: 0.011953940431493237, 15: 0.008531116915875528, 16: 0.004544486672055165, 17: 0.00807445784830122, 18: 0.007828921756226605, 19: 0.013604908114412229, 20: 0.012281511296922258, 21: 0.006441526348899951, 22: 0.013032722744722247, 23: 0.00530106361031911, 24: 0.014844723303197131, 25: 0.007461040397814966, 26: 0.013338542968592795, 27: 0.0147304782753854, 28: 0.007099093567442378, 29: 0.009028383854250284, 30: 0.008762109187224925, 31: 0.008474732108702669, 32: 0.005186367068119863, 33: 0.01430517844290454, 34: 0.008941288952464259, 35: 0.007756850602206002, 36: 0.01488179027776329, 37: 0.004813407539145373, 38: 0.007861483086380305, 39: 0.009173513310325052, 40: 0.011689631094411106, 41: 0.008182686685691339, 42: 0.006660271980768235, 43: 0.010787193108022008, 44: 0.008218887524964092, 45: 0.010053880000752862, 46: 0.011677908300063896, 47: 0.011852920169320106, 48: 0.006931713374099132, 49: 0.01886511236000696, 50: 0.0064598266121075, 51: 0.011049769787617337, 52: 0.006694661253736595, 53: 0.008963971964303541, 54: 0.012702616147118845, 55: 0.007753934402826682, 56: 0.008808697567876693, 57: 0.008615726436053045, 58: 0.019147970162524963, 59: 0.006429804619550642, 60: 0.007146163686648034, 61: 0.015703934752903735, 62: 0.010097773354133293, 63: 0.012658784341147354, 64: 0.007353805586570795, 65: 0.009894022373394104, 66: 0.008266062262998258, 67: 0.011251675882394415, 68: 0.00735790014769561, 69: 0.007956317347796874, 70: 0.004893993188272769, 71: 0.005820225932750395, 72: 0.009247794760939359, 73: 0.008990887983066133, 74: 0.008125189562980337}","[56, 55, 55, 51, 50, 50, 50, 50, 49, 49, 49, 48, 48, 47, 47, 47, 46, 45, 45, 45, 45, 44, 44, 44, 44, 43, 43, 43, 42, 42, 41, 41, 41, 41, 40, 40, 39, 39, 39, 39, 39, 39, 38, 38, 38, 38, 38, 38, 37, 37, 37, 37, 37, 36, 36, 36, 36, 36, 36, 36, 35, 35, 35, 35, 34, 34, 34, 33, 33, 33, 32, 32, 32, 31, 31]","dict_values([27, 22, 25, 20, 23, 22, 29, 18, 25, 22, 21, 20, 24, 26, 17, 25, 19, 19, 20, 9, 11, 19, 24, 24, 20, 23, 22, 13, 28, 23, 14, 25, 16, 23, 36, 19, 21, 18, 23, 13, 26, 19, 17, 23, 11, 22, 18, 29, 27, 22, 25, 25, 24, 21, 23, 19, 19, 21, 17, 25, 19, 17, 22, 19, 11, 23, 26, 27, 23, 24, 22, 18, 26, 25, 25])",0.10048288142777888
36,40.72,0.2818436025821598,"{0: 0.017019524701595713, 1: 0.009333084139105403, 2: 0.01313326935487, 3: 0.014610446167321932, 4: 0.01787240557584559, 5: 0.00829097322194383, 6: 0.00862298733965589, 7: 0.014610100184341628, 8: 0.009070768402728805, 9: 0.010036668857112616, 10: 0.014315274551813454, 11: 0.010881627017828268, 12: 0.007917743646879118, 13: 0.006066342431573736, 14: 0.011915593538812564, 15: 0.008713221394917961, 16: 0.0049498907151051775, 17: 0.008050939928804202, 18: 0.0072180002061874235, 19: 0.0148465025906705, 20: 0.012145934517225728, 21: 0.006498423715830251, 22: 0.013162005504947798, 23: 0.00528054319793678, 24: 0.015094922525999097, 25: 0.0075896731782972545, 26: 0.013249356990447323, 27: 0.014981546235979219, 28: 0.007264603321993227, 29: 0.009014968255088336, 30: 0.008726118409265871, 31: 0.007816399429822042, 32: 0.005184064056538103, 33: 0.014675727508347579, 34: 0.008995441130737533, 35: 0.007642627037293101, 36: 0.014224547276761023, 37: 0.0047749975929816885, 38: 0.007781114287080578, 39: 0.009102457801573047, 40: 0.011652189640259386, 41: 0.007754041547818559, 42: 0.00661308385444554, 43: 0.010833660944632019, 44: 0.008237552783355378, 45: 0.010294981759524355, 46: 0.012336089506792417, 47: 0.011946006841225687, 48: 0.006961287879902484, 49: 0.01888802786643783, 50: 0.006622264395661222, 51: 0.011325351063174557, 52: 0.006146501180747756, 53: 0.00910674459248642, 54: 0.012637695537775995, 55: 0.00785175234974716, 56: 0.009265584639117662, 57: 0.008789023560637379, 58: 0.019400426931737005, 59: 0.00564849913142925, 60: 0.007351644623708401, 61: 0.01486923616798566, 62: 0.010033643578023402, 63: 0.012751610501722785, 64: 0.0073434112308157625, 65: 0.009924224707665479, 66: 0.008147348081421627, 67: 0.010517799876996269, 68: 0.006909999378407152, 69: 0.00806425139425986, 70: 0.005359987356385894, 71: 0.006024024559479838, 72: 0.009463863479197131, 73: 0.009119011741326876, 74: 0.00807391708713543}","[56, 55, 54, 52, 50, 50, 50, 50, 49, 49, 48, 48, 48, 48, 47, 47, 47, 46, 45, 45, 45, 44, 44, 44, 44, 43, 43, 42, 42, 42, 41, 41, 41, 41, 40, 40, 39, 39, 39, 39, 39, 39, 38, 38, 38, 38, 38, 37, 37, 37, 37, 37, 37, 36, 36, 36, 36, 36, 36, 35, 35, 35, 34, 34, 34, 34, 34, 33, 33, 32, 32, 32, 32, 31, 31]","dict_values([27, 22, 25, 20, 23, 22, 29, 18, 25, 22, 21, 20, 24, 26, 17, 25, 19, 19, 20, 9, 11, 19, 24, 24, 20, 23, 22, 13, 28, 23, 14, 25, 16, 23, 36, 19, 21, 18, 23, 13, 26, 19, 17, 23, 11, 22, 18, 29, 27, 22, 25, 25, 24, 21, 23, 19, 19, 21, 17, 25, 19, 17, 22, 19, 11, 23, 26, 27, 23, 24, 22, 18, 26, 25, 25])",0.09475843890949592
36,40.61333333333334,0.2804982195437203,"{0: 0.016751114273006077, 1: 0.009306387674690086, 2: 0.01339768637453742, 3: 0.014898348924705783, 4: 0.016967938269308133, 5: 0.008174287968808517, 6: 0.00866090072046375, 7: 0.014908386490881725, 8: 0.009324175762531929, 9: 0.009966127375525675, 10: 0.014374830389872875, 11: 0.010837033371063197, 12: 0.007937055189959645, 13: 0.006010244843260276, 14: 0.010936231175957203, 15: 0.008742427098591483, 16: 0.004970742015566014, 17: 0.008112529575161793, 18: 0.006763477534025478, 19: 0.014690537310400327, 20: 0.013609570688641262, 21: 0.00650123663822294, 22: 0.012453432800667063, 23: 0.005253708507133164, 24: 0.015708497369239526, 25: 0.007712933791700916, 26: 0.013272170874910599, 27: 0.015239961096125482, 28: 0.007769212820582684, 29: 0.009463403433405168, 30: 0.008952419179790429, 31: 0.00787114126155222, 32: 0.004957123535890659, 33: 0.014697520729686506, 34: 0.00906344858399653, 35: 0.007757569315788494, 36: 0.013914430524019571, 37: 0.00480634410428931, 38: 0.007776653843066189, 39: 0.009185038808326483, 40: 0.011152651649226991, 41: 0.007833293449731809, 42: 0.006771487593405403, 43: 0.010869924226088613, 44: 0.008389503311039638, 45: 0.010218169009568349, 46: 0.012490539100128142, 47: 0.01197641574353903, 48: 0.0069645706632008005, 49: 0.018458433186628088, 50: 0.006564704937992608, 51: 0.011435755322524877, 52: 0.006252509163468068, 53: 0.009563269323543296, 54: 0.012205669602929877, 55: 0.008505520663054909, 56: 0.008691411695139805, 57: 0.008864029754440715, 58: 0.018875247133440298, 59: 0.0056919943537769085, 60: 0.0073519501601693365, 61: 0.014758764208217996, 62: 0.009724185015280905, 63: 0.012941066470847985, 64: 0.00733650712842667, 65: 0.009658313425436714, 66: 0.008271420257721627, 67: 0.01059718445707695, 68: 0.007067279002210509, 69: 0.008630565719606815, 70: 0.005397482652771365, 71: 0.0060141860068164904, 72: 0.009159995975064469, 73: 0.009146946761824514, 74: 0.007788581589951451}","[55, 54, 54, 51, 50, 50, 50, 50, 49, 49, 48, 48, 48, 47, 47, 46, 46, 46, 46, 45, 45, 44, 44, 44, 44, 43, 42, 42, 42, 42, 41, 41, 41, 40, 40, 40, 39, 39, 39, 39, 39, 39, 39, 39, 38, 38, 38, 37, 37, 37, 37, 37, 37, 36, 36, 36, 36, 36, 36, 35, 35, 34, 34, 34, 34, 34, 34, 33, 32, 32, 32, 32, 31, 31, 31]","dict_values([27, 22, 25, 20, 23, 22, 29, 18, 25, 22, 21, 20, 24, 26, 17, 25, 19, 19, 20, 9, 11, 19, 24, 24, 20, 23, 22, 13, 28, 23, 14, 25, 16, 23, 36, 19, 21, 18, 23, 13, 26, 19, 17, 23, 11, 22, 18, 29, 27, 22, 25, 25, 24, 21, 23, 19, 19, 21, 17, 25, 19, 17, 22, 19, 11, 23, 26, 27, 23, 24, 22, 18, 26, 25, 25])",0.09097105489950766
36,40.74666666666667,0.28117660625571245,"{0: 0.01733465777623643, 1: 0.010245397157194296, 2: 0.012228123018215582, 3: 0.014297546193197919, 4: 0.017345953897929974, 5: 0.009108370601118387, 6: 0.008569579999754289, 7: 0.015315375272176239, 8: 0.008954571093956235, 9: 0.010627081007873344, 10: 0.014304359273855392, 11: 0.010730131208215365, 12: 0.008001017445684157, 13: 0.006507317258140911, 14: 0.011022299955151048, 15: 0.008629733923275996, 16: 0.004485762582157895, 17: 0.007784701076113415, 18: 0.007468648975354398, 19: 0.014254864956390598, 20: 0.013558252103881905, 21: 0.006428010448385721, 22: 0.012377413551931449, 23: 0.004869294888864361, 24: 0.01572640558186398, 25: 0.00788944696403283, 26: 0.012672987762944203, 27: 0.014823638898962798, 28: 0.008405720810031853, 29: 0.009209288473407852, 30: 0.009004428062523382, 31: 0.008456379298052246, 32: 0.005321982623553938, 33: 0.015558647239446305, 34: 0.008742232145017915, 35: 0.007258263508263508, 36: 0.015285436608966023, 37: 0.005107278309333105, 38: 0.0069192261075447506, 39: 0.009336136904630055, 40: 0.010771970879050609, 41: 0.007588317409026516, 42: 0.00639265418319771, 43: 0.01088554278164634, 44: 0.008602652325558516, 45: 0.010534549707553747, 46: 0.013058020274262939, 47: 0.011798897110142686, 48: 0.007053682412719091, 49: 0.017938846597014734, 50: 0.007027852792357224, 51: 0.010656772542275834, 52: 0.00631431744445443, 53: 0.009499358614415596, 54: 0.012401007563504736, 55: 0.007731969655143698, 56: 0.008364831495556934, 57: 0.008819840644693875, 58: 0.01798783314298242, 59: 0.005710588359075185, 60: 0.0073362563966339715, 61: 0.014382931640604606, 62: 0.008811920702533112, 63: 0.01285574805353924, 64: 0.007163753786078049, 65: 0.009815185818121238, 66: 0.007461848688681888, 67: 0.009859889849230828, 68: 0.007085828899314566, 69: 0.009178647851423636, 70: 0.005374314566693183, 71: 0.005952700348461946, 72: 0.009833751820712314, 73: 0.01033198048110481, 74: 0.007639998040884423}","[55, 55, 53, 51, 51, 50, 50, 50, 50, 50, 48, 48, 47, 47, 47, 46, 46, 46, 46, 45, 45, 45, 44, 43, 43, 43, 43, 43, 42, 42, 42, 41, 41, 41, 41, 40, 40, 40, 40, 40, 40, 40, 39, 39, 39, 38, 38, 37, 37, 37, 37, 37, 36, 36, 36, 36, 36, 35, 35, 35, 35, 34, 34, 34, 34, 33, 33, 33, 32, 32, 32, 32, 32, 32, 31]","dict_values([27, 22, 25, 20, 23, 22, 29, 18, 25, 22, 21, 20, 24, 26, 17, 25, 19, 19, 20, 9, 11, 19, 24, 24, 20, 23, 22, 13, 28, 23, 14, 25, 16, 23, 36, 19, 21, 18, 23, 13, 26, 19, 17, 23, 11, 22, 18, 29, 27, 22, 25, 25, 24, 21, 23, 19, 19, 21, 17, 25, 19, 17, 22, 19, 11, 23, 26, 27, 23, 24, 22, 18, 26, 25, 25])",0.091335643896823
36,40.666666666666664,0.2800851321803776,"{0: 0.017593119721370835, 1: 0.010453482608902036, 2: 0.012981657326760867, 3: 0.013867086410233233, 4: 0.016555488834773813, 5: 0.009225983864129855, 6: 0.008483054525333334, 7: 0.016094141051098694, 8: 0.008954394876560334, 9: 0.011453422930557126, 10: 0.014479251713883187, 11: 0.010926665305401175, 12: 0.008129175659020948, 13: 0.006500841187809766, 14: 0.011889725887979333, 15: 0.008718769995618138, 16: 0.004624980067611824, 17: 0.0077787980729578775, 18: 0.007853342111275847, 19: 0.01352971448307346, 20: 0.013683928242927338, 21: 0.006457071497307006, 22: 0.012587324574768367, 23: 0.00487846777114467, 24: 0.014479548327653182, 25: 0.007873067580390223, 26: 0.012455517441882514, 27: 0.014966565939212768, 28: 0.008563132259800908, 29: 0.008891750745956668, 30: 0.008698228648236916, 31: 0.008600976591409347, 32: 0.005423233901114297, 33: 0.015402204842653366, 34: 0.008733283289175877, 35: 0.0070145491165494855, 36: 0.015944357768638305, 37: 0.005153562230593971, 38: 0.006907145565059896, 39: 0.010231200978488566, 40: 0.01122383586944925, 41: 0.007459521664114852, 42: 0.006402544084421134, 43: 0.010926455620095952, 44: 0.00859319450703733, 45: 0.01052643630455491, 46: 0.013041815787426077, 47: 0.011757913280063514, 48: 0.007056893947163075, 49: 0.017946809467103166, 50: 0.007066185570234931, 51: 0.010849525052095679, 52: 0.006321209232168136, 53: 0.009420045085376597, 54: 0.012473537835677164, 55: 0.007755944089211949, 56: 0.007979940465629602, 57: 0.008770641654581161, 58: 0.018114539292865033, 59: 0.005786451501461644, 60: 0.007427779026284381, 61: 0.01467100178347475, 62: 0.00923301250752702, 63: 0.012117927315022458, 64: 0.0071154545819180435, 65: 0.009644943369286882, 66: 0.006680631493685164, 67: 0.009809311669890693, 68: 0.006968790417642241, 69: 0.008494298914520186, 70: 0.005434257505762562, 71: 0.005914498971034265, 72: 0.008999066890354622, 73: 0.010582297269098297, 74: 0.007340649739150977}","[55, 55, 53, 52, 51, 50, 50, 50, 50, 48, 48, 47, 47, 47, 46, 46, 46, 46, 46, 45, 45, 44, 44, 44, 44, 43, 43, 42, 42, 42, 42, 42, 41, 41, 41, 40, 40, 40, 40, 40, 39, 39, 39, 39, 38, 38, 37, 37, 37, 37, 37, 37, 37, 36, 36, 36, 35, 35, 35, 35, 34, 34, 34, 34, 34, 33, 33, 33, 32, 32, 32, 32, 32, 32, 32]","dict_values([27, 22, 25, 20, 23, 22, 29, 18, 25, 22, 21, 20, 24, 26, 17, 25, 19, 19, 20, 9, 11, 19, 24, 24, 20, 23, 22, 13, 28, 23, 14, 25, 16, 23, 36, 19, 21, 18, 23, 13, 26, 19, 17, 23, 11, 22, 18, 29, 27, 22, 25, 25, 24, 21, 23, 19, 19, 21, 17, 25, 19, 17, 22, 19, 11, 23, 26, 27, 23, 24, 22, 18, 26, 25, 25])",0.09014178984144045
36,40.8,0.28057765361240466,"{0: 0.017271507317492656, 1: 0.01043177579006283, 2: 0.013420151900729744, 3: 0.01355097583693291, 4: 0.015508602420118789, 5: 0.00915165767127384, 6: 0.009030763596808976, 7: 0.01637507807749107, 8: 0.008970808905869421, 9: 0.011432292511318038, 10: 0.014391967335080061, 11: 0.011409297957435236, 12: 0.007913756611597822, 13: 0.006332943245939222, 14: 0.011669021867487755, 15: 0.010008544227067482, 16: 0.004646698496864501, 17: 0.007658236396742127, 18: 0.00842351493923235, 19: 0.013265778740643172, 20: 0.013573378026094646, 21: 0.006442438679197722, 22: 0.012619154500292957, 23: 0.0049349885333251275, 24: 0.014084239324912264, 25: 0.007931739829147005, 26: 0.01191778590543082, 27: 0.015760285528577667, 28: 0.008533015346020596, 29: 0.00865433364049223, 30: 0.008717602811446698, 31: 0.008739220201750419, 32: 0.005196673815145415, 33: 0.015452152660123031, 34: 0.008855160808350039, 35: 0.006953766435903792, 36: 0.015958365266568332, 37: 0.005153879142410522, 38: 0.006877278513136024, 39: 0.01012040451692926, 40: 0.011176883142753708, 41: 0.007198467853264463, 42: 0.006859120432413773, 43: 0.010965527104225735, 44: 0.008157784762402528, 45: 0.010318250452893932, 46: 0.012951812315474319, 47: 0.011510842288490846, 48: 0.007293097194500201, 49: 0.017838832660634383, 50: 0.006920572294174703, 51: 0.010245121586492469, 52: 0.006240146496443447, 53: 0.009329030385283314, 54: 0.012673722620280823, 55: 0.007686342200611635, 56: 0.007945907863205294, 57: 0.009249621020148615, 58: 0.018051355976226577, 59: 0.00604779833224636, 60: 0.00771016201414682, 61: 0.014639313714103817, 62: 0.009591383186667102, 63: 0.01188165139381503, 64: 0.006954958232054975, 65: 0.009483387043346996, 66: 0.006608704282590063, 67: 0.009063800392700378, 68: 0.006951597868072158, 69: 0.008475552880409406, 70: 0.005419722902186862, 71: 0.005951514967318695, 72: 0.0089504079204964, 73: 0.010369931961203067, 74: 0.007968429522613632}","[55, 55, 53, 52, 51, 51, 50, 50, 49, 48, 48, 47, 47, 47, 46, 46, 46, 46, 46, 45, 45, 45, 44, 44, 44, 43, 43, 42, 42, 42, 42, 41, 41, 41, 40, 40, 40, 40, 40, 40, 40, 39, 39, 39, 39, 39, 38, 38, 38, 38, 37, 37, 37, 37, 37, 36, 35, 35, 35, 35, 35, 34, 34, 34, 34, 34, 33, 33, 32, 32, 32, 32, 32, 32, 32]","dict_values([27, 22, 25, 20, 23, 22, 29, 18, 25, 22, 21, 20, 24, 26, 17, 25, 19, 19, 20, 9, 11, 19, 24, 24, 20, 23, 22, 13, 28, 23, 14, 25, 16, 23, 36, 19, 21, 18, 23, 13, 26, 19, 17, 23, 11, 22, 18, 29, 27, 22, 25, 25, 24, 21, 23, 19, 19, 21, 17, 25, 19, 17, 22, 19, 11, 23, 26, 27, 23, 24, 22, 18, 26, 25, 25])",0.08962578495450466
36,40.666666666666664,0.2798766327500532,"{0: 0.0174569475981757, 1: 0.010477502285101963, 2: 0.013185768122044627, 3: 0.01361034558067798, 4: 0.015830282523955075, 5: 0.0092461433600557, 6: 0.00907171342241313, 7: 0.015237100529521212, 8: 0.009120156784744279, 9: 0.01077883242312614, 10: 0.014345044182842171, 11: 0.011405518744806253, 12: 0.007376520450629032, 13: 0.0063600354478952625, 14: 0.010987377490892923, 15: 0.010027467882735494, 16: 0.004714366605876066, 17: 0.007719937472430661, 18: 0.00840196952081215, 19: 0.013384409992929829, 20: 0.014374360395817732, 21: 0.006428630031798653, 22: 0.01264351552481902, 23: 0.00496956142639546, 24: 0.01418290940239236, 25: 0.007577460087377127, 26: 0.013045928867797435, 27: 0.015860826459302826, 28: 0.008531683431826533, 29: 0.00882847948751436, 30: 0.008836263363890193, 31: 0.008805864140889224, 32: 0.005229762018403671, 33: 0.015639957586521928, 34: 0.008191075696034467, 35: 0.007089082315668412, 36: 0.016191075452879934, 37: 0.005031839002945704, 38: 0.007013276657171353, 39: 0.010147599953883637, 40: 0.010916608143643222, 41: 0.007232177930335121, 42: 0.0073168173949455465, 43: 0.010950794146353901, 44: 0.008343340028956734, 45: 0.010616963327885925, 46: 0.012974186119174978, 47: 0.011597127115699496, 48: 0.007373065683764786, 49: 0.01812519860407737, 50: 0.007064685039330587, 51: 0.010618588794058834, 52: 0.006142309909433198, 53: 0.00935229976325215, 54: 0.01286884707954676, 55: 0.007707177249547627, 56: 0.008145710627896407, 57: 0.009261980297249745, 58: 0.018260930921922873, 59: 0.006116520937501332, 60: 0.007325538405164974, 61: 0.014665664985042515, 62: 0.009615234088776951, 63: 0.011963736309927836, 64: 0.0069808489672575766, 65: 0.009171926421940478, 66: 0.0066502469463575725, 67: 0.009181438862842988, 68: 0.006681889934242457, 69: 0.008519639386678001, 70: 0.004953376280326381, 71: 0.005734333388862619, 72: 0.008949729165792798, 73: 0.010503834558001059, 74: 0.008076450418858128}","[55, 55, 53, 51, 51, 50, 50, 50, 49, 48, 47, 47, 47, 47, 47, 47, 46, 46, 46, 45, 45, 44, 44, 44, 43, 43, 43, 43, 42, 42, 41, 41, 41, 41, 40, 40, 40, 40, 40, 40, 40, 39, 39, 39, 39, 39, 38, 38, 38, 37, 37, 37, 37, 36, 36, 35, 35, 35, 35, 35, 35, 35, 34, 34, 33, 33, 33, 33, 32, 32, 32, 32, 32, 31, 31]","dict_values([27, 22, 25, 20, 23, 22, 29, 18, 25, 22, 21, 20, 24, 26, 17, 25, 19, 19, 20, 9, 11, 19, 24, 24, 20, 23, 22, 13, 28, 23, 14, 25, 16, 23, 36, 19, 21, 18, 23, 13, 26, 19, 17, 23, 11, 22, 18, 29, 27, 22, 25, 25, 24, 21, 23, 19, 19, 21, 17, 25, 19, 17, 22, 19, 11, 23, 26, 27, 23, 24, 22, 18, 26, 25, 25])",0.0948790110185434
36,40.693333333333335,0.2799019934191697,"{0: 0.01644436472910864, 1: 0.010496190401754365, 2: 0.013182783530999838, 3: 0.01368693864995324, 4: 0.015780265685073912, 5: 0.00917339458638536, 6: 0.008975995032459229, 7: 0.015143127555155211, 8: 0.009110798325482764, 9: 0.010777723141989768, 10: 0.01380978099702641, 11: 0.010561086864372965, 12: 0.00801757930269672, 13: 0.006361390866903731, 14: 0.010854795300871566, 15: 0.010377600586003528, 16: 0.004922321875789279, 17: 0.0076964858418278465, 18: 0.008412383398056106, 19: 0.01320325150294702, 20: 0.013876266558566929, 21: 0.006542706622758806, 22: 0.012569237031524036, 23: 0.0049929238789029285, 24: 0.01371143867449586, 25: 0.007525978706593707, 26: 0.012996047333261368, 27: 0.01591653309000971, 28: 0.00853569164910825, 29: 0.00875360580180784, 30: 0.008795110571397077, 31: 0.008564833934105592, 32: 0.0052211035843187335, 33: 0.015844404390595507, 34: 0.008222895720942, 35: 0.007133019526618006, 36: 0.016771330493293258, 37: 0.005043257999380794, 38: 0.007051477935016859, 39: 0.010110795042301893, 40: 0.011324369308305264, 41: 0.007904180880385416, 42: 0.0074260275602612835, 43: 0.010992031475764354, 44: 0.008296408614184405, 45: 0.01087238092368977, 46: 0.013794442245540146, 47: 0.011563314995242616, 48: 0.007378000100602842, 49: 0.018434945769447795, 50: 0.0064687695794162356, 51: 0.010460179860348882, 52: 0.006463278894785744, 53: 0.009415741419914515, 54: 0.012642685404110773, 55: 0.007786793475364088, 56: 0.008097420822025784, 57: 0.008171196153418152, 58: 0.018209659341049247, 59: 0.006097490496551423, 60: 0.007324789368000487, 61: 0.014699590998353973, 62: 0.010372183819539261, 63: 0.012070216590506581, 64: 0.007640783413202485, 65: 0.009158350022572424, 66: 0.007251406652091581, 67: 0.009213169337925237, 68: 0.006641411699963417, 69: 0.00790043191982315, 70: 0.005234366522385832, 71: 0.005719938262660497, 72: 0.008706191576601578, 73: 0.01054815876430895, 74: 0.007498352724498214}","[55, 54, 53, 52, 51, 50, 50, 49, 49, 48, 48, 47, 47, 47, 46, 46, 46, 46, 46, 46, 45, 44, 44, 44, 43, 43, 43, 42, 42, 42, 41, 41, 41, 41, 41, 41, 40, 40, 40, 40, 40, 39, 39, 39, 38, 38, 38, 38, 38, 37, 37, 37, 37, 36, 36, 35, 35, 35, 35, 35, 35, 35, 35, 34, 34, 34, 33, 33, 33, 33, 32, 32, 31, 31, 31]","dict_values([27, 22, 25, 20, 23, 22, 29, 18, 25, 22, 21, 20, 24, 26, 17, 25, 19, 19, 20, 9, 11, 19, 24, 24, 20, 23, 22, 13, 28, 23, 14, 25, 16, 23, 36, 19, 21, 18, 23, 13, 26, 19, 17, 23, 11, 22, 18, 29, 27, 22, 25, 25, 24, 21, 23, 19, 19, 21, 17, 25, 19, 17, 22, 19, 11, 23, 26, 27, 23, 24, 22, 18, 26, 25, 25])",0.09610783123113736
36,40.64,0.28009346429410603,"{0: 0.016559190049730523, 1: 0.01062085445721308, 2: 0.01245241607682466, 3: 0.013730335262977345, 4: 0.014621113081852771, 5: 0.0097340294918027, 6: 0.009087332281466118, 7: 0.015021058869907985, 8: 0.008162693483279573, 9: 0.01209723482240779, 10: 0.013161159706122147, 11: 0.010498642517918145, 12: 0.008326000565319227, 13: 0.006431569274035029, 14: 0.010075218737866022, 15: 0.010731537317959557, 16: 0.005000858448046625, 17: 0.007774448143636242, 18: 0.00843254356143163, 19: 0.013489737571371492, 20: 0.01431371377639682, 21: 0.006529359532627473, 22: 0.01264294492034218, 23: 0.004892961977974067, 24: 0.014232013648469117, 25: 0.007638246627502445, 26: 0.013026292401980366, 27: 0.0159134498677484, 28: 0.00842927286649674, 29: 0.008741067637437525, 30: 0.008960911047416881, 31: 0.008560248631408368, 32: 0.005357054770037548, 33: 0.016514825176342278, 34: 0.008284699674645539, 35: 0.0070636620773306, 36: 0.01660286128441184, 37: 0.004531015192617439, 38: 0.007069636720139248, 39: 0.010704973944718713, 40: 0.011438433873253398, 41: 0.008056715820089424, 42: 0.007379341854766363, 43: 0.010912355312032992, 44: 0.008374259385871486, 45: 0.010886024186108097, 46: 0.013274956499170846, 47: 0.011592884447143835, 48: 0.007307827535426318, 49: 0.01941757503822934, 50: 0.006453205946124836, 51: 0.010502851627743958, 52: 0.006398553936343262, 53: 0.009521874955476777, 54: 0.01277117951049569, 55: 0.007643707342573664, 56: 0.008055407790500459, 57: 0.008306287993278106, 58: 0.017621420392140902, 59: 0.0062709139768295065, 60: 0.007942657683419072, 61: 0.014623190657101432, 62: 0.01004934369738089, 63: 0.012043578469467372, 64: 0.007721099543253535, 65: 0.009194845591628975, 66: 0.007009528805881147, 67: 0.009253312836306397, 68: 0.006705956619464018, 69: 0.007966003783282273, 70: 0.0053247470506754034, 71: 0.005085675166076261, 72: 0.008777262718381825, 73: 0.010247875359372606, 74: 0.00772311792756024}","[56, 54, 52, 52, 51, 51, 50, 48, 48, 47, 47, 47, 47, 47, 46, 46, 46, 46, 46, 46, 45, 45, 44, 44, 43, 43, 43, 43, 42, 42, 42, 41, 41, 41, 41, 41, 40, 40, 40, 39, 39, 39, 39, 39, 38, 38, 38, 38, 38, 38, 37, 37, 37, 37, 36, 35, 35, 35, 35, 35, 35, 35, 34, 34, 34, 34, 33, 33, 33, 32, 32, 32, 31, 30, 30]","dict_values([27, 22, 25, 20, 23, 22, 29, 18, 25, 22, 21, 20, 24, 26, 17, 25, 19, 19, 20, 9, 11, 19, 24, 24, 20, 23, 22, 13, 28, 23, 14, 25, 16, 23, 36, 19, 21, 18, 23, 13, 26, 19, 17, 23, 11, 22, 18, 29, 27, 22, 25, 25, 24, 21, 23, 19, 19, 21, 17, 25, 19, 17, 22, 19, 11, 23, 26, 27, 23, 24, 22, 18, 26, 25, 25])",0.10057668726448563
36,40.72,0.28074757912209686,"{0: 0.01734525489901115, 1: 0.010630532086011536, 2: 0.012785206068165673, 3: 0.013845024385621758, 4: 0.015137973632047339, 5: 0.009804917921416323, 6: 0.009055574773440126, 7: 0.014894533796446107, 8: 0.007961076421219999, 9: 0.011991952034814627, 10: 0.013683577701842545, 11: 0.008989555304743959, 12: 0.008510512872532796, 13: 0.006356705932480338, 14: 0.010427172553692979, 15: 0.010711173431275476, 16: 0.004342649847048198, 17: 0.00789354637272288, 18: 0.008724523296531174, 19: 0.01437664918488046, 20: 0.014970482718014351, 21: 0.00649978186756781, 22: 0.012634842505789027, 23: 0.004893451913999859, 24: 0.014146426658590745, 25: 0.007757890130529223, 26: 0.013051390502455074, 27: 0.016022097436595894, 28: 0.008440974942490775, 29: 0.008817633752598236, 30: 0.008624515816825181, 31: 0.009444306394957639, 32: 0.005407345472136289, 33: 0.016067568484512147, 34: 0.00761109385890378, 35: 0.00707579146397005, 36: 0.016576615353646143, 37: 0.004832267789263074, 38: 0.007362308068657601, 39: 0.010532907180104125, 40: 0.010835920073702376, 41: 0.007940338610653085, 42: 0.007384576574618048, 43: 0.010918975724494281, 44: 0.00828375697705363, 45: 0.01074367961838298, 46: 0.013624699105272845, 47: 0.009602743619520014, 48: 0.007586802838318671, 49: 0.019838502435808765, 50: 0.006436639346202288, 51: 0.010346994955685728, 52: 0.006458001024260318, 53: 0.00934223652750047, 54: 0.012505521631031205, 55: 0.007741096311055221, 56: 0.008041441283174779, 57: 0.008064480132194112, 58: 0.01677110795126809, 59: 0.006223585915850447, 60: 0.008438743466707057, 61: 0.01467519828303238, 62: 0.010016738057508507, 63: 0.011392816954792585, 64: 0.007663089828457361, 65: 0.009109038428264458, 66: 0.0068575258576768746, 67: 0.009209760392668463, 68: 0.006633265930247757, 69: 0.008515272135714857, 70: 0.005750375352598029, 71: 0.00504101067657775, 72: 0.00875518179926509, 73: 0.010747430461865335, 74: 0.008136805721086632}","[57, 55, 52, 52, 51, 51, 50, 49, 48, 48, 47, 47, 47, 47, 47, 47, 46, 46, 45, 45, 45, 44, 44, 43, 43, 43, 43, 42, 42, 42, 42, 41, 41, 41, 41, 41, 40, 40, 40, 40, 39, 39, 39, 39, 39, 39, 38, 38, 38, 38, 37, 37, 37, 36, 36, 35, 35, 35, 35, 35, 35, 35, 35, 35, 35, 34, 33, 33, 32, 32, 32, 32, 31, 31, 30]","dict_values([27, 22, 25, 20, 23, 22, 29, 18, 25, 22, 21, 20, 24, 26, 17, 25, 19, 19, 20, 9, 11, 19, 24, 24, 20, 23, 22, 13, 28, 23, 14, 25, 16, 23, 36, 19, 21, 18, 23, 13, 26, 19, 17, 23, 11, 22, 18, 29, 27, 22, 25, 25, 24, 21, 23, 19, 19, 21, 17, 25, 19, 17, 22, 19, 11, 23, 26, 27, 23, 24, 22, 18, 26, 25, 25])",0.09812804146622528
36,40.85333333333333,0.28080639885713765,"{0: 0.017245700072281746, 1: 0.011117373899650194, 2: 0.012604036589838942, 3: 0.013551914049021275, 4: 0.014067988285062389, 5: 0.009609773695930869, 6: 0.009309881182436003, 7: 0.014836078045527883, 8: 0.008021275208026748, 9: 0.012126497691714016, 10: 0.01388807791271383, 11: 0.008936384921604304, 12: 0.009169593541349571, 13: 0.006227792991728662, 14: 0.010376730504795728, 15: 0.011155371466781333, 16: 0.0044156544708003325, 17: 0.008606006687934695, 18: 0.008664061899462047, 19: 0.0142227491177794, 20: 0.014555810561747512, 21: 0.007198400686894801, 22: 0.013022600906391154, 23: 0.005389297467353813, 24: 0.014637131941891436, 25: 0.00827010002856554, 26: 0.012315985667796623, 27: 0.01603265688169737, 28: 0.00897543268598739, 29: 0.008834601661421962, 30: 0.00854684840399225, 31: 0.009341778586794311, 32: 0.005437772923085839, 33: 0.01584384514278011, 34: 0.007905510153106733, 35: 0.006885292937071267, 36: 0.01643306317094448, 37: 0.005601856956448726, 38: 0.006969612221611468, 39: 0.01057521955118362, 40: 0.010720715616233615, 41: 0.007857987333550996, 42: 0.007210634932336448, 43: 0.010668633748342904, 44: 0.008242085508731876, 45: 0.010877725937287419, 46: 0.013534103515941861, 47: 0.00949854683972614, 48: 0.007514268689949663, 49: 0.018673190956639458, 50: 0.006328570111846317, 51: 0.01014936362292559, 52: 0.0064328953229917905, 53: 0.00900678877046849, 54: 0.012402940656897338, 55: 0.008354335002917965, 56: 0.008485310008987352, 57: 0.008009216431178147, 58: 0.016647294126095148, 59: 0.00634815096250008, 60: 0.008334234102192481, 61: 0.014020101946260528, 62: 0.010118592038056564, 63: 0.011369011257724531, 64: 0.007513726266200627, 65: 0.009001995074360575, 66: 0.007105523365948355, 67: 0.008951836819540841, 68: 0.006187273222918947, 69: 0.008428173187571102, 70: 0.00527755841878708, 71: 0.00499996655431143, 72: 0.007960106653028551, 73: 0.011490798780417675, 74: 0.008113042535151991}","[56, 55, 52, 52, 51, 51, 50, 49, 48, 48, 48, 47, 47, 47, 47, 46, 46, 46, 45, 45, 45, 44, 43, 43, 43, 43, 43, 43, 42, 42, 42, 42, 42, 41, 41, 41, 41, 40, 40, 40, 39, 39, 39, 39, 39, 39, 39, 38, 38, 38, 37, 37, 37, 37, 36, 36, 36, 36, 36, 35, 35, 35, 35, 35, 34, 34, 34, 33, 33, 32, 32, 32, 32, 31, 30]","dict_values([27, 22, 25, 20, 23, 22, 29, 18, 25, 22, 21, 20, 24, 26, 17, 25, 19, 19, 20, 9, 11, 19, 24, 24, 20, 23, 22, 13, 28, 23, 14, 25, 16, 23, 36, 19, 21, 18, 23, 13, 26, 19, 17, 23, 11, 22, 18, 29, 27, 22, 25, 25, 24, 21, 23, 19, 19, 21, 17, 25, 19, 17, 22, 19, 11, 23, 26, 27, 23, 24, 22, 18, 26, 25, 25])",0.10089372754603274
36,40.77333333333333,0.28029161987143036,"{0: 0.015790097942956455, 1: 0.010745294174675374, 2: 0.012596028444799148, 3: 0.012190138616194687, 4: 0.014134427176470524, 5: 0.009108252557274193, 6: 0.009426504088598964, 7: 0.015381437065255413, 8: 0.007544224349193098, 9: 0.011928229041131595, 10: 0.014419881823536323, 11: 0.009919746478136138, 12: 0.00915416485234225, 13: 0.006351579816388508, 14: 0.0105925416590053, 15: 0.01132691383197995, 16: 0.00438356704594305, 17: 0.008421584420628547, 18: 0.008329211287529123, 19: 0.014186973801951443, 20: 0.01474171930561383, 21: 0.007346703001743619, 22: 0.013276058441942462, 23: 0.0055273826506703205, 24: 0.01475317705596402, 25: 0.008614591430910023, 26: 0.011878846357961152, 27: 0.016490569968951173, 28: 0.008851556740356096, 29: 0.00873831870028428, 30: 0.008624608065444154, 31: 0.009706009901416833, 32: 0.005439036805197486, 33: 0.016042265634581967, 34: 0.008343173607195723, 35: 0.0072992043307632225, 36: 0.016747260729498885, 37: 0.005721162296504762, 38: 0.007000029598204998, 39: 0.010485994406873386, 40: 0.010703845795478522, 41: 0.00814722602614291, 42: 0.007284735105231358, 43: 0.010867568462584356, 44: 0.008432931288526055, 45: 0.011021983102973693, 46: 0.013725552714590862, 47: 0.00968981784485846, 48: 0.007625838105290163, 49: 0.01814405980595453, 50: 0.0063973346346432565, 51: 0.01064813375704017, 52: 0.006116547886262807, 53: 0.008668564814327307, 54: 0.012635878228772357, 55: 0.008466100418155214, 56: 0.008545993824184877, 57: 0.008226449976373753, 58: 0.016486970761553362, 59: 0.006478574774338759, 60: 0.008833611480316406, 61: 0.014057539158778803, 62: 0.009520005400723933, 63: 0.010941841355162093, 64: 0.007032445787169452, 65: 0.00898764090174679, 66: 0.00765075525580894, 67: 0.007309955492079185, 68: 0.006449044249550164, 69: 0.008903046300536975, 70: 0.005323622188757081, 71: 0.00449515830810998, 72: 0.008665864682277192, 73: 0.011119760590766373, 74: 0.008152942976509987}","[55, 54, 52, 52, 51, 51, 51, 50, 48, 48, 48, 47, 47, 47, 46, 46, 46, 45, 45, 45, 45, 44, 44, 43, 43, 43, 43, 42, 42, 42, 42, 42, 42, 41, 41, 41, 40, 40, 40, 40, 39, 39, 39, 39, 39, 38, 38, 38, 38, 37, 37, 37, 37, 37, 37, 36, 36, 36, 36, 36, 35, 35, 35, 35, 34, 34, 34, 33, 32, 32, 32, 32, 32, 31, 29]","dict_values([27, 22, 25, 20, 23, 22, 29, 18, 25, 22, 21, 20, 24, 26, 17, 25, 19, 19, 20, 9, 11, 19, 24, 24, 20, 23, 22, 13, 28, 23, 14, 25, 16, 23, 36, 19, 21, 18, 23, 13, 26, 19, 17, 23, 11, 22, 18, 29, 27, 22, 25, 25, 24, 21, 23, 19, 19, 21, 17, 25, 19, 17, 22, 19, 11, 23, 26, 27, 23, 24, 22, 18, 26, 25, 25])",0.09759089690017413
36,40.96,0.28179961717208085,"{0: 0.015781711765235008, 1: 0.010524965476923925, 2: 0.013357835571429187, 3: 0.013120015162308717, 4: 0.014020455328261464, 5: 0.009010499209376405, 6: 0.009275563047540762, 7: 0.015111030459857228, 8: 0.007924910231256136, 9: 0.012289115656143311, 10: 0.014413709308205671, 11: 0.010005614848369102, 12: 0.009128755740796735, 13: 0.006419355394646948, 14: 0.010527625588913963, 15: 0.011647713812678541, 16: 0.004165374383490587, 17: 0.008463921074311084, 18: 0.008289447119384548, 19: 0.014101170635544663, 20: 0.014797704555447723, 21: 0.00767816663042548, 22: 0.013127445934269759, 23: 0.006301669306355679, 24: 0.0147656550216413, 25: 0.008510974790804276, 26: 0.011782373170236891, 27: 0.016590215915797804, 28: 0.008866666527340623, 29: 0.008704937748291888, 30: 0.008777571444946454, 31: 0.00957329334646015, 32: 0.005404129099056903, 33: 0.015801396756209278, 34: 0.00833456296111754, 35: 0.007191451952591048, 36: 0.017128417270475562, 37: 0.005680609719691105, 38: 0.0065046392328539605, 39: 0.010359939312303236, 40: 0.010501476637470874, 41: 0.008024056011058423, 42: 0.007749982557345573, 43: 0.010629710451032668, 44: 0.008372299481492191, 45: 0.010254434046190504, 46: 0.012318465132092957, 47: 0.00907790061882833, 48: 0.007079183941341475, 49: 0.017747052060905284, 50: 0.00588076865881464, 51: 0.010513993519595423, 52: 0.006210847981597377, 53: 0.008556312586773553, 54: 0.012462255867437686, 55: 0.008251423653370301, 56: 0.008377728429894395, 57: 0.008082535052357889, 58: 0.016466675773812382, 59: 0.006535170187571676, 60: 0.00977007635575294, 61: 0.013789554992269479, 62: 0.009527523796567629, 63: 0.010729419337738796, 64: 0.007002843210368053, 65: 0.009122141147044778, 66: 0.007504848181160329, 67: 0.007250615593885076, 68: 0.0069389969322559255, 69: 0.00942357936731509, 70: 0.005213628652180274, 71: 0.004476730964246845, 72: 0.008467408419419882, 73: 0.011393070066506287, 74: 0.008856672418649462}","[55, 54, 53, 52, 51, 51, 51, 50, 49, 48, 48, 47, 47, 47, 47, 46, 46, 46, 45, 45, 45, 44, 44, 44, 43, 43, 43, 42, 42, 42, 42, 42, 42, 42, 41, 41, 41, 41, 41, 40, 39, 39, 39, 39, 39, 39, 39, 38, 38, 37, 37, 37, 37, 37, 37, 36, 36, 36, 36, 36, 36, 36, 36, 35, 35, 34, 34, 33, 32, 32, 32, 32, 32, 30, 29]","dict_values([27, 22, 25, 20, 23, 22, 29, 18, 25, 22, 21, 20, 24, 26, 17, 25, 19, 19, 20, 9, 11, 19, 24, 24, 20, 23, 22, 13, 28, 23, 14, 25, 16, 23, 36, 19, 21, 18, 23, 13, 26, 19, 17, 23, 11, 22, 18, 29, 27, 22, 25, 25, 24, 21, 23, 19, 19, 21, 17, 25, 19, 17, 22, 19, 11, 23, 26, 27, 23, 24, 22, 18, 26, 25, 25])",0.09758631388346356
36,40.96,0.28133694857703473,"{0: 0.01666372617284248, 1: 0.010094807472514329, 2: 0.013508341552731947, 3: 0.01266297183941352, 4: 0.013115878559270391, 5: 0.009583701041706883, 6: 0.007954906778020562, 7: 0.014355035943807817, 8: 0.007833261779711343, 9: 0.012648227090611159, 10: 0.013693157079957071, 11: 0.009922040922731743, 12: 0.009189705064631768, 13: 0.00715704521551348, 14: 0.011250387858039976, 15: 0.01123678525089037, 16: 0.004222670419067084, 17: 0.008251934826288707, 18: 0.00826921494729714, 19: 0.014178764334822815, 20: 0.015978967736854897, 21: 0.0076635632897863815, 22: 0.013073559899222133, 23: 0.006319039366984573, 24: 0.0153960799405656, 25: 0.008192268560700112, 26: 0.011726103691817601, 27: 0.016485925979975998, 28: 0.009234296668036768, 29: 0.009252369354364952, 30: 0.00839905193880076, 31: 0.01023027746803376, 32: 0.00543619344989208, 33: 0.015152272423123203, 34: 0.008717634307256947, 35: 0.007089528669725271, 36: 0.0172579999085315, 37: 0.004910226156761982, 38: 0.006422542022616607, 39: 0.009965615431305868, 40: 0.011035625090380093, 41: 0.007916750993320202, 42: 0.007744100452085753, 43: 0.010990615003783413, 44: 0.00805927813984459, 45: 0.010244199949400653, 46: 0.011484634797772408, 47: 0.009005157421286407, 48: 0.007015235023311081, 49: 0.01723110297676366, 50: 0.005933470999558772, 51: 0.01047642169881858, 52: 0.006858889164875028, 53: 0.008305840696597701, 54: 0.01236010252118593, 55: 0.007406826347227083, 56: 0.007996430111619175, 57: 0.00858180781268806, 58: 0.01671780046988425, 59: 0.007185541745993946, 60: 0.010253118238912262, 61: 0.013783048954737713, 62: 0.009728929976515874, 63: 0.010510197537459734, 64: 0.007408079911408223, 65: 0.009084054423202571, 66: 0.007540831189762028, 67: 0.0071577295841007155, 68: 0.008096569808533844, 69: 0.009051470832126143, 70: 0.005294901492620581, 71: 0.004445861865745831, 72: 0.007957800308181474, 73: 0.011429281659929678, 74: 0.00866197173452848}","[55, 54, 53, 52, 51, 50, 50, 50, 50, 49, 48, 47, 47, 47, 46, 46, 46, 45, 45, 45, 44, 44, 44, 44, 44, 44, 43, 43, 43, 42, 42, 42, 42, 41, 41, 41, 41, 40, 40, 40, 40, 39, 39, 39, 38, 38, 38, 38, 38, 38, 38, 37, 37, 37, 37, 37, 36, 36, 36, 36, 36, 36, 36, 35, 35, 34, 34, 33, 33, 33, 32, 32, 31, 30, 29]","dict_values([27, 22, 25, 20, 23, 22, 29, 18, 25, 22, 21, 20, 24, 26, 17, 25, 19, 19, 20, 9, 11, 19, 24, 24, 20, 23, 22, 13, 28, 23, 14, 25, 16, 23, 36, 19, 21, 18, 23, 13, 26, 19, 17, 23, 11, 22, 18, 29, 27, 22, 25, 25, 24, 21, 23, 19, 19, 21, 17, 25, 19, 17, 22, 19, 11, 23, 26, 27, 23, 24, 22, 18, 26, 25, 25])",0.10524241129557295
36,40.986666666666665,0.2817109510404763,"{0: 0.016220794748580313, 1: 0.009425440597271963, 2: 0.01361814290478056, 3: 0.012727588053929918, 4: 0.013102427169643965, 5: 0.00921618619555781, 6: 0.008008525489861761, 7: 0.01421988442609634, 8: 0.007732090457595878, 9: 0.012517973097318722, 10: 0.012794120965327832, 11: 0.01001547158018202, 12: 0.009127908306818207, 13: 0.00706552048759631, 14: 0.01130323823710655, 15: 0.011730275670450924, 16: 0.004212044347408007, 17: 0.008428480461839763, 18: 0.008756286671634155, 19: 0.014349467260136863, 20: 0.015416964042838014, 21: 0.007651836306496456, 22: 0.012171942877986449, 23: 0.0063219248308412045, 24: 0.014753144644933538, 25: 0.009590840363406569, 26: 0.011785004727877623, 27: 0.016622414776849413, 28: 0.00932932098867957, 29: 0.009316829655700761, 30: 0.008558548546848439, 31: 0.009779351749507262, 32: 0.005422169463265353, 33: 0.014992726130496488, 34: 0.008698138616126484, 35: 0.007132420960491265, 36: 0.017211661855320082, 37: 0.004941351814840936, 38: 0.006508947088225179, 39: 0.009972369470262497, 40: 0.011108533996282305, 41: 0.007924116561069316, 42: 0.007648927422994068, 43: 0.010943399498093677, 44: 0.008279726267061669, 45: 0.010102001152281503, 46: 0.011933214108444452, 47: 0.008991336680946082, 48: 0.006765720293117552, 49: 0.017341208032838343, 50: 0.005914813217812725, 51: 0.010410683375565768, 52: 0.006835588275236762, 53: 0.009388044256626274, 54: 0.012203554787251747, 55: 0.007390056423094295, 56: 0.008052184833792091, 57: 0.00848700065053885, 58: 0.016577215465493306, 59: 0.006859462001490385, 60: 0.010241608272990433, 61: 0.01373121360469218, 62: 0.009634665954074237, 63: 0.010416995801745111, 64: 0.007366101715307479, 65: 0.00919340910350833, 66: 0.0077198506721069165, 67: 0.00700377498738471, 68: 0.00840664033728751, 69: 0.009558833421832377, 70: 0.0049730156139896325, 71: 0.004426019251990679, 72: 0.008073773353088771, 73: 0.011425490443250553, 74: 0.009386686851505208}","[55, 54, 53, 52, 51, 50, 50, 49, 49, 48, 48, 47, 47, 46, 46, 46, 46, 46, 45, 45, 45, 44, 44, 44, 44, 44, 43, 43, 43, 43, 42, 42, 42, 41, 41, 41, 41, 41, 40, 40, 40, 39, 39, 39, 39, 38, 38, 38, 38, 38, 38, 38, 38, 37, 37, 37, 37, 37, 36, 36, 36, 35, 35, 35, 35, 34, 33, 33, 33, 33, 32, 32, 31, 30, 29]","dict_values([27, 22, 25, 20, 23, 22, 29, 18, 25, 22, 21, 20, 24, 26, 17, 25, 19, 19, 20, 9, 11, 19, 24, 24, 20, 23, 22, 13, 28, 23, 14, 25, 16, 23, 36, 19, 21, 18, 23, 13, 26, 19, 17, 23, 11, 22, 18, 29, 27, 22, 25, 25, 24, 21, 23, 19, 19, 21, 17, 25, 19, 17, 22, 19, 11, 23, 26, 27, 23, 24, 22, 18, 26, 25, 25])",0.09707458910949134
36,41.06666666666667,0.2824029998279596,"{0: 0.016570936978178054, 1: 0.010548683661836165, 2: 0.013641252237625445, 3: 0.012898097898514474, 4: 0.01310136107524607, 5: 0.0091104909644591, 6: 0.008304005560119142, 7: 0.01419178700216187, 8: 0.00785005997396239, 9: 0.013682634017825249, 10: 0.01315409245647817, 11: 0.009122699086505566, 12: 0.009296023098576583, 13: 0.006865385005186853, 14: 0.011238478050782099, 15: 0.011506067396814852, 16: 0.004398457623343469, 17: 0.008792211146663202, 18: 0.008922293273278906, 19: 0.01323079773124683, 20: 0.015505390893303918, 21: 0.007062547105902744, 22: 0.012021055395087557, 23: 0.006703692887549993, 24: 0.014681188779532678, 25: 0.008350021524678989, 26: 0.01181696484164828, 27: 0.016517389892519205, 28: 0.00932999630475202, 29: 0.008870501570189322, 30: 0.008538859620062188, 31: 0.00878694981895521, 32: 0.005400976140299266, 33: 0.014907976315803144, 34: 0.008621439115049312, 35: 0.007536370093068156, 36: 0.01691469162646999, 37: 0.005387772050159147, 38: 0.006924681790029365, 39: 0.010024059907130619, 40: 0.011278941425078189, 41: 0.008549576180443582, 42: 0.007957605460111308, 43: 0.010870932927054074, 44: 0.008759001032837287, 45: 0.010360035480970673, 46: 0.01200539697272198, 47: 0.008848304212773776, 48: 0.006739708902895787, 49: 0.017245364317282127, 50: 0.006026540067215888, 51: 0.00992672250125348, 52: 0.00705449632534619, 53: 0.009153221130522032, 54: 0.01107941667302398, 55: 0.007747252747423129, 56: 0.007941786870398076, 57: 0.00812645466344616, 58: 0.016417776603563763, 59: 0.006844139304659396, 60: 0.010166614171281107, 61: 0.0131404392051048, 62: 0.00936508363734391, 63: 0.010311125209337612, 64: 0.00736732488008341, 65: 0.009106507875254794, 66: 0.007724825941309828, 67: 0.007171403509730165, 68: 0.008204106406824513, 69: 0.009508146035569787, 70: 0.005817052698599838, 71: 0.004076332359671232, 72: 0.008001744898766639, 73: 0.011376474860812452, 74: 0.01031109745479179}","[55, 54, 53, 52, 51, 50, 50, 49, 49, 49, 49, 48, 46, 46, 46, 46, 46, 46, 45, 45, 44, 44, 44, 44, 43, 43, 43, 43, 43, 42, 42, 42, 42, 41, 41, 41, 41, 41, 41, 40, 40, 40, 39, 39, 39, 38, 38, 38, 38, 38, 38, 38, 38, 38, 37, 37, 37, 36, 36, 36, 36, 36, 36, 35, 35, 35, 35, 34, 33, 33, 32, 32, 32, 30, 28]","dict_values([27, 22, 25, 20, 23, 22, 29, 18, 25, 22, 21, 20, 24, 26, 17, 25, 19, 19, 20, 9, 11, 19, 24, 24, 20, 23, 22, 13, 28, 23, 14, 25, 16, 23, 36, 19, 21, 18, 23, 13, 26, 19, 17, 23, 11, 22, 18, 29, 27, 22, 25, 25, 24, 21, 23, 19, 19, 21, 17, 25, 19, 17, 22, 19, 11, 23, 26, 27, 23, 24, 22, 18, 26, 25, 25])",0.10959015010963061
36,41.17333333333333,0.2826554335194798,"{0: 0.01652215638730391, 1: 0.010223320494007244, 2: 0.012955318350105166, 3: 0.01291504932833773, 4: 0.012539264304590406, 5: 0.009363649313483656, 6: 0.008120388599951936, 7: 0.014071525164685138, 8: 0.00789623301979686, 9: 0.01362989204614255, 10: 0.012616162441196241, 11: 0.008931610823593752, 12: 0.00922481857474961, 13: 0.006802594244034556, 14: 0.01109990684382388, 15: 0.011736412176005448, 16: 0.004639548590999035, 17: 0.008790377523489878, 18: 0.009491175718182466, 19: 0.014163978359566568, 20: 0.01507443904415055, 21: 0.006969288425567257, 22: 0.012498432258576825, 23: 0.006771133920610149, 24: 0.014501201691522105, 25: 0.008190267681375027, 26: 0.011707757644846838, 27: 0.016299549347108994, 28: 0.009279602505312429, 29: 0.0089026532782107, 30: 0.008542901674581969, 31: 0.008800827207539445, 32: 0.005853891984028969, 33: 0.014795648408217725, 34: 0.008487742799250292, 35: 0.007568290735117297, 36: 0.01619678121248964, 37: 0.0053447474132010475, 38: 0.007293555646174091, 39: 0.009985614734385152, 40: 0.011200210923781397, 41: 0.008623412652107466, 42: 0.008014242331816673, 43: 0.010876683573564982, 44: 0.009205309720868499, 45: 0.010267521779819315, 46: 0.011975747106812382, 47: 0.008817988519836215, 48: 0.006647537134656332, 49: 0.01728884681193071, 50: 0.005944875812050337, 51: 0.009888577257628785, 52: 0.007918781732930506, 53: 0.009182809738679703, 54: 0.010649196209819857, 55: 0.008129390233374742, 56: 0.008207192844459886, 57: 0.008079203876403882, 58: 0.016224602365708184, 59: 0.006817154314081659, 60: 0.010102134731969543, 61: 0.01301243587195891, 62: 0.008918768835670528, 63: 0.0102257121471585, 64: 0.00738938788898499, 65: 0.009261362232661103, 66: 0.007632429301324064, 67: 0.007091391776724454, 68: 0.008615571624905227, 69: 0.009465849083742733, 70: 0.005766813836343018, 71: 0.003955701946596846, 72: 0.008083333141503972, 73: 0.01135599602573686, 74: 0.010349826435209637}","[55, 54, 52, 52, 51, 50, 50, 49, 49, 48, 48, 48, 47, 47, 46, 46, 46, 46, 46, 45, 44, 43, 43, 43, 43, 43, 43, 43, 43, 43, 43, 42, 42, 41, 41, 41, 41, 41, 41, 41, 40, 40, 40, 39, 39, 39, 38, 38, 38, 38, 38, 38, 38, 37, 37, 37, 37, 37, 36, 36, 36, 36, 36, 36, 35, 35, 35, 35, 35, 34, 33, 32, 32, 30, 28]","dict_values([27, 22, 25, 20, 23, 22, 29, 18, 25, 22, 21, 20, 24, 26, 17, 25, 19, 19, 20, 9, 11, 19, 24, 24, 20, 23, 22, 13, 28, 23, 14, 25, 16, 23, 36, 19, 21, 18, 23, 13, 26, 19, 17, 23, 11, 22, 18, 29, 27, 22, 25, 25, 24, 21, 23, 19, 19, 21, 17, 25, 19, 17, 22, 19, 11, 23, 26, 27, 23, 24, 22, 18, 26, 25, 25])",0.10934270047518056
36,41.093333333333334,0.28190314268630395,"{0: 0.016817539998245038, 1: 0.010316168445088243, 2: 0.013024412541896648, 3: 0.012880245836133246, 4: 0.012556560087644584, 5: 0.009441814919271058, 6: 0.0077953333672682, 7: 0.014073022228517253, 8: 0.007600103623793521, 9: 0.013676776890926527, 10: 0.01223502869991252, 11: 0.008870075145024947, 12: 0.009236878528174812, 13: 0.006766835384250921, 14: 0.011257017076397273, 15: 0.011772327991456088, 16: 0.004574954167502443, 17: 0.009452314769390822, 18: 0.009435532449308781, 19: 0.014202498364209205, 20: 0.014373086716871361, 21: 0.006981382873378682, 22: 0.012672853577306124, 23: 0.006799810196439083, 24: 0.014691550535420293, 25: 0.00820706300985416, 26: 0.011119180615045195, 27: 0.015452356954182083, 28: 0.009335888230439677, 29: 0.009215083496776187, 30: 0.008374417055988764, 31: 0.008858438805450501, 32: 0.005938173575159876, 33: 0.014900349269085882, 34: 0.008522482804098525, 35: 0.007639646019503913, 36: 0.016135481528598353, 37: 0.00529846825733285, 38: 0.007316558639831853, 39: 0.010121971046211807, 40: 0.01123001865257746, 41: 0.0086762357754887, 42: 0.00806432768773191, 43: 0.010341426132438495, 44: 0.009208437121256172, 45: 0.01019142275338773, 46: 0.01210954314370246, 47: 0.008947162386350295, 48: 0.006502008222004134, 49: 0.01737388688220391, 50: 0.0059728283570367685, 51: 0.009859204432141175, 52: 0.007963987525896873, 53: 0.009008962181947192, 54: 0.010769637351994177, 55: 0.008169635288692176, 56: 0.008280616692532251, 57: 0.007325116973005792, 58: 0.01666504033135896, 59: 0.007435910591228618, 60: 0.010523749459990094, 61: 0.012427630877216664, 62: 0.00901211019208754, 63: 0.01024600084766475, 64: 0.007471048235030839, 65: 0.00933845455886274, 66: 0.007647490765805991, 67: 0.0071314375036632, 68: 0.008615389729997027, 69: 0.00985878906800144, 70: 0.0064608203684895105, 71: 0.003965601168028402, 72: 0.007688592545988072, 73: 0.011644364042200253, 74: 0.010472488040163725}","[55, 54, 52, 52, 51, 50, 50, 49, 49, 47, 47, 47, 47, 47, 46, 46, 46, 46, 46, 44, 43, 43, 43, 43, 43, 43, 43, 43, 43, 43, 42, 42, 42, 42, 41, 41, 41, 41, 41, 41, 40, 40, 40, 39, 39, 39, 38, 38, 38, 38, 38, 37, 37, 37, 37, 37, 37, 37, 36, 36, 36, 36, 36, 36, 36, 35, 35, 35, 35, 34, 33, 32, 32, 30, 28]","dict_values([27, 22, 25, 20, 23, 22, 29, 18, 25, 22, 21, 20, 24, 26, 17, 25, 19, 19, 20, 9, 11, 19, 24, 24, 20, 23, 22, 13, 28, 23, 14, 25, 16, 23, 36, 19, 21, 18, 23, 13, 26, 19, 17, 23, 11, 22, 18, 29, 27, 22, 25, 25, 24, 21, 23, 19, 19, 21, 17, 25, 19, 17, 22, 19, 11, 23, 26, 27, 23, 24, 22, 18, 26, 25, 25])",0.10570009192813686
36,40.96,0.2803325552715985,"{0: 0.017394103399738296, 1: 0.010488702037754991, 2: 0.013144002135587786, 3: 0.012878040727263665, 4: 0.01262288598291161, 5: 0.009415410023581964, 6: 0.007709318401300674, 7: 0.012249461083617115, 8: 0.008084596742337932, 9: 0.013815283334198021, 10: 0.012277623605521126, 11: 0.008806278188601075, 12: 0.009301009764450405, 13: 0.00680281246470729, 14: 0.011040182889486732, 15: 0.011762139692773732, 16: 0.004752519360401027, 17: 0.009569072162141926, 18: 0.009560195941117355, 19: 0.014203872037570488, 20: 0.013809833956531974, 21: 0.006183461315635452, 22: 0.01270265251217934, 23: 0.006886387639015864, 24: 0.014848735357190125, 25: 0.00788646737929781, 26: 0.009938682626080463, 27: 0.015855668409544117, 28: 0.009557081422715961, 29: 0.009970977009069997, 30: 0.00858120309504425, 31: 0.008879413334049402, 32: 0.005937671252941198, 33: 0.014908219897660432, 34: 0.00863080392991509, 35: 0.007900091287955876, 36: 0.016897924034756998, 37: 0.005275291179361252, 38: 0.007717034994886087, 39: 0.010355245873303175, 40: 0.012136769052557374, 41: 0.009422418649199474, 42: 0.008140963465018934, 43: 0.010261138936723497, 44: 0.009397792797299095, 45: 0.009860311375213314, 46: 0.011314559112822321, 47: 0.008847854246988746, 48: 0.006539398841586533, 49: 0.017508415096116805, 50: 0.005863965450601168, 51: 0.009500920340980372, 52: 0.008073724590746898, 53: 0.009052238095857871, 54: 0.010350734665803158, 55: 0.007943967124093888, 56: 0.008874049541328347, 57: 0.00685461211288962, 58: 0.0168899432116397, 59: 0.007947832946195542, 60: 0.010189375274728945, 61: 0.012370457612456974, 62: 0.009143660966148052, 63: 0.010408682995030259, 64: 0.007153578780604845, 65: 0.009186384432981174, 66: 0.007571107589901443, 67: 0.0072227670961465115, 68: 0.008641411753912077, 69: 0.009797006073431242, 70: 0.006581390796290166, 71: 0.003877250633649563, 72: 0.007266023760240542, 73: 0.011852187470166451, 74: 0.010636274729894962}","[55, 54, 53, 53, 51, 50, 49, 49, 47, 47, 47, 47, 47, 47, 46, 45, 45, 45, 45, 43, 43, 43, 43, 43, 43, 43, 42, 42, 42, 42, 42, 42, 42, 41, 41, 41, 41, 41, 41, 41, 41, 40, 40, 40, 39, 39, 39, 39, 38, 38, 38, 37, 37, 37, 37, 37, 37, 37, 36, 36, 36, 36, 36, 35, 35, 35, 35, 35, 35, 34, 33, 32, 32, 30, 27]","dict_values([27, 22, 25, 20, 23, 22, 29, 18, 25, 22, 21, 20, 24, 26, 17, 25, 19, 19, 20, 9, 11, 19, 24, 24, 20, 23, 22, 13, 28, 23, 14, 25, 16, 23, 36, 19, 21, 18, 23, 13, 26, 19, 17, 23, 11, 22, 18, 29, 27, 22, 25, 25, 24, 21, 23, 19, 19, 21, 17, 25, 19, 17, 22, 19, 11, 23, 26, 27, 23, 24, 22, 18, 26, 25, 25])",0.10085042317708336
36,40.906666666666666,0.27992745843342876,"{0: 0.017632095673459046, 1: 0.010534380715014821, 2: 0.013100786390691009, 3: 0.012955351221169994, 4: 0.011584203590644005, 5: 0.00960289200930508, 6: 0.007518288011696483, 7: 0.012261727948172008, 8: 0.008102372665107398, 9: 0.013770409951781594, 10: 0.012370172819489909, 11: 0.008287555167142108, 12: 0.008708124605599261, 13: 0.006878356899908272, 14: 0.01105231568955501, 15: 0.01252726934964049, 16: 0.0048871777682186045, 17: 0.009883152803865194, 18: 0.009803248232396543, 19: 0.014775990888810665, 20: 0.013754626024381832, 21: 0.006226711841704076, 22: 0.0126821540916916, 23: 0.006830924330924333, 24: 0.015221062005691928, 25: 0.007052707010093004, 26: 0.009924911003204194, 27: 0.015573810253616423, 28: 0.009601559961918185, 29: 0.01043264428342252, 30: 0.008693403876137469, 31: 0.008526914885289625, 32: 0.005705226938103651, 33: 0.01478122349728869, 34: 0.008529843252849346, 35: 0.00802453046879402, 36: 0.016868967070868525, 37: 0.004955077199656078, 38: 0.007002953863139729, 39: 0.010054433691353618, 40: 0.012157209320005332, 41: 0.009555579178338538, 42: 0.00839838983763059, 43: 0.010262119672478667, 44: 0.009511731111003447, 45: 0.010017242596789214, 46: 0.012026770519468512, 47: 0.008854008297538827, 48: 0.006575992713796845, 49: 0.01758199199162387, 50: 0.006020735292582255, 51: 0.009751476383106701, 52: 0.008168842997710589, 53: 0.00977879014071549, 54: 0.010297183071155675, 55: 0.007989956472266876, 56: 0.008533714602666252, 57: 0.007497998040406037, 58: 0.016925960230109772, 59: 0.007806415025092673, 60: 0.010018414526384693, 61: 0.012406433858649157, 62: 0.00911824674992953, 63: 0.010393271381303871, 64: 0.007146158460013305, 65: 0.009585167629510723, 66: 0.007627502265175815, 67: 0.006701365263587347, 68: 0.008597091920471896, 69: 0.010290717089917047, 70: 0.006229485411874476, 71: 0.003847010491177764, 72: 0.007269919566484685, 73: 0.011811058144325506, 74: 0.010586484390246776}","[55, 54, 53, 52, 51, 50, 50, 49, 47, 47, 47, 47, 47, 47, 47, 46, 46, 45, 45, 44, 43, 43, 43, 43, 43, 43, 43, 42, 42, 42, 42, 42, 42, 42, 41, 41, 41, 41, 40, 40, 40, 40, 39, 39, 39, 39, 39, 39, 38, 38, 38, 37, 37, 37, 37, 37, 36, 36, 36, 36, 36, 36, 35, 35, 35, 35, 35, 35, 35, 34, 32, 32, 31, 30, 27]","dict_values([27, 22, 25, 20, 23, 22, 29, 18, 25, 22, 21, 20, 24, 26, 17, 25, 19, 19, 20, 9, 11, 19, 24, 24, 20, 23, 22, 13, 28, 23, 14, 25, 16, 23, 36, 19, 21, 18, 23, 13, 26, 19, 17, 23, 11, 22, 18, 29, 27, 22, 25, 25, 24, 21, 23, 19, 19, 21, 17, 25, 19, 17, 22, 19, 11, 23, 26, 27, 23, 24, 22, 18, 26, 25, 25])",0.10196434065569814
36,40.85333333333333,0.2796600664152824,"{0: 0.017857899798224122, 1: 0.011155718955042426, 2: 0.013507013802793443, 3: 0.013066680693788729, 4: 0.01114165087646054, 5: 0.009659959074162394, 6: 0.007934981289489681, 7: 0.012168187663121045, 8: 0.006886639319402185, 9: 0.01447260933025271, 10: 0.012404269566084957, 11: 0.008142400293703663, 12: 0.008734083784982458, 13: 0.006871249553050227, 14: 0.010698585452792305, 15: 0.012613723164553739, 16: 0.004693424242994709, 17: 0.010185739908162406, 18: 0.009455969827535804, 19: 0.013993116817077713, 20: 0.013841268491034245, 21: 0.006237208696184509, 22: 0.01279602098010752, 23: 0.006472777430885108, 24: 0.015306728585652851, 25: 0.0063220200155815, 26: 0.010337865837195391, 27: 0.015552657575711367, 28: 0.009343765822147734, 29: 0.010098002811593294, 30: 0.008832815451928948, 31: 0.009406124706993414, 32: 0.00562540930187989, 33: 0.014927592149610721, 34: 0.008226701627886817, 35: 0.00788267294604269, 36: 0.016748417490817562, 37: 0.004659204982215589, 38: 0.007050467391121007, 39: 0.010167469593759935, 40: 0.011561753853567754, 41: 0.009652854282077655, 42: 0.008573844898365284, 43: 0.010162643613842838, 44: 0.009524933928447445, 45: 0.010074920923908113, 46: 0.011979727370282196, 47: 0.008274770199016051, 48: 0.006297723357678322, 49: 0.017517671656283224, 50: 0.0059304503775930925, 51: 0.0102875437760579, 52: 0.008668258145176891, 53: 0.009645709506333908, 54: 0.010366161051092558, 55: 0.008579465410015231, 56: 0.009057388757812755, 57: 0.007504590709435269, 58: 0.01783774654019115, 59: 0.007893568875088987, 60: 0.010424689730102849, 61: 0.011975940127179454, 62: 0.009035412518115097, 63: 0.011266153019691257, 64: 0.007440216686877389, 65: 0.009258410028285724, 66: 0.007501311343978549, 67: 0.006601404414557421, 68: 0.008492992945086588, 69: 0.010301485025559052, 70: 0.006206632198190019, 71: 0.0038350944465353923, 72: 0.007187920471369525, 73: 0.011828345304297282, 74: 0.010163395048163071}","[55, 54, 53, 52, 52, 50, 50, 50, 47, 47, 47, 47, 46, 46, 46, 46, 46, 45, 44, 44, 43, 43, 43, 43, 43, 43, 43, 43, 43, 42, 42, 42, 41, 41, 41, 41, 41, 41, 41, 40, 40, 40, 40, 39, 39, 39, 38, 38, 38, 38, 38, 38, 37, 37, 37, 37, 36, 36, 36, 36, 36, 36, 36, 35, 35, 35, 35, 34, 34, 33, 32, 32, 30, 30, 27]","dict_values([27, 22, 25, 20, 23, 22, 29, 18, 25, 22, 21, 20, 24, 26, 17, 25, 19, 19, 20, 9, 11, 19, 24, 24, 20, 23, 22, 13, 28, 23, 14, 25, 16, 23, 36, 19, 21, 18, 23, 13, 26, 19, 17, 23, 11, 22, 18, 29, 27, 22, 25, 25, 24, 21, 23, 19, 19, 21, 17, 25, 19, 17, 22, 19, 11, 23, 26, 27, 23, 24, 22, 18, 26, 25, 25])",0.11085187028338866
36,40.986666666666665,0.2811629405822989,"{0: 0.01764187538165516, 1: 0.011171549106371489, 2: 0.01320482123518785, 3: 0.013481262821932856, 4: 0.010817555613404539, 5: 0.008706861870947637, 6: 0.009462458243723132, 7: 0.012459669690046481, 8: 0.006389897975008712, 9: 0.015265739663757836, 10: 0.012455291009753034, 11: 0.008849154799079363, 12: 0.008436910985730182, 13: 0.006816260790665981, 14: 0.010339101354815394, 15: 0.012375010223819356, 16: 0.005526372307194225, 17: 0.010191162094373414, 18: 0.010031711919323798, 19: 0.0129326606298274, 20: 0.013654448441759188, 21: 0.006176855419915791, 22: 0.013423045706383053, 23: 0.0065049382938182285, 24: 0.014906398375760008, 25: 0.006169195330341522, 26: 0.01021676568790432, 27: 0.01558238311566006, 28: 0.009290534941883692, 29: 0.009801439253494047, 30: 0.008772453050917181, 31: 0.009276938095984543, 32: 0.005445718459417089, 33: 0.015396989990872542, 34: 0.008125689983614683, 35: 0.007859385228092129, 36: 0.01665105860926525, 37: 0.004526825443212907, 38: 0.006370949625102933, 39: 0.010201085174698471, 40: 0.011505133694291661, 41: 0.009605630761707375, 42: 0.008525383481064385, 43: 0.009980859310347413, 44: 0.009422858561985329, 45: 0.009886185103947617, 46: 0.011807273330061641, 47: 0.008205293559890133, 48: 0.006260940588626241, 49: 0.01751588718521124, 50: 0.006050149053406449, 51: 0.010703822028366014, 52: 0.008715069436049971, 53: 0.010214874510683163, 54: 0.010225286656905792, 55: 0.008528692333667098, 56: 0.009043959675276696, 57: 0.007445906593139897, 58: 0.017730777517743112, 59: 0.007669934081838928, 60: 0.010985997155020681, 61: 0.012361460820364933, 62: 0.00898901301158207, 63: 0.011194919152741793, 64: 0.0073871227023926435, 65: 0.009135070970814644, 66: 0.007844494779426288, 67: 0.006323375561761506, 68: 0.00846275716980965, 69: 0.009934965303016753, 70: 0.006127643164307147, 71: 0.0037859250190346756, 72: 0.006997969272662856, 73: 0.011729613026520706, 74: 0.010066855583061972}","[55, 54, 53, 52, 52, 51, 51, 50, 48, 48, 47, 47, 47, 46, 46, 46, 46, 45, 44, 44, 44, 44, 43, 43, 43, 43, 43, 43, 43, 43, 42, 42, 41, 41, 41, 41, 41, 41, 40, 40, 40, 40, 40, 40, 39, 39, 39, 39, 38, 38, 38, 37, 37, 37, 37, 37, 37, 36, 36, 36, 36, 36, 35, 35, 35, 35, 35, 35, 34, 33, 32, 32, 30, 30, 27]","dict_values([27, 22, 25, 20, 23, 22, 29, 18, 25, 22, 21, 20, 24, 26, 17, 25, 19, 19, 20, 9, 11, 19, 24, 24, 20, 23, 22, 13, 28, 23, 14, 25, 16, 23, 36, 19, 21, 18, 23, 13, 26, 19, 17, 23, 11, 22, 18, 29, 27, 22, 25, 25, 24, 21, 23, 19, 19, 21, 17, 25, 19, 17, 22, 19, 11, 23, 26, 27, 23, 24, 22, 18, 26, 25, 25])",0.10796365851397473
36,41.04,0.28172835457000256,"{0: 0.01809321137866096, 1: 0.011127049452844765, 2: 0.013260298395927564, 3: 0.01420031462459587, 4: 0.011362489731059765, 5: 0.008591765612313557, 6: 0.009546107363563257, 7: 0.012629938594720851, 8: 0.006261009831352739, 9: 0.014999905929619984, 10: 0.012450676867375013, 11: 0.008904438814056495, 12: 0.00848471616669374, 13: 0.006071608475523252, 14: 0.009809689441240553, 15: 0.012245044522691467, 16: 0.005375040917363552, 17: 0.010178561486740473, 18: 0.010069998686436902, 19: 0.012814646494597369, 20: 0.013417068040355714, 21: 0.006552342071333503, 22: 0.013946594156418838, 23: 0.006558381505222642, 24: 0.01424553211725948, 25: 0.006041494441029845, 26: 0.011455012081638752, 27: 0.016445468722854233, 28: 0.009270128154212402, 29: 0.009133490259296998, 30: 0.008700893763211977, 31: 0.009743828970323283, 32: 0.005526450389464087, 33: 0.015228134484628873, 34: 0.008339360660493268, 35: 0.007694963990405622, 36: 0.01652274343876266, 37: 0.004474678363092859, 38: 0.006428745409743944, 39: 0.00992751913102936, 40: 0.011377404001976418, 41: 0.00962000443190384, 42: 0.008433504270756368, 43: 0.009430997863322544, 44: 0.009264161192886727, 45: 0.009366069773483655, 46: 0.011803669245364409, 47: 0.007714115939071754, 48: 0.006586734170561609, 49: 0.017920441064002975, 50: 0.006110533085591252, 51: 0.01065021555427558, 52: 0.009083233124329015, 53: 0.010190678447969653, 54: 0.009578358109069558, 55: 0.008218256268246045, 56: 0.009116946391195929, 57: 0.007306217785374987, 58: 0.018195143147038878, 59: 0.007705923872511985, 60: 0.011081522620692699, 61: 0.012044727834462927, 62: 0.008484219490363099, 63: 0.011059660668925669, 64: 0.007353399664682693, 65: 0.00900337787528546, 66: 0.007667118068620828, 67: 0.006518382844543139, 68: 0.008493072641361725, 69: 0.009988842936598694, 70: 0.006087215122688442, 71: 0.004077943773922493, 72: 0.006949989313003012, 73: 0.012169864134159604, 74: 0.009942888564625446}","[56, 54, 53, 53, 53, 51, 51, 49, 49, 48, 47, 47, 47, 46, 46, 46, 46, 45, 44, 44, 44, 44, 44, 43, 43, 43, 43, 43, 43, 43, 42, 42, 42, 41, 41, 40, 40, 40, 40, 40, 40, 40, 40, 40, 39, 39, 39, 39, 38, 38, 38, 37, 37, 37, 37, 37, 36, 36, 36, 36, 36, 36, 36, 36, 35, 35, 35, 35, 35, 33, 32, 31, 30, 30, 28]","dict_values([27, 22, 25, 20, 23, 22, 29, 18, 25, 22, 21, 20, 24, 26, 17, 25, 19, 19, 20, 9, 11, 19, 24, 24, 20, 23, 22, 13, 28, 23, 14, 25, 16, 23, 36, 19, 21, 18, 23, 13, 26, 19, 17, 23, 11, 22, 18, 29, 27, 22, 25, 25, 24, 21, 23, 19, 19, 21, 17, 25, 19, 17, 22, 19, 11, 23, 26, 27, 23, 24, 22, 18, 26, 25, 25])",0.11013708554832319
36,40.93333333333333,0.28092128551291257,"{0: 0.018282756702442962, 1: 0.011648594434245593, 2: 0.013383391999476883, 3: 0.014048259501927458, 4: 0.011190479466359107, 5: 0.008404481949002498, 6: 0.009572901481694991, 7: 0.012882415793374697, 8: 0.006277440320916283, 9: 0.01442954530694265, 10: 0.013030139759225122, 11: 0.008953035631117823, 12: 0.00852750258497106, 13: 0.006060719734888032, 14: 0.010031955785314331, 15: 0.012467627841584747, 16: 0.0052308576281179025, 17: 0.010316269271669815, 18: 0.010216815194720633, 19: 0.01280363867015935, 20: 0.013592192188082601, 21: 0.006609457662980253, 22: 0.014399159922643286, 23: 0.006718377711528396, 24: 0.0134741511879161, 25: 0.006089328038936649, 26: 0.011737202823020713, 27: 0.016566588346305533, 28: 0.009197481887996451, 29: 0.009707798504276, 30: 0.008301337787086792, 31: 0.009729225523395158, 32: 0.005188432992949839, 33: 0.015233057195092934, 34: 0.00825750789653048, 35: 0.007826807873758826, 36: 0.016783148094302692, 37: 0.0044584292771238775, 38: 0.0064849685935791605, 39: 0.010536365367269436, 40: 0.010407580779684514, 41: 0.009037842770719486, 42: 0.00845175765919406, 43: 0.00961551208615788, 44: 0.009473506569046067, 45: 0.009790570108672127, 46: 0.011935427302067111, 47: 0.007056973282223657, 48: 0.006223480024849888, 49: 0.019590821490954057, 50: 0.006530000791912364, 51: 0.010152036603756267, 52: 0.008875793366987106, 53: 0.010252424490635459, 54: 0.009654466233122884, 55: 0.007819828367773575, 56: 0.008386988131249941, 57: 0.007388723992271277, 58: 0.018127872726698555, 59: 0.007859263365335658, 60: 0.010901843853008167, 61: 0.011409406817853428, 62: 0.009243258746131041, 63: 0.010990713901672809, 64: 0.007333097477134543, 65: 0.008732564379546977, 66: 0.007482354008772796, 67: 0.005765459483659093, 68: 0.008452261441498233, 69: 0.009235564294140486, 70: 0.006458019334731664, 71: 0.004015116168948083, 72: 0.007452522178549577, 73: 0.013126734732002964, 74: 0.009399891207555034}","[56, 56, 53, 53, 53, 51, 50, 49, 48, 48, 48, 47, 47, 46, 46, 45, 45, 45, 44, 44, 44, 44, 43, 43, 43, 43, 43, 43, 43, 42, 42, 42, 42, 41, 41, 41, 41, 41, 41, 40, 40, 39, 39, 39, 39, 39, 38, 38, 38, 38, 37, 37, 37, 37, 37, 37, 37, 37, 37, 36, 36, 35, 35, 35, 35, 35, 34, 34, 34, 33, 31, 31, 31, 30, 28]","dict_values([27, 22, 25, 20, 23, 22, 29, 18, 25, 22, 21, 20, 24, 26, 17, 25, 19, 19, 20, 9, 11, 19, 24, 24, 20, 23, 22, 13, 28, 23, 14, 25, 16, 23, 36, 19, 21, 18, 23, 13, 26, 19, 17, 23, 11, 22, 18, 29, 27, 22, 25, 25, 24, 21, 23, 19, 19, 21, 17, 25, 19, 17, 22, 19, 11, 23, 26, 27, 23, 24, 22, 18, 26, 25, 25])",0.11056032424747214
36,40.693333333333335,0.27893503726425584,"{0: 0.01861758794824736, 1: 0.01177109031384233, 2: 0.013131636626797755, 3: 0.01383986122065005, 4: 0.011592101266376624, 5: 0.007348809403603924, 6: 0.009688709223206573, 7: 0.013023132707468622, 8: 0.006359868325348275, 9: 0.014564455177282616, 10: 0.01328629425735038, 11: 0.008715620605693765, 12: 0.00872334351003697, 13: 0.005801235456800999, 14: 0.010201737169347908, 15: 0.012606174037269768, 16: 0.005331609966398353, 17: 0.010468276884538483, 18: 0.01092103580504076, 19: 0.011985133723594242, 20: 0.013700360551720196, 21: 0.006757248380640616, 22: 0.01387892287270471, 23: 0.006820208584651707, 24: 0.013686306636819617, 25: 0.006126665347183513, 26: 0.012015192345746247, 27: 0.017735237989193582, 28: 0.00976602334558084, 29: 0.00986309744499143, 30: 0.008340358866905966, 31: 0.00997970117777895, 32: 0.005194027706336417, 33: 0.015613491615731966, 34: 0.00824409493920719, 35: 0.007511246420615477, 36: 0.01687291988844086, 37: 0.004845059691694594, 38: 0.006578447071299962, 39: 0.010546437706929779, 40: 0.01062559820909828, 41: 0.009080792865783933, 42: 0.008552260607353996, 43: 0.00944144025591316, 44: 0.00968594553151976, 45: 0.010063927562507655, 46: 0.011902806274456066, 47: 0.007124016549269675, 48: 0.006301234979019376, 49: 0.019628423121877056, 50: 0.006594503204188308, 51: 0.010575070071116134, 52: 0.009057185887211633, 53: 0.010665574725203594, 54: 0.0098304004843996, 55: 0.008161319745596099, 56: 0.007939259772217315, 57: 0.007619320932245409, 58: 0.01859410751257508, 59: 0.007386336667158586, 60: 0.01123186006020001, 61: 0.011567053095234573, 62: 0.008668189936121097, 63: 0.010117342908438801, 64: 0.006770761736515161, 65: 0.00829046495390054, 66: 0.007806336595794607, 67: 0.005555833891152534, 68: 0.008547725134979456, 69: 0.0094050845955175, 70: 0.006045443296261125, 71: 0.00399708271541551, 72: 0.006834270890701069, 73: 0.012635468056744701, 74: 0.008960603920887836}","[56, 56, 54, 53, 53, 51, 50, 48, 48, 48, 48, 47, 47, 46, 46, 45, 45, 44, 44, 44, 44, 44, 43, 43, 43, 43, 43, 42, 42, 42, 42, 41, 41, 41, 41, 41, 41, 41, 41, 40, 40, 39, 39, 39, 38, 38, 37, 37, 37, 37, 37, 37, 37, 37, 37, 36, 36, 36, 36, 36, 35, 35, 35, 35, 35, 34, 34, 34, 33, 33, 31, 31, 31, 30, 28]","dict_values([27, 22, 25, 20, 23, 22, 29, 18, 25, 22, 21, 20, 24, 26, 17, 25, 19, 19, 20, 9, 11, 19, 24, 24, 20, 23, 22, 13, 28, 23, 14, 25, 16, 23, 36, 19, 21, 18, 23, 13, 26, 19, 17, 23, 11, 22, 18, 29, 27, 22, 25, 25, 24, 21, 23, 19, 19, 21, 17, 25, 19, 17, 22, 19, 11, 23, 26, 27, 23, 24, 22, 18, 26, 25, 25])",0.10262483917900128
36,40.986666666666665,0.2808238455958767,"{0: 0.01838039643312946, 1: 0.011561578612769463, 2: 0.012703996942586252, 3: 0.013572903148541742, 4: 0.01114239597591006, 5: 0.008202483617047425, 6: 0.009590308623576554, 7: 0.013394191719714427, 8: 0.006263836760485974, 9: 0.014456115784683508, 10: 0.013693747908156164, 11: 0.008783137423665011, 12: 0.008263180759476605, 13: 0.005659985282862753, 14: 0.010318288775781535, 15: 0.012368421552275282, 16: 0.005762993062450798, 17: 0.011516789645380013, 18: 0.010791225516776469, 19: 0.011810189907932358, 20: 0.013579862925148987, 21: 0.0065170437828722914, 22: 0.014325780820119004, 23: 0.007386141461483928, 24: 0.01345922901365723, 25: 0.0059493775644249725, 26: 0.01183887769938917, 27: 0.017271089040733708, 28: 0.010237405318596451, 29: 0.010273271062744747, 30: 0.008122348094758959, 31: 0.009721218140658143, 32: 0.004997857236681692, 33: 0.016137548145957064, 34: 0.008031315299774175, 35: 0.007462010491678316, 36: 0.01660192895226148, 37: 0.005183872116842133, 38: 0.006925489711739388, 39: 0.010053888111980049, 40: 0.010161081162652632, 41: 0.00882730813336437, 42: 0.008805446423946752, 43: 0.009197861242963337, 44: 0.009588651631417717, 45: 0.0094107726204188, 46: 0.011636886734961294, 47: 0.00692307786976692, 48: 0.006201301442829921, 49: 0.018535968791099453, 50: 0.006699807207212649, 51: 0.010374437921616313, 52: 0.009014446630260383, 53: 0.010052401476014236, 54: 0.010449993695747789, 55: 0.009040192890058899, 56: 0.007773190507524052, 57: 0.007033690397608736, 58: 0.017705786783176223, 59: 0.007672679785894936, 60: 0.011162194036379166, 61: 0.011386256774433876, 62: 0.009526767550634403, 63: 0.010004265603580673, 64: 0.006661581480276081, 65: 0.008487346688655247, 66: 0.008818749558050681, 67: 0.004960222803980882, 68: 0.008462036156530859, 69: 0.009774047159310233, 70: 0.005889114553869209, 71: 0.0038899221788935407, 72: 0.0067981134661231355, 73: 0.012790737935422842, 74: 0.008696114491645594}","[56, 55, 54, 53, 52, 52, 50, 49, 49, 49, 48, 47, 47, 46, 46, 45, 45, 45, 45, 44, 44, 44, 43, 43, 43, 43, 43, 43, 42, 42, 42, 42, 42, 42, 41, 41, 41, 41, 41, 40, 40, 40, 39, 39, 39, 38, 38, 38, 38, 37, 37, 37, 37, 37, 37, 37, 37, 37, 37, 36, 36, 36, 35, 35, 35, 35, 35, 34, 33, 32, 32, 32, 31, 30, 28]","dict_values([27, 22, 25, 20, 23, 22, 29, 18, 25, 22, 21, 20, 24, 26, 17, 25, 19, 19, 20, 9, 11, 19, 24, 24, 20, 23, 22, 13, 28, 23, 14, 25, 16, 23, 36, 19, 21, 18, 23, 13, 26, 19, 17, 23, 11, 22, 18, 29, 27, 22, 25, 25, 24, 21, 23, 19, 19, 21, 17, 25, 19, 17, 22, 19, 11, 23, 26, 27, 23, 24, 22, 18, 26, 25, 25])",0.11257513115012938
36,40.82666666666667,0.27969440160731446,"{0: 0.018566074601810412, 1: 0.011695207282516091, 2: 0.012148394039851039, 3: 0.013094516702369913, 4: 0.01138105836066538, 5: 0.008424317135488274, 6: 0.009683658729784007, 7: 0.01375018136546209, 8: 0.005970811194382484, 9: 0.014648962012712886, 10: 0.014309464379362211, 11: 0.008834256460695751, 12: 0.008566826189794211, 13: 0.006182988070651353, 14: 0.01046261354331568, 15: 0.011604524054551873, 16: 0.005746485917373912, 17: 0.012336456543735127, 18: 0.009892416230352275, 19: 0.011918592608574457, 20: 0.014652131596741487, 21: 0.007029648467563685, 22: 0.014265600042985643, 23: 0.0068182970474439, 24: 0.013563852737985441, 25: 0.005777096225273303, 26: 0.011466142109332576, 27: 0.017172161556258177, 28: 0.010326272777349165, 29: 0.010309940448304881, 30: 0.008144122581289522, 31: 0.009965472776707654, 32: 0.005055274596594266, 33: 0.016231412599764836, 34: 0.007920420483730267, 35: 0.007578672016697126, 36: 0.016750424820562302, 37: 0.005234370107087475, 38: 0.006879817340842645, 39: 0.008943751884334689, 40: 0.010224908742646989, 41: 0.009059311839803895, 42: 0.008869636244315904, 43: 0.009762585307923585, 44: 0.01018294273056962, 45: 0.008440636821160863, 46: 0.011119159652733057, 47: 0.007009666387513185, 48: 0.006371285898104344, 49: 0.01845307450578422, 50: 0.006682807273100088, 51: 0.010374845112105225, 52: 0.009061438582448003, 53: 0.01002960976289516, 54: 0.010045863947940896, 55: 0.009061992310702717, 56: 0.00777012953404749, 57: 0.007043995947897493, 58: 0.018111828549191626, 59: 0.00782388582498684, 60: 0.011382322302920496, 61: 0.01154816454271833, 62: 0.009665161205413634, 63: 0.010136242670489246, 64: 0.006900316479285053, 65: 0.008653799431709804, 66: 0.008145327025421275, 67: 0.004750717799955329, 68: 0.008109161007648127, 69: 0.009773851853226146, 70: 0.00582049527800126, 71: 0.0035773705622984078, 72: 0.006522138517469839, 73: 0.013157527413919075, 74: 0.008889987265216618}","[56, 55, 54, 53, 52, 52, 50, 50, 49, 49, 48, 48, 46, 45, 45, 45, 45, 45, 45, 44, 44, 44, 43, 43, 43, 43, 43, 43, 42, 42, 42, 42, 42, 42, 41, 41, 41, 40, 40, 39, 39, 39, 39, 38, 38, 38, 38, 38, 38, 37, 37, 37, 37, 37, 37, 37, 37, 37, 36, 36, 36, 35, 35, 35, 35, 35, 34, 34, 32, 32, 32, 32, 31, 31, 27]","dict_values([27, 22, 25, 20, 23, 22, 29, 18, 25, 22, 21, 20, 24, 26, 17, 25, 19, 19, 20, 9, 11, 19, 24, 24, 20, 23, 22, 13, 28, 23, 14, 25, 16, 23, 36, 19, 21, 18, 23, 13, 26, 19, 17, 23, 11, 22, 18, 29, 27, 22, 25, 25, 24, 21, 23, 19, 19, 21, 17, 25, 19, 17, 22, 19, 11, 23, 26, 27, 23, 24, 22, 18, 26, 25, 25])",0.1024428307467573
36,41.013333333333335,0.28206463577313895,"{0: 0.018360606507809105, 1: 0.011570951866753141, 2: 0.012967137680328993, 3: 0.013004751808968826, 4: 0.011328611476635535, 5: 0.009186129624494983, 6: 0.010298773104483865, 7: 0.013197325861113832, 8: 0.00598791578541411, 9: 0.01575065428517931, 10: 0.014133369156976095, 11: 0.008763007689023754, 12: 0.008433898567504658, 13: 0.006293225969061955, 14: 0.010464713662954296, 15: 0.012281379779038261, 16: 0.005645260986145222, 17: 0.012810667559762342, 18: 0.00984080594378447, 19: 0.011884016934529007, 20: 0.013307323738773047, 21: 0.006899678237237983, 22: 0.014637190604867022, 23: 0.007163791862091444, 24: 0.013707646644779336, 25: 0.005770396365184878, 26: 0.011524755496065214, 27: 0.016778127769527734, 28: 0.009377232758463456, 29: 0.010179175035865278, 30: 0.008127891103589333, 31: 0.010082891496034984, 32: 0.004964690558783263, 33: 0.016201341843761534, 34: 0.007835352932909292, 35: 0.007575463605064585, 36: 0.018127427163313843, 37: 0.005172311816891924, 38: 0.006758586344144738, 39: 0.008791285023214962, 40: 0.010481800686834289, 41: 0.009032121015291059, 42: 0.008731196474711031, 43: 0.009388096983871306, 44: 0.010054465217728546, 45: 0.008983008714909294, 46: 0.010906118135215784, 47: 0.00785423408525321, 48: 0.006361781367812686, 49: 0.01827915290430502, 50: 0.006674734205468585, 51: 0.010407706450475352, 52: 0.008387663027473844, 53: 0.009917880826390205, 54: 0.009813858327133329, 55: 0.009040208316300527, 56: 0.008104111162642128, 57: 0.006976004105224943, 58: 0.0171278206874769, 59: 0.007532883789696874, 60: 0.01151040884351859, 61: 0.01124960555797901, 62: 0.009719694452007403, 63: 0.01022627794888069, 64: 0.0068085214489324065, 65: 0.00863110247763166, 66: 0.007593537541012052, 67: 0.004578838084126796, 68: 0.008004248954250745, 69: 0.009573464898852137, 70: 0.005759074898263866, 71: 0.003264829785657489, 72: 0.00632813515503994, 73: 0.012938163700743108, 74: 0.009112544725916367}","[56, 55, 55, 54, 53, 51, 51, 50, 50, 49, 49, 47, 47, 45, 45, 45, 45, 45, 45, 44, 44, 44, 44, 43, 43, 43, 43, 43, 43, 42, 42, 42, 42, 42, 41, 41, 41, 41, 41, 41, 40, 40, 40, 39, 38, 38, 38, 38, 38, 38, 37, 37, 37, 37, 37, 37, 36, 36, 36, 36, 36, 36, 35, 35, 35, 35, 34, 34, 32, 32, 32, 32, 31, 31, 26]","dict_values([27, 22, 25, 20, 23, 22, 29, 18, 25, 22, 21, 20, 24, 26, 17, 25, 19, 19, 20, 9, 11, 19, 24, 24, 20, 23, 22, 13, 28, 23, 14, 25, 16, 23, 36, 19, 21, 18, 23, 13, 26, 19, 17, 23, 11, 22, 18, 29, 27, 22, 25, 25, 24, 21, 23, 19, 19, 21, 17, 25, 19, 17, 22, 19, 11, 23, 26, 27, 23, 24, 22, 18, 26, 25, 25])",0.10743183943479535
36,41.04,0.2829960269200315,"{0: 0.018520567934902595, 1: 0.011614023205685789, 2: 0.01215804860944762, 3: 0.013097759798366053, 4: 0.011680381028884294, 5: 0.009256109295427604, 6: 0.010355096007232063, 7: 0.013254991594032694, 8: 0.005998698481010221, 9: 0.015051855477307868, 10: 0.014060180294863521, 11: 0.008706412219571157, 12: 0.008487661424902334, 13: 0.006530286086701528, 14: 0.010662653612394404, 15: 0.012335049352714497, 16: 0.005579357705793564, 17: 0.012949717484698494, 18: 0.009933274942721584, 19: 0.011850649283808544, 20: 0.012453194525851839, 21: 0.0068478719341301415, 22: 0.014669964273908778, 23: 0.007104633163973621, 24: 0.013779939577127573, 25: 0.005767337369961006, 26: 0.01169991193615526, 27: 0.016624399902410585, 28: 0.009364830372230357, 29: 0.010109879679196484, 30: 0.008193777262811149, 31: 0.010125665050863321, 32: 0.004988001922440771, 33: 0.01622987273694577, 34: 0.00788009637633011, 35: 0.006770579964093292, 36: 0.01822030101218741, 37: 0.005163336755802509, 38: 0.006713523884698717, 39: 0.008900460173014789, 40: 0.010449687886506805, 41: 0.009426150075980945, 42: 0.008754833161875341, 43: 0.008902533142143081, 44: 0.010043680862952683, 45: 0.008963396491454419, 46: 0.011358135838996407, 47: 0.00789376433416507, 48: 0.006316353500764807, 49: 0.018210193389577734, 50: 0.00671904132801206, 51: 0.01050478521859081, 52: 0.007725239605704874, 53: 0.009941771980555292, 54: 0.009747503694718001, 55: 0.008959734165213616, 56: 0.008100624240941988, 57: 0.006969847083823537, 58: 0.017325988668297675, 59: 0.007498543001931427, 60: 0.01145693773655029, 61: 0.011729207898808271, 62: 0.010409889034759505, 63: 0.010168018301579946, 64: 0.006815977535155617, 65: 0.009232805401118899, 66: 0.007838335629852462, 67: 0.004315611194187577, 68: 0.007999686973527874, 69: 0.009659879253688788, 70: 0.00573865093909413, 71: 0.003225896527546149, 72: 0.00628151295718977, 73: 0.013006677939991646, 74: 0.009157812897695418}","[56, 55, 55, 54, 53, 51, 50, 50, 50, 49, 49, 47, 46, 46, 46, 46, 45, 45, 45, 44, 44, 44, 44, 43, 43, 43, 43, 43, 43, 43, 42, 42, 42, 41, 41, 41, 41, 41, 41, 41, 40, 40, 40, 39, 39, 38, 38, 38, 38, 38, 38, 37, 37, 37, 37, 37, 36, 36, 36, 36, 36, 35, 35, 35, 35, 35, 34, 34, 33, 32, 32, 32, 31, 30, 26]","dict_values([27, 22, 25, 20, 23, 22, 29, 18, 25, 22, 21, 20, 24, 26, 17, 25, 19, 19, 20, 9, 11, 19, 24, 24, 20, 23, 22, 13, 28, 23, 14, 25, 16, 23, 36, 19, 21, 18, 23, 13, 26, 19, 17, 23, 11, 22, 18, 29, 27, 22, 25, 25, 24, 21, 23, 19, 19, 21, 17, 25, 19, 17, 22, 19, 11, 23, 26, 27, 23, 24, 22, 18, 26, 25, 25])",0.1065432816512921
36,41.093333333333334,0.28415268826123213,"{0: 0.018541816680353117, 1: 0.011497508171131187, 2: 0.01137911607763318, 3: 0.013226287752898202, 4: 0.011581005146559386, 5: 0.00928975964786291, 6: 0.010400645975104046, 7: 0.014004976446195012, 8: 0.00547188509440444, 9: 0.01498401623985508, 10: 0.014069825502210857, 11: 0.008673047126440864, 12: 0.0085092786782844, 13: 0.00647986638624835, 14: 0.0111987994854972, 15: 0.012285494143760211, 16: 0.0055779735340943885, 17: 0.011952141560508086, 18: 0.01001107051466103, 19: 0.011729463024369379, 20: 0.01287090436208769, 21: 0.006775289978333216, 22: 0.01506190474644227, 23: 0.007052326824064593, 24: 0.013700623071627087, 25: 0.005800340763191024, 26: 0.011519398437954478, 27: 0.01650574636917204, 28: 0.00893200031737546, 29: 0.010564163645625223, 30: 0.007944282802958658, 31: 0.009685478504892054, 32: 0.005198911850447588, 33: 0.015971378566635507, 34: 0.007750151388966553, 35: 0.007061387339706579, 36: 0.017916788688793938, 37: 0.004835143634724497, 38: 0.0067692679472920935, 39: 0.008846552963112665, 40: 0.010501883292951849, 41: 0.009462319854399097, 42: 0.008638009385735971, 43: 0.008841194895873325, 44: 0.009930034538462421, 45: 0.009016830694885552, 46: 0.011563463881496568, 47: 0.007916248196212316, 48: 0.006263926395290125, 49: 0.021256351279227703, 50: 0.006748990752519927, 51: 0.010460985022205679, 52: 0.00783236428432976, 53: 0.009761071772607304, 54: 0.009819461182152026, 55: 0.009303457243768801, 56: 0.008090397795488648, 57: 0.0068026151250501505, 58: 0.017188484556320376, 59: 0.007430272383393278, 60: 0.0107784617654483, 61: 0.011688877912442167, 62: 0.010354513015531034, 63: 0.010091295022801872, 64: 0.00681968721352283, 65: 0.009313334351743835, 66: 0.007628204912210519, 67: 0.004332438664630446, 68: 0.007435722655709718, 69: 0.009571642910633895, 70: 0.005681355190187204, 71: 0.003223423512225687, 72: 0.005937634198726, 73: 0.013450978230650222, 74: 0.009406874880298064}","[58, 56, 55, 54, 53, 51, 51, 50, 50, 50, 49, 47, 47, 47, 46, 46, 45, 45, 45, 44, 44, 44, 43, 43, 43, 43, 43, 43, 43, 42, 42, 42, 41, 41, 41, 41, 41, 41, 41, 41, 40, 40, 39, 39, 39, 39, 39, 38, 38, 38, 38, 37, 37, 37, 37, 37, 37, 36, 36, 36, 35, 35, 35, 35, 35, 35, 34, 33, 33, 32, 32, 32, 31, 30, 26]","dict_values([27, 22, 25, 20, 23, 22, 29, 18, 25, 22, 21, 20, 24, 26, 17, 25, 19, 19, 20, 9, 11, 19, 24, 24, 20, 23, 22, 13, 28, 23, 14, 25, 16, 23, 36, 19, 21, 18, 23, 13, 26, 19, 17, 23, 11, 22, 18, 29, 27, 22, 25, 25, 24, 21, 23, 19, 19, 21, 17, 25, 19, 17, 22, 19, 11, 23, 26, 27, 23, 24, 22, 18, 26, 25, 25])",0.0975642623156542
36,41.306666666666665,0.2854709046399835,"{0: 0.018609676630432306, 1: 0.011919875966572695, 2: 0.012655727289872831, 3: 0.01311822774808744, 4: 0.011496048319359803, 5: 0.00972248343025254, 6: 0.010391954747174395, 7: 0.013623705590869166, 8: 0.0059880484055861195, 9: 0.014537289441217897, 10: 0.014051682397806502, 11: 0.009257661622392645, 12: 0.008583087471117022, 13: 0.0063670330820197844, 14: 0.011291556684320546, 15: 0.012223438486752506, 16: 0.005486315172542496, 17: 0.011850074737828974, 18: 0.0098812371509072, 19: 0.01150962357501291, 20: 0.012513360717104759, 21: 0.006097496187504096, 22: 0.014923269572541158, 23: 0.006613918712551154, 24: 0.013286659015317068, 25: 0.005764612446515251, 26: 0.011887270626746578, 27: 0.015815026587023082, 28: 0.008872425306788128, 29: 0.011525800837047996, 30: 0.007927659974200875, 31: 0.009625511155574803, 32: 0.005148263807093869, 33: 0.01597421926391276, 34: 0.007705895300368614, 35: 0.00776188062877793, 36: 0.017888815379272692, 37: 0.004806706080880134, 38: 0.006719712702790866, 39: 0.008877976623400008, 40: 0.010236369174375638, 41: 0.009020435330074995, 42: 0.008624556206230939, 43: 0.008789123686383958, 44: 0.00950695641755724, 45: 0.008971639691475325, 46: 0.011397208364100011, 47: 0.007773179843316354, 48: 0.006146619778181658, 49: 0.020957912820533033, 50: 0.006533691644204793, 51: 0.010197211681629528, 52: 0.007750120311544312, 53: 0.009687805753696372, 54: 0.010279984907685478, 55: 0.009434361373842882, 56: 0.008062319344732394, 57: 0.006660192805345444, 58: 0.01675384788991904, 59: 0.008126977531779213, 60: 0.01065617487727956, 61: 0.011878592470368942, 62: 0.010202287162976487, 63: 0.01019328279602252, 64: 0.007483954539304786, 65: 0.00917489354511778, 66: 0.00792735257814329, 67: 0.004345595038830236, 68: 0.007183820420541973, 69: 0.009590763428606156, 70: 0.005080545748194384, 71: 0.003722619058515429, 72: 0.005863586986319308, 73: 0.012756964394664293, 74: 0.009230600272320772}","[58, 56, 56, 53, 53, 51, 51, 50, 50, 50, 49, 48, 47, 47, 47, 46, 45, 45, 45, 45, 44, 44, 43, 43, 43, 43, 43, 43, 43, 43, 43, 42, 42, 42, 42, 42, 41, 41, 41, 41, 41, 40, 40, 39, 39, 39, 39, 39, 38, 38, 38, 38, 38, 38, 37, 37, 37, 36, 36, 35, 35, 35, 35, 35, 35, 35, 34, 33, 33, 32, 32, 32, 31, 30, 28]","dict_values([27, 22, 25, 20, 23, 22, 29, 18, 25, 22, 21, 20, 24, 26, 17, 25, 19, 19, 20, 9, 11, 19, 24, 24, 20, 23, 22, 13, 28, 23, 14, 25, 16, 23, 36, 19, 21, 18, 23, 13, 26, 19, 17, 23, 11, 22, 18, 29, 27, 22, 25, 25, 24, 21, 23, 19, 19, 21, 17, 25, 19, 17, 22, 19, 11, 23, 26, 27, 23, 24, 22, 18, 26, 25, 25])",0.10410306572348682
36,41.2,0.2850982844756347,"{0: 0.01866390168836606, 1: 0.01196703537075832, 2: 0.012863758833538989, 3: 0.012948205562209037, 4: 0.010287954391471411, 5: 0.009768810617007644, 6: 0.01072028073339512, 7: 0.013159580663653464, 8: 0.006496973953279151, 9: 0.014694372160637414, 10: 0.014221344189716942, 11: 0.009399528002417275, 12: 0.008785021261344348, 13: 0.006355014808199659, 14: 0.011339945282187583, 15: 0.012251049140361781, 16: 0.005360031380133791, 17: 0.012008433794703807, 18: 0.009461624114177522, 19: 0.012150816713147388, 20: 0.01197629456721981, 21: 0.006205641827738178, 22: 0.015697430308403267, 23: 0.006340245198299048, 24: 0.013454893119684013, 25: 0.005859757994527847, 26: 0.011802945020839497, 27: 0.016133250006146488, 28: 0.008868657811925591, 29: 0.011491670082629007, 30: 0.008073593467839838, 31: 0.009699924820408318, 32: 0.004360016643759639, 33: 0.016201752433424352, 34: 0.007732881928115323, 35: 0.007758690447116293, 36: 0.017962549114884138, 37: 0.004842024329070191, 38: 0.0066570887757112784, 39: 0.00874404307956612, 40: 0.010279306396507799, 41: 0.008541103174522766, 42: 0.008636656618842147, 43: 0.008462860679875821, 44: 0.009118356090375005, 45: 0.00938929968086082, 46: 0.011464253850824627, 47: 0.007799801881026925, 48: 0.006011941139497225, 49: 0.021285428129513465, 50: 0.006778038120029795, 51: 0.010292350463589282, 52: 0.007813719096807205, 53: 0.00965614992474385, 54: 0.01037430839223346, 55: 0.00914363929756918, 56: 0.00803896436730674, 57: 0.00653498283517651, 58: 0.017046530780621058, 59: 0.008173249848070462, 60: 0.010355345586367158, 61: 0.0114950958752061, 62: 0.010113553870565584, 63: 0.01044348407362106, 64: 0.007554775671769753, 65: 0.009733302482736912, 66: 0.007980560508063549, 67: 0.004301389565289647, 68: 0.007205272794027119, 69: 0.008493211844769, 70: 0.005457988762623701, 71: 0.0037584602593509434, 72: 0.005798375448505031, 73: 0.013609566642977262, 74: 0.00952000207483415}","[58, 56, 56, 53, 53, 52, 51, 50, 50, 49, 49, 48, 47, 46, 46, 46, 45, 45, 45, 45, 44, 44, 44, 43, 43, 43, 43, 43, 43, 42, 42, 42, 42, 42, 41, 41, 41, 41, 41, 41, 41, 40, 40, 39, 39, 39, 39, 38, 38, 38, 38, 38, 38, 37, 37, 37, 37, 37, 36, 36, 36, 35, 35, 35, 34, 34, 34, 33, 33, 32, 32, 31, 30, 30, 28]","dict_values([27, 22, 25, 20, 23, 22, 29, 18, 25, 22, 21, 20, 24, 26, 17, 25, 19, 19, 20, 9, 11, 19, 24, 24, 20, 23, 22, 13, 28, 23, 14, 25, 16, 23, 36, 19, 21, 18, 23, 13, 26, 19, 17, 23, 11, 22, 18, 29, 27, 22, 25, 25, 24, 21, 23, 19, 19, 21, 17, 25, 19, 17, 22, 19, 11, 23, 26, 27, 23, 24, 22, 18, 26, 25, 25])",0.09834040280265184
36,41.12,0.28394559032912897,"{0: 0.01867382901438415, 1: 0.012360114934019183, 2: 0.012917403862328477, 3: 0.012572707378648412, 4: 0.009689760344411045, 5: 0.009814040036642777, 6: 0.010323749199516794, 7: 0.013116913963005824, 8: 0.0064815673413298105, 9: 0.014735840084642333, 10: 0.014387925165496456, 11: 0.009380232999898505, 12: 0.009183732055588012, 13: 0.0060571031217063346, 14: 0.011640518413073918, 15: 0.012353189660401678, 16: 0.005553985683677135, 17: 0.012318678386471762, 18: 0.009484370269318906, 19: 0.012107407260239048, 20: 0.012070477395420904, 21: 0.006311627837415278, 22: 0.01575916451601064, 23: 0.006315253050019227, 24: 0.013568179030259184, 25: 0.005912358917791133, 26: 0.011717290546411945, 27: 0.016252676168508284, 28: 0.00889661947149195, 29: 0.012055209560523684, 30: 0.008009905141055228, 31: 0.010212744771888984, 32: 0.004710667679342181, 33: 0.014646047276908302, 34: 0.007493762411778793, 35: 0.0077809928521896795, 36: 0.017551258292634417, 37: 0.004946395699820356, 38: 0.0073670039322738775, 39: 0.008901378304766913, 40: 0.010433214805893282, 41: 0.008534107311858849, 42: 0.008717925878193599, 43: 0.008518452011602697, 44: 0.009313357858740687, 45: 0.00942716431354142, 46: 0.01157426196691667, 47: 0.008307195913478388, 48: 0.006092009773516623, 49: 0.0206370883521171, 50: 0.006807109043857919, 51: 0.010403909882456886, 52: 0.007960245441963687, 53: 0.00975030998174648, 54: 0.010384016176100307, 55: 0.00921389236812005, 56: 0.008211609867252542, 57: 0.0069221848872544865, 58: 0.01635576962813196, 59: 0.007808516798242826, 60: 0.010342593174365367, 61: 0.011075838767762997, 62: 0.010274896859073308, 63: 0.009989143037088241, 64: 0.007747729803080048, 65: 0.009878553149131117, 66: 0.00771233051869853, 67: 0.004174865637395855, 68: 0.007200218202191026, 69: 0.00865230040958936, 70: 0.005536111101020011, 71: 0.003741369035218143, 72: 0.00578836961658139, 73: 0.013640425965488649, 74: 0.0094096567916252}","[57, 56, 56, 53, 52, 51, 50, 50, 50, 49, 49, 48, 47, 46, 46, 45, 45, 45, 45, 45, 44, 44, 44, 44, 43, 43, 43, 43, 43, 43, 42, 42, 42, 42, 42, 41, 41, 41, 40, 40, 40, 40, 40, 39, 39, 39, 39, 38, 38, 38, 38, 38, 37, 37, 37, 37, 37, 36, 36, 36, 36, 36, 36, 35, 34, 34, 34, 33, 32, 32, 32, 31, 31, 29, 28]","dict_values([27, 22, 25, 20, 23, 22, 29, 18, 25, 22, 21, 20, 24, 26, 17, 25, 19, 19, 20, 9, 11, 19, 24, 24, 20, 23, 22, 13, 28, 23, 14, 25, 16, 23, 36, 19, 21, 18, 23, 13, 26, 19, 17, 23, 11, 22, 18, 29, 27, 22, 25, 25, 24, 21, 23, 19, 19, 21, 17, 25, 19, 17, 22, 19, 11, 23, 26, 27, 23, 24, 22, 18, 26, 25, 25])",0.09715009563606818
36,41.25333333333333,0.2852478339325268,"{0: 0.018636936778607553, 1: 0.011992660533579922, 2: 0.011940862945485988, 3: 0.012468427039334635, 4: 0.009528334467648574, 5: 0.009796216934360294, 6: 0.010161773258727497, 7: 0.01295459108194675, 8: 0.00638122066657297, 9: 0.014720739641459698, 10: 0.014160539799166953, 11: 0.010147251328642273, 12: 0.009533530652938767, 13: 0.0059691945191048465, 14: 0.011674119966584037, 15: 0.01230219954251736, 16: 0.00520013378872935, 17: 0.01221327253917073, 18: 0.009046055094099472, 19: 0.012884674225383596, 20: 0.01191797767100337, 21: 0.006260388400749592, 22: 0.015980908583957294, 23: 0.006121038814709104, 24: 0.013312762679884724, 25: 0.005954236423222631, 26: 0.012246895638544655, 27: 0.016142046076586394, 28: 0.008854940764877315, 29: 0.011634864277164701, 30: 0.008327044497425872, 31: 0.0100494703855834, 32: 0.004927619398724303, 33: 0.01356960542342346, 34: 0.007444828733764738, 35: 0.007715743487510442, 36: 0.017174787603905575, 37: 0.0048842306547786, 38: 0.007198960721692813, 39: 0.00880850075293673, 40: 0.010777293317780011, 41: 0.008398869334155117, 42: 0.00870696407153113, 43: 0.008773536675483326, 44: 0.00973954064420796, 45: 0.009509924584657855, 46: 0.012151762452585367, 47: 0.007741923916744251, 48: 0.006065803668543395, 49: 0.021457618666034288, 50: 0.006753617806995229, 51: 0.010269669839147405, 52: 0.008378337212795186, 53: 0.009511692380495115, 54: 0.010335612206277002, 55: 0.009238200611606375, 56: 0.00827772813440007, 57: 0.007382651695799508, 58: 0.01616207367843198, 59: 0.007806718011645101, 60: 0.0106991831158642, 61: 0.011097369923297684, 62: 0.010370619594542158, 63: 0.010299042972979526, 64: 0.007955435062155172, 65: 0.009887571138533464, 66: 0.007561724974257371, 67: 0.004159299012240189, 68: 0.006666258835698838, 69: 0.008709969173284527, 70: 0.005445285382363802, 71: 0.003772090352889713, 72: 0.005855651361945327, 73: 0.013622650201089022, 74: 0.009461967438279638}","[58, 56, 56, 53, 53, 50, 50, 50, 50, 49, 49, 48, 47, 47, 46, 46, 46, 46, 45, 45, 44, 44, 44, 44, 43, 43, 43, 43, 43, 42, 42, 42, 42, 42, 42, 42, 41, 41, 41, 41, 40, 40, 40, 39, 39, 39, 39, 38, 38, 38, 38, 38, 38, 38, 37, 37, 37, 36, 36, 36, 36, 36, 36, 36, 34, 34, 33, 33, 32, 32, 32, 32, 31, 29, 28]","dict_values([27, 22, 25, 20, 23, 22, 29, 18, 25, 22, 21, 20, 24, 26, 17, 25, 19, 19, 20, 9, 11, 19, 24, 24, 20, 23, 22, 13, 28, 23, 14, 25, 16, 23, 36, 19, 21, 18, 23, 13, 26, 19, 17, 23, 11, 22, 18, 29, 27, 22, 25, 25, 24, 21, 23, 19, 19, 21, 17, 25, 19, 17, 22, 19, 11, 23, 26, 27, 23, 24, 22, 18, 26, 25, 25])",0.10136933297509744
36,41.36,0.2861058688210393,"{0: 0.0185078199127977, 1: 0.011952118750042654, 2: 0.01197216465037223, 3: 0.012328630119290494, 4: 0.010166313130279644, 5: 0.009795735868194412, 6: 0.01016444561821747, 7: 0.012741423345910665, 8: 0.006147786059539815, 9: 0.014563068749272634, 10: 0.014008117296808797, 11: 0.009949320514326853, 12: 0.008613470583228453, 13: 0.005489174723113547, 14: 0.01167118872568599, 15: 0.01143801771970836, 16: 0.0051435294571205315, 17: 0.012051201100774624, 18: 0.009384778172007665, 19: 0.012040577430878541, 20: 0.01241993707731594, 21: 0.006204215902752537, 22: 0.015851285259024614, 23: 0.006337584579200073, 24: 0.013300295476630102, 25: 0.005837188869460585, 26: 0.01268503303362091, 27: 0.016068925462828284, 28: 0.0095634374549683, 29: 0.011901391440771897, 30: 0.008137698769515905, 31: 0.010431205356817677, 32: 0.004865360358404669, 33: 0.013464543267615318, 34: 0.008062384635097295, 35: 0.007568568724902356, 36: 0.017012161577615422, 37: 0.004847582019535877, 38: 0.007674426703806661, 39: 0.008675902343951911, 40: 0.011394728503528705, 41: 0.008424297685106177, 42: 0.008684735362338358, 43: 0.00831817782971352, 44: 0.009785918483265167, 45: 0.009376648844857843, 46: 0.01196976841695038, 47: 0.0075982437377848195, 48: 0.00607420825674172, 49: 0.021208662869973673, 50: 0.006655766645882135, 51: 0.010181065078415423, 52: 0.008701987955628241, 53: 0.00889286857930691, 54: 0.010494392218710288, 55: 0.009345117192928147, 56: 0.008375076640271572, 57: 0.007423217981456042, 58: 0.01600491657298423, 59: 0.0078030356914639545, 60: 0.010647939993067209, 61: 0.010674849146001704, 62: 0.010433068487147213, 63: 0.010287838163139877, 64: 0.007954570219947535, 65: 0.009694509188345395, 66: 0.00704870376824234, 67: 0.004518433881149784, 68: 0.006607643679953325, 69: 0.009144727196832944, 70: 0.005481587792862915, 71: 0.003733091533598584, 72: 0.005836484828914534, 73: 0.014513820298607092, 74: 0.009989547159354175}","[58, 56, 56, 53, 53, 50, 50, 50, 50, 49, 49, 48, 47, 47, 47, 47, 46, 45, 45, 45, 45, 45, 44, 44, 44, 43, 43, 43, 43, 42, 42, 42, 42, 42, 42, 42, 41, 41, 41, 41, 41, 40, 40, 40, 39, 39, 39, 38, 38, 38, 38, 38, 38, 37, 37, 37, 37, 37, 37, 37, 36, 36, 36, 36, 35, 34, 33, 33, 32, 32, 32, 31, 31, 29, 28]","dict_values([27, 22, 25, 20, 23, 22, 29, 18, 25, 22, 21, 20, 24, 26, 17, 25, 19, 19, 20, 9, 11, 19, 24, 24, 20, 23, 22, 13, 28, 23, 14, 25, 16, 23, 36, 19, 21, 18, 23, 13, 26, 19, 17, 23, 11, 22, 18, 29, 27, 22, 25, 25, 24, 21, 23, 19, 19, 21, 17, 25, 19, 17, 22, 19, 11, 23, 26, 27, 23, 24, 22, 18, 26, 25, 25])",0.1017342443738592
36,41.54666666666667,0.28660219111348284,"{0: 0.01828316017988028, 1: 0.011741020482231324, 2: 0.01156934515109958, 3: 0.012194311985573317, 4: 0.011001969925605046, 5: 0.00964101802407169, 6: 0.01005402113671261, 7: 0.012603616760054248, 8: 0.006186265977224417, 9: 0.01432917519657108, 10: 0.013322700949068162, 11: 0.009774346594069436, 12: 0.008386978059163332, 13: 0.005491651613387107, 14: 0.011651350185637743, 15: 0.011350913114798498, 16: 0.0053631724506594276, 17: 0.011836583051588983, 18: 0.009290797933709119, 19: 0.011845502339213455, 20: 0.012366922577549554, 21: 0.0060984906635236985, 22: 0.014772298686226319, 23: 0.006763613299485135, 24: 0.01324766584288095, 25: 0.005735179416512069, 26: 0.012361572752796764, 27: 0.015474678098521063, 28: 0.009449954026606937, 29: 0.012372993251584304, 30: 0.008523306048357441, 31: 0.01034935010839001, 32: 0.004757798435774253, 33: 0.013594593809976607, 34: 0.007918253691884685, 35: 0.008039949892024202, 36: 0.01675551847879488, 37: 0.0046934452358278166, 38: 0.007678228017211068, 39: 0.008980604293471748, 40: 0.011235986234377153, 41: 0.008534810984606992, 42: 0.00892257756891762, 43: 0.008250107080499466, 44: 0.010716967961222151, 45: 0.009722321655386388, 46: 0.011890813606681707, 47: 0.0075856610676472095, 48: 0.005948917870059878, 49: 0.02079204124928797, 50: 0.006595039467363025, 51: 0.011416338186573144, 52: 0.008326673903145274, 53: 0.008833605319700184, 54: 0.011098422090779287, 55: 0.009098658669857316, 56: 0.00822052541988206, 57: 0.007304048886510171, 58: 0.015727701237433625, 59: 0.007667483801163538, 60: 0.010652408440971926, 61: 0.010595162988611096, 62: 0.010866835499706323, 63: 0.01007050134642168, 64: 0.008450415311244752, 65: 0.009437480986469958, 66: 0.00697279184742825, 67: 0.004760136520112697, 68: 0.006088651078157421, 69: 0.009426015875719472, 70: 0.005458020817241146, 71: 0.0036939613701603784, 72: 0.0058184865885839215, 73: 0.014301254790685869, 74: 0.010503583677769624}","[58, 56, 56, 52, 52, 51, 50, 50, 49, 49, 49, 48, 47, 47, 47, 47, 46, 46, 46, 45, 45, 45, 45, 44, 44, 44, 43, 43, 43, 43, 43, 43, 43, 42, 42, 42, 42, 41, 41, 41, 41, 40, 40, 40, 40, 40, 39, 39, 39, 39, 39, 38, 37, 37, 37, 37, 37, 37, 37, 36, 36, 36, 36, 36, 36, 34, 34, 33, 32, 32, 32, 31, 31, 30, 28]","dict_values([27, 22, 25, 20, 23, 22, 29, 18, 25, 22, 21, 20, 24, 26, 17, 25, 19, 19, 20, 9, 11, 19, 24, 24, 20, 23, 22, 13, 28, 23, 14, 25, 16, 23, 36, 19, 21, 18, 23, 13, 26, 19, 17, 23, 11, 22, 18, 29, 27, 22, 25, 25, 24, 21, 23, 19, 19, 21, 17, 25, 19, 17, 22, 19, 11, 23, 26, 27, 23, 24, 22, 18, 26, 25, 25])",0.10571385255775399
36,41.626666666666665,0.28777794796572326,"{0: 0.018079021309955326, 1: 0.011569072411119357, 2: 0.011423153159884136, 3: 0.012407609540628618, 4: 0.011752065949250368, 5: 0.009793898589652511, 6: 0.011020899245672471, 7: 0.01257332506133472, 8: 0.0060848887127522705, 9: 0.014120376566712231, 10: 0.014033376712402795, 11: 0.009986422723773312, 12: 0.008792397368481827, 13: 0.005510703468895411, 14: 0.0118195820870821, 15: 0.011068181761927344, 16: 0.004545083570055129, 17: 0.012078433946968848, 18: 0.009364352857999431, 19: 0.011727840417765327, 20: 0.01216423788277812, 21: 0.006142835407708247, 22: 0.014694506913577089, 23: 0.006174318703341225, 24: 0.013197419746080019, 25: 0.005883714698885865, 26: 0.011605892639408383, 27: 0.015602155304188452, 28: 0.009373051496066811, 29: 0.013078655736482057, 30: 0.008406902543374272, 31: 0.010103607437368014, 32: 0.004940891644164475, 33: 0.013535509846459973, 34: 0.007264618597718989, 35: 0.008085432903960148, 36: 0.016556442209910736, 37: 0.0049412333663717885, 38: 0.008104319063223172, 39: 0.008886630351093891, 40: 0.012109563719975746, 41: 0.009570691381889485, 42: 0.00944589309675571, 43: 0.007924711168063302, 44: 0.011034327791101976, 45: 0.010190750468672214, 46: 0.01164850386550271, 47: 0.007634975409439802, 48: 0.006033670400295059, 49: 0.01997145701666309, 50: 0.006568805676604337, 51: 0.010581631792960032, 52: 0.008227904354941407, 53: 0.009118689760754962, 54: 0.010695097215241959, 55: 0.009427324741875524, 56: 0.007600620577639176, 57: 0.007309623872043082, 58: 0.01630632140504031, 59: 0.007608148955002835, 60: 0.009328771582467836, 61: 0.010599249850647268, 62: 0.010929420794375914, 63: 0.0099712794369372, 64: 0.008894029656631379, 65: 0.009662556039643708, 66: 0.006211279894570608, 67: 0.005050500336559967, 68: 0.006161574984442377, 69: 0.008174496904857569, 70: 0.0054468586661774255, 71: 0.0035607010317513254, 72: 0.005756560644983093, 73: 0.014804484047081063, 74: 0.010598072018559532}","[57, 56, 56, 52, 52, 51, 51, 50, 50, 49, 49, 48, 48, 47, 47, 47, 47, 46, 46, 46, 45, 45, 44, 44, 44, 44, 44, 44, 44, 43, 43, 43, 43, 42, 42, 42, 42, 41, 41, 41, 41, 41, 40, 40, 40, 40, 40, 39, 39, 39, 39, 38, 38, 37, 37, 37, 37, 37, 36, 36, 36, 36, 36, 35, 34, 34, 33, 33, 32, 32, 32, 32, 31, 31, 28]","dict_values([27, 22, 25, 20, 23, 22, 29, 18, 25, 22, 21, 20, 24, 26, 17, 25, 19, 19, 20, 9, 11, 19, 24, 24, 20, 23, 22, 13, 28, 23, 14, 25, 16, 23, 36, 19, 21, 18, 23, 13, 26, 19, 17, 23, 11, 22, 18, 29, 27, 22, 25, 25, 24, 21, 23, 19, 19, 21, 17, 25, 19, 17, 22, 19, 11, 23, 26, 27, 23, 24, 22, 18, 26, 25, 25])",0.1032448934449205
36,41.57333333333333,0.2866333337506728,"{0: 0.018189188946593562, 1: 0.011229762674578586, 2: 0.011439591186659919, 3: 0.012309453725604293, 4: 0.012000449648048686, 5: 0.009849471878129299, 6: 0.011010685203356668, 7: 0.012653041289194564, 8: 0.006754742338057118, 9: 0.014248997619561263, 10: 0.014020793758670014, 11: 0.00996602414609104, 12: 0.008700442813956339, 13: 0.005544227152074842, 14: 0.012402946236930662, 15: 0.010882858105804175, 16: 0.0046964806903600255, 17: 0.011999607464807611, 18: 0.009394302662609776, 19: 0.011872048554721728, 20: 0.012222492746713587, 21: 0.006052097388442478, 22: 0.014073594340844885, 23: 0.006042822983160289, 24: 0.013340087788763156, 25: 0.005853430399055725, 26: 0.011656045320428883, 27: 0.01554172297863718, 28: 0.009483287080802753, 29: 0.013211799796287447, 30: 0.008069851867359815, 31: 0.00957518794400321, 32: 0.0049363384214739505, 33: 0.013223483340470101, 34: 0.007341382051063078, 35: 0.007599409345009036, 36: 0.016376650585117437, 37: 0.004978315638719193, 38: 0.007335287922887059, 39: 0.008933846656632697, 40: 0.011156422824467226, 41: 0.009554578818277449, 42: 0.009892107506177646, 43: 0.008652245946498043, 44: 0.011628373529058463, 45: 0.010160559626240117, 46: 0.011724943223619355, 47: 0.007487022264631292, 48: 0.0060690999054449956, 49: 0.019819817737981787, 50: 0.006572279061172064, 51: 0.01052142554317716, 52: 0.008727151518976059, 53: 0.00853953453280531, 54: 0.010526594282001638, 55: 0.009303824800400142, 56: 0.007578637685852463, 57: 0.00720444648636138, 58: 0.01615900015023175, 59: 0.0076140943406363005, 60: 0.00914487200103839, 61: 0.01050580005163186, 62: 0.010969957679065633, 63: 0.009897362453396142, 64: 0.008963894903066368, 65: 0.00977455089547042, 66: 0.0063231780035476175, 67: 0.005063606176619876, 68: 0.006778535499856952, 69: 0.008215788702326256, 70: 0.005440707120560687, 71: 0.003538388840932214, 72: 0.00581195371253427, 73: 0.01474530314142485, 74: 0.012128650727878311}","[57, 56, 56, 52, 51, 51, 50, 50, 50, 49, 49, 49, 48, 47, 47, 47, 46, 46, 46, 46, 45, 45, 44, 44, 44, 44, 44, 44, 44, 44, 43, 43, 42, 42, 42, 42, 41, 41, 41, 41, 41, 41, 40, 40, 40, 40, 40, 39, 39, 39, 38, 38, 38, 37, 37, 37, 37, 37, 37, 36, 36, 36, 35, 34, 34, 34, 33, 33, 33, 32, 32, 32, 31, 31, 28]","dict_values([27, 22, 25, 20, 23, 22, 29, 18, 25, 22, 21, 20, 24, 26, 17, 25, 19, 19, 20, 9, 11, 19, 24, 24, 20, 23, 22, 13, 28, 23, 14, 25, 16, 23, 36, 19, 21, 18, 23, 13, 26, 19, 17, 23, 11, 22, 18, 29, 27, 22, 25, 25, 24, 21, 23, 19, 19, 21, 17, 25, 19, 17, 22, 19, 11, 23, 26, 27, 23, 24, 22, 18, 26, 25, 25])",0.09869857036528987
36,41.653333333333336,0.2873205932271293,"{0: 0.017812037855916743, 1: 0.011049088431475115, 2: 0.010695182862478517, 3: 0.012040719895177531, 4: 0.011890178890855335, 5: 0.009306662141722643, 6: 0.01095462411014231, 7: 0.013053116025330627, 8: 0.006602194907019451, 9: 0.013838338914334771, 10: 0.01482620713874456, 11: 0.010055005853440825, 12: 0.00912372383755087, 13: 0.00536993305500613, 14: 0.012127766478017022, 15: 0.010663398278537623, 16: 0.00473313054648671, 17: 0.01189818289238382, 18: 0.008897647903591354, 19: 0.011365407235509701, 20: 0.012226540435680727, 21: 0.006148705762730017, 22: 0.014078234723061639, 23: 0.005956334380991916, 24: 0.013741556112660465, 25: 0.006503250893672938, 26: 0.012272749449366877, 27: 0.01574431394503906, 28: 0.00890547618818757, 29: 0.012487790887265022, 30: 0.007933398967978803, 31: 0.010090445496518153, 32: 0.004951065738736971, 33: 0.01300543332969728, 34: 0.007292690524279552, 35: 0.007649621943454757, 36: 0.016197606742069246, 37: 0.0046580994870729165, 38: 0.0072949175914208365, 39: 0.008671215592846736, 40: 0.011231691322338467, 41: 0.009140540452431853, 42: 0.010211157874777404, 43: 0.00841926739998117, 44: 0.011664979835314443, 45: 0.010041911016342891, 46: 0.011424923361985823, 47: 0.008381555875210469, 48: 0.005968922120011025, 49: 0.019555516235457752, 50: 0.0067601304530043515, 51: 0.01046208341753913, 52: 0.008644155772022929, 53: 0.008519601435354575, 54: 0.011526144787503185, 55: 0.009378687940538082, 56: 0.007333003706355433, 57: 0.006736249852894513, 58: 0.01640421667347694, 59: 0.007893621152359934, 60: 0.009800411640692496, 61: 0.011063523204725225, 62: 0.010682999911121868, 63: 0.009787568115231146, 64: 0.008873861809709213, 65: 0.009806391270650907, 66: 0.006299309316550695, 67: 0.005032198814056094, 68: 0.006996001403866587, 69: 0.008229542828741807, 70: 0.005476948162766543, 71: 0.004005966248519736, 72: 0.005886710681231229, 73: 0.014587236215499259, 74: 0.01194235151296234}","[57, 56, 56, 52, 52, 51, 51, 50, 50, 50, 50, 49, 48, 47, 47, 47, 46, 46, 46, 46, 45, 45, 45, 44, 44, 44, 44, 44, 44, 43, 43, 43, 43, 42, 42, 42, 41, 41, 41, 41, 41, 41, 41, 41, 40, 39, 39, 39, 39, 39, 39, 38, 38, 37, 37, 37, 37, 36, 36, 36, 36, 36, 35, 34, 34, 34, 33, 33, 33, 33, 33, 31, 31, 31, 29]","dict_values([27, 22, 25, 20, 23, 22, 29, 18, 25, 22, 21, 20, 24, 26, 17, 25, 19, 19, 20, 9, 11, 19, 24, 24, 20, 23, 22, 13, 28, 23, 14, 25, 16, 23, 36, 19, 21, 18, 23, 13, 26, 19, 17, 23, 11, 22, 18, 29, 27, 22, 25, 25, 24, 21, 23, 19, 19, 21, 17, 25, 19, 17, 22, 19, 11, 23, 26, 27, 23, 24, 22, 18, 26, 25, 25])",0.10610842332542571
36,41.68,0.2876925833250595,"{0: 0.01787465495666993, 1: 0.011089644062768179, 2: 0.01016080823172638, 3: 0.011974162939517002, 4: 0.011864139932429343, 5: 0.0093066139299016, 6: 0.011004606927781229, 7: 0.012963366496171113, 8: 0.006593105145137885, 9: 0.013848684293172077, 10: 0.014887858950745453, 11: 0.009923688213113195, 12: 0.009048628116389328, 13: 0.005294152554426528, 14: 0.012773359665643044, 15: 0.010859343309587583, 16: 0.004733516206118946, 17: 0.011829183379323824, 18: 0.008891680368193683, 19: 0.011439116327022084, 20: 0.012179354901957642, 21: 0.006128731598920235, 22: 0.013618671992153083, 23: 0.005944714821115085, 24: 0.013697109222210473, 25: 0.006490973761875981, 26: 0.012251983349676211, 27: 0.01573833854635794, 28: 0.009029273116678428, 29: 0.013114912538598904, 30: 0.007921097571758764, 31: 0.010547166445790887, 32: 0.00495601159825435, 33: 0.013086853022782244, 34: 0.0072368914607871425, 35: 0.007618761290921811, 36: 0.016046705121985434, 37: 0.004681179766796205, 38: 0.007271747083390919, 39: 0.008702692095665385, 40: 0.011177935611433407, 41: 0.009487270881924328, 42: 0.010117056695924286, 43: 0.008473275213541976, 44: 0.011664091649494751, 45: 0.00995664664846853, 46: 0.011407244390239194, 47: 0.008560958493317866, 48: 0.0054695946819234495, 49: 0.019317728265809967, 50: 0.0071290617944559116, 51: 0.010924158105079235, 52: 0.0086047550088646, 53: 0.008533914826798189, 54: 0.011744019398866375, 55: 0.009370841990705004, 56: 0.007316146772499329, 57: 0.0073140912858975955, 58: 0.01652384179680232, 59: 0.007945089780684698, 60: 0.008516340800702791, 61: 0.011103673511070307, 62: 0.010637646704176058, 63: 0.009794328116245926, 64: 0.008835388205660134, 65: 0.009846485823488162, 66: 0.006305870283880377, 67: 0.005021487470117607, 68: 0.007051524072054392, 69: 0.00824989076145768, 70: 0.005531500087269551, 71: 0.004100296976212873, 72: 0.005925276644454727, 73: 0.013987659030663593, 74: 0.011712802173977944}","[57, 56, 56, 52, 52, 51, 50, 50, 50, 50, 50, 50, 48, 47, 47, 47, 47, 46, 46, 46, 45, 45, 45, 44, 44, 44, 44, 44, 44, 43, 43, 43, 43, 42, 42, 42, 41, 41, 41, 41, 41, 41, 41, 41, 40, 39, 39, 39, 39, 39, 38, 38, 38, 37, 37, 37, 37, 37, 36, 36, 36, 36, 35, 34, 34, 34, 33, 33, 33, 33, 33, 31, 31, 31, 30]","dict_values([27, 22, 25, 20, 23, 22, 29, 18, 25, 22, 21, 20, 24, 26, 17, 25, 19, 19, 20, 9, 11, 19, 24, 24, 20, 23, 22, 13, 28, 23, 14, 25, 16, 23, 36, 19, 21, 18, 23, 13, 26, 19, 17, 23, 11, 22, 18, 29, 27, 22, 25, 25, 24, 21, 23, 19, 19, 21, 17, 25, 19, 17, 22, 19, 11, 23, 26, 27, 23, 24, 22, 18, 26, 25, 25])",0.1011736129275484
36,41.733333333333334,0.28877474012208787,"{0: 0.017772157346974723, 1: 0.011132976295608022, 2: 0.009884390281413991, 3: 0.012377005984750796, 4: 0.011424406062331447, 5: 0.009244358181121482, 6: 0.011032781600294193, 7: 0.012862872341841284, 8: 0.0065582224514597305, 9: 0.01512483373524662, 10: 0.01477450931039155, 11: 0.009945911364957025, 12: 0.008624236844852867, 13: 0.005204382326873566, 14: 0.012953537955942418, 15: 0.010872424290903012, 16: 0.004696848874931067, 17: 0.011601086510433812, 18: 0.008641131335015104, 19: 0.01126435943145255, 20: 0.012728205707657762, 21: 0.006133974959518877, 22: 0.013602227281600406, 23: 0.005829533658709696, 24: 0.014060964513101105, 25: 0.006489620216440476, 26: 0.012182770392154514, 27: 0.01627655249613949, 28: 0.009581800147905961, 29: 0.014060020022412979, 30: 0.007867140116545135, 31: 0.0107118535112699, 32: 0.004931051899222728, 33: 0.012403266440167952, 34: 0.007262817050903212, 35: 0.006897278370332819, 36: 0.016126941941455086, 37: 0.004526921391368668, 38: 0.007357886939523368, 39: 0.00881442520185587, 40: 0.011401407053122661, 41: 0.009785128745886046, 42: 0.010248480392199832, 43: 0.008359989695606135, 44: 0.011918252293957371, 45: 0.0093097837029, 46: 0.011453793687548626, 47: 0.008587541113634661, 48: 0.005492435802403246, 49: 0.019476332593985228, 50: 0.006940383829801592, 51: 0.01065837012713011, 52: 0.00867023446510387, 53: 0.008834724796970036, 54: 0.012190441874390182, 55: 0.009343212252180077, 56: 0.007191793664396404, 57: 0.007262514707748297, 58: 0.016625602599840996, 59: 0.008056603019273335, 60: 0.00854460603961593, 61: 0.011065615558518782, 62: 0.010029592781222764, 63: 0.010071626235650432, 64: 0.008341182263381661, 65: 0.009772285141571913, 66: 0.006333105990640236, 67: 0.0055125615112398005, 68: 0.006387421435409433, 69: 0.007669936011607991, 70: 0.005510302077414555, 71: 0.003825955344095254, 72: 0.005891245889231385, 73: 0.013746557889742992, 74: 0.011749555271702785}","[57, 56, 56, 53, 52, 51, 51, 51, 50, 50, 50, 50, 49, 48, 48, 47, 47, 47, 46, 46, 45, 45, 45, 45, 44, 44, 44, 44, 44, 43, 43, 43, 43, 42, 42, 42, 42, 42, 42, 41, 41, 41, 41, 40, 40, 39, 38, 38, 38, 38, 38, 38, 37, 37, 37, 37, 37, 37, 36, 36, 36, 35, 35, 34, 34, 34, 33, 33, 33, 33, 33, 32, 31, 31, 29]","dict_values([27, 22, 25, 20, 23, 22, 29, 18, 25, 22, 21, 20, 24, 26, 17, 25, 19, 19, 20, 9, 11, 19, 24, 24, 20, 23, 22, 13, 28, 23, 14, 25, 16, 23, 36, 19, 21, 18, 23, 13, 26, 19, 17, 23, 11, 22, 18, 29, 27, 22, 25, 25, 24, 21, 23, 19, 19, 21, 17, 25, 19, 17, 22, 19, 11, 23, 26, 27, 23, 24, 22, 18, 26, 25, 25])",0.0915465096101828
36,41.81333333333333,0.2893027257005295,"{0: 0.017785677964161393, 1: 0.011005227443093492, 2: 0.009216465936093262, 3: 0.01237176022537528, 4: 0.011564862381898673, 5: 0.008705692285570225, 6: 0.011118588006769882, 7: 0.013487131356511254, 8: 0.006500806914174069, 9: 0.014986681316772171, 10: 0.01470513261199279, 11: 0.009863250942805024, 12: 0.008678805621613828, 13: 0.005157025943900745, 14: 0.012772264529968703, 15: 0.010694953688686648, 16: 0.00469208071947798, 17: 0.012828064706618694, 18: 0.008568985534678965, 19: 0.011789760927979655, 20: 0.013483918278438825, 21: 0.006541158072181441, 22: 0.013021165273432722, 23: 0.005818753358160377, 24: 0.0141229673373606, 25: 0.006528468416788315, 26: 0.01225806122087, 27: 0.01573464334795087, 28: 0.0096983138899605, 29: 0.013795478620214487, 30: 0.007956231729609353, 31: 0.010671958524488859, 32: 0.005214237560791284, 33: 0.012517425841785008, 34: 0.00732037105846252, 35: 0.006772049129247785, 36: 0.01658318820249587, 37: 0.004539997089375873, 38: 0.007802647252704736, 39: 0.007679074068152039, 40: 0.011432115511829783, 41: 0.009660112796445585, 42: 0.01010091785948691, 43: 0.00850107732768151, 44: 0.012263368478114649, 45: 0.009273801408314295, 46: 0.011463720774800878, 47: 0.008533623366347345, 48: 0.005978458377466917, 49: 0.019244943041020767, 50: 0.00689741032792398, 51: 0.010761172429897787, 52: 0.00865312520141926, 53: 0.008773189547078621, 54: 0.012402241538638592, 55: 0.009306128824685692, 56: 0.007607384545019729, 57: 0.0077501581414324925, 58: 0.016693874317749637, 59: 0.007775234852419385, 60: 0.0084672528779815, 61: 0.01053105327944568, 62: 0.010060128815724193, 63: 0.009970092626546526, 64: 0.0077615708605991, 65: 0.009295148534298319, 66: 0.006214776933955017, 67: 0.005483233399719908, 68: 0.006402851017743424, 69: 0.007641305814324284, 70: 0.0056601891486488054, 71: 0.004028592639312605, 72: 0.005910051387488937, 73: 0.012874278542026323, 74: 0.01142988227411209}","[57, 57, 56, 52, 52, 51, 51, 51, 51, 50, 50, 50, 49, 49, 48, 47, 47, 47, 46, 46, 46, 45, 45, 45, 45, 44, 44, 44, 44, 43, 43, 43, 42, 42, 42, 42, 42, 42, 42, 41, 41, 41, 40, 40, 39, 39, 38, 38, 38, 38, 38, 38, 37, 37, 37, 37, 37, 37, 37, 36, 36, 36, 35, 34, 34, 34, 34, 34, 33, 33, 33, 32, 31, 31, 30]","dict_values([27, 22, 25, 20, 23, 22, 29, 18, 25, 22, 21, 20, 24, 26, 17, 25, 19, 19, 20, 9, 11, 19, 24, 24, 20, 23, 22, 13, 28, 23, 14, 25, 16, 23, 36, 19, 21, 18, 23, 13, 26, 19, 17, 23, 11, 22, 18, 29, 27, 22, 25, 25, 24, 21, 23, 19, 19, 21, 17, 25, 19, 17, 22, 19, 11, 23, 26, 27, 23, 24, 22, 18, 26, 25, 25])",0.09735445517492712
36,41.946666666666665,0.289208967676775,"{0: 0.017511409008454864, 1: 0.011064500910369967, 2: 0.009107941762247915, 3: 0.012966115324595986, 4: 0.011430418093744874, 5: 0.00866770245538136, 6: 0.011023970469545797, 7: 0.01340075549044555, 8: 0.006437039294918812, 9: 0.014060546509851378, 10: 0.013880342933882291, 11: 0.009387396709922051, 12: 0.008560051466396221, 13: 0.005488937714668157, 14: 0.012628463879772943, 15: 0.010692446829982974, 16: 0.004621707018967294, 17: 0.013173266338333189, 18: 0.008037592315436567, 19: 0.011799613912055675, 20: 0.013423036727278887, 21: 0.006409296813020524, 22: 0.012803662514948147, 23: 0.005531886124747623, 24: 0.013093245113548735, 25: 0.006480003233865535, 26: 0.012229252144728685, 27: 0.015271092624774645, 28: 0.010170585557103554, 29: 0.013688230973873975, 30: 0.009538993904069225, 31: 0.010521881631699826, 32: 0.005155541360441997, 33: 0.011960754861705163, 34: 0.007577285501405289, 35: 0.0067183578790232104, 36: 0.016242789061386872, 37: 0.004509470477847044, 38: 0.008011860517267872, 39: 0.007596399224168277, 40: 0.011477352971751491, 41: 0.009583974090875979, 42: 0.00998229816090948, 43: 0.008847716886649835, 44: 0.012381798525083336, 45: 0.009527739186411512, 46: 0.011636313840002348, 47: 0.00844413817229746, 48: 0.005815466025015257, 49: 0.018980708307472165, 50: 0.007128515099951997, 51: 0.010730472325511485, 52: 0.008526002270376165, 53: 0.009157050913199806, 54: 0.01238092494247067, 55: 0.010453028707546342, 56: 0.007995165394518838, 57: 0.007701473735682108, 58: 0.01653677492367835, 59: 0.008314514739208632, 60: 0.00830391865361761, 61: 0.010102964608111558, 62: 0.01024939737613929, 63: 0.009799874135875183, 64: 0.007255219325574178, 65: 0.009225169342507736, 66: 0.00617348631047261, 67: 0.005564053339979425, 68: 0.007075331926719499, 69: 0.008109456546214028, 70: 0.005622561605026133, 71: 0.0037919565571364355, 72: 0.006449511260602733, 73: 0.012770019828897083, 74: 0.011276899688112286}","[57, 56, 56, 52, 52, 51, 50, 50, 50, 50, 49, 49, 49, 49, 48, 48, 47, 47, 46, 46, 46, 46, 46, 45, 45, 44, 44, 44, 44, 44, 43, 43, 43, 43, 42, 42, 42, 42, 42, 42, 41, 41, 41, 40, 40, 40, 39, 39, 38, 38, 38, 38, 38, 38, 38, 37, 37, 37, 37, 37, 36, 36, 35, 34, 34, 34, 34, 34, 33, 33, 33, 32, 32, 31, 29]","dict_values([27, 22, 25, 20, 23, 22, 29, 18, 25, 22, 21, 20, 24, 26, 17, 25, 19, 19, 20, 9, 11, 19, 24, 24, 20, 23, 22, 13, 28, 23, 14, 25, 16, 23, 36, 19, 21, 18, 23, 13, 26, 19, 17, 23, 11, 22, 18, 29, 27, 22, 25, 25, 24, 21, 23, 19, 19, 21, 17, 25, 19, 17, 22, 19, 11, 23, 26, 27, 23, 24, 22, 18, 26, 25, 25])",0.09576454869178673
36,41.946666666666665,0.28908455478195855,"{0: 0.017524931234627786, 1: 0.010597672379072108, 2: 0.009208559783494661, 3: 0.01304914924670433, 4: 0.011471618118813238, 5: 0.008855378251480353, 6: 0.0110528517995311, 7: 0.01311934827941596, 8: 0.005962042193902451, 9: 0.014068514601673741, 10: 0.013458449693559858, 11: 0.009478485284362395, 12: 0.008912095276768587, 13: 0.005633220173140339, 14: 0.012511006756333378, 15: 0.01084226998433261, 16: 0.00460159645164017, 17: 0.013751844794278788, 18: 0.007785839066418263, 19: 0.011930059633634348, 20: 0.014006755820150521, 21: 0.006633292716496036, 22: 0.01266394286081943, 23: 0.005731363829262381, 24: 0.01308686599423284, 25: 0.006489120931699636, 26: 0.01254027951055057, 27: 0.014517258819272344, 28: 0.010086661155884325, 29: 0.013792864783819993, 30: 0.009511532308957389, 31: 0.009909900131044844, 32: 0.005183770688868551, 33: 0.012047104669002167, 34: 0.007594250904880259, 35: 0.007240678730572092, 36: 0.01542658606189766, 37: 0.0044689321667607885, 38: 0.007800487703155332, 39: 0.007527077397310008, 40: 0.011499288797495044, 41: 0.009572148395241701, 42: 0.009892173336476611, 43: 0.008452778623743048, 44: 0.012412850454713032, 45: 0.009910035855175458, 46: 0.01212745517018477, 47: 0.00784548813325479, 48: 0.005736305741104172, 49: 0.01949889746750248, 50: 0.007172597028887896, 51: 0.011713409416217978, 52: 0.008534698838236748, 53: 0.00914892167617179, 54: 0.01227182072602326, 55: 0.009929199416593763, 56: 0.00758233493078143, 57: 0.008190954388107463, 58: 0.017226525500653685, 59: 0.008539226281459901, 60: 0.008460352381834024, 61: 0.010028662959995719, 62: 0.010283639507139225, 63: 0.009737100035919322, 64: 0.007228793444389154, 65: 0.009289322979059293, 66: 0.006108342559704448, 67: 0.005522858681868053, 68: 0.007038874376477485, 69: 0.007782547326846243, 70: 0.005762354516979272, 71: 0.0038159182579520817, 72: 0.006481803615536125, 73: 0.012805342314452375, 74: 0.011123760955896905}","[58, 56, 55, 53, 51, 51, 50, 50, 50, 50, 49, 49, 49, 49, 49, 48, 48, 48, 47, 47, 46, 46, 45, 45, 45, 44, 44, 44, 44, 44, 43, 43, 42, 42, 42, 42, 42, 42, 42, 41, 41, 41, 40, 40, 40, 39, 39, 39, 39, 39, 38, 38, 38, 38, 38, 37, 37, 37, 37, 37, 36, 36, 35, 34, 34, 34, 34, 33, 33, 33, 33, 32, 32, 31, 29]","dict_values([27, 22, 25, 20, 23, 22, 29, 18, 25, 22, 21, 20, 24, 26, 17, 25, 19, 19, 20, 9, 11, 19, 24, 24, 20, 23, 22, 13, 28, 23, 14, 25, 16, 23, 36, 19, 21, 18, 23, 13, 26, 19, 17, 23, 11, 22, 18, 29, 27, 22, 25, 25, 24, 21, 23, 19, 19, 21, 17, 25, 19, 17, 22, 19, 11, 23, 26, 27, 23, 24, 22, 18, 26, 25, 25])",0.09523107072664949
36,41.946666666666665,0.28969767292726,"{0: 0.01754241986648303, 1: 0.010573072287906904, 2: 0.00918363561391812, 3: 0.013087704762354846, 4: 0.011480620919032616, 5: 0.008740743498787637, 6: 0.011289766006750565, 7: 0.013036759723702798, 8: 0.005995626633694406, 9: 0.014474818481158409, 10: 0.013376658829975342, 11: 0.009409370366309346, 12: 0.008940700219580348, 13: 0.005807967098312242, 14: 0.012561807944516227, 15: 0.010500406696214125, 16: 0.0043303877478354765, 17: 0.014541141294222511, 18: 0.007805604884534668, 19: 0.011319613306199478, 20: 0.013374386725143756, 21: 0.006783625182147173, 22: 0.012588809763050953, 23: 0.005573682484280898, 24: 0.012188665398190145, 25: 0.006339274065249262, 26: 0.011939884675020957, 27: 0.014493669968275811, 28: 0.009606473755310102, 29: 0.014065576420963974, 30: 0.01006317696026951, 31: 0.009349241771618813, 32: 0.004700043115570842, 33: 0.011601053590332923, 34: 0.007543685104733348, 35: 0.007150920404699873, 36: 0.015864434015118948, 37: 0.004436813987018759, 38: 0.007730138552056361, 39: 0.007520509229540573, 40: 0.011552717183600196, 41: 0.009458205678725379, 42: 0.010165379071994508, 43: 0.008550201579221046, 44: 0.012008343686425877, 45: 0.009907644527821027, 46: 0.012790423078517982, 47: 0.00777856065128253, 48: 0.005759552847902785, 49: 0.019153880145549123, 50: 0.007037512829653904, 51: 0.011762483166592758, 52: 0.008520063300565704, 53: 0.009455279013414666, 54: 0.013159224974293464, 55: 0.009858312071982457, 56: 0.008337266465981897, 57: 0.008468361745190084, 58: 0.01871392223843174, 59: 0.008636799808614232, 60: 0.00835707888409841, 61: 0.010287353085713142, 62: 0.010189654359777749, 63: 0.009741665465413808, 64: 0.007803020511267772, 65: 0.009503323144534986, 66: 0.006537567261812612, 67: 0.005467597833117378, 68: 0.00682742007320754, 69: 0.007704479735998385, 70: 0.005551705987323878, 71: 0.003286146165740317, 72: 0.0061234287979264924, 73: 0.012177713102631861, 74: 0.010885031208543039}","[57, 56, 55, 55, 51, 51, 51, 50, 50, 50, 49, 49, 49, 48, 48, 48, 48, 48, 47, 46, 46, 45, 45, 45, 44, 44, 44, 44, 43, 43, 43, 43, 43, 43, 43, 42, 42, 42, 42, 42, 42, 41, 40, 40, 40, 40, 39, 39, 39, 39, 38, 38, 38, 38, 38, 38, 38, 37, 37, 37, 36, 36, 35, 34, 34, 34, 33, 33, 33, 33, 33, 32, 32, 31, 27]","dict_values([27, 22, 25, 20, 23, 22, 29, 18, 25, 22, 21, 20, 24, 26, 17, 25, 19, 19, 20, 9, 11, 19, 24, 24, 20, 23, 22, 13, 28, 23, 14, 25, 16, 23, 36, 19, 21, 18, 23, 13, 26, 19, 17, 23, 11, 22, 18, 29, 27, 22, 25, 25, 24, 21, 23, 19, 19, 21, 17, 25, 19, 17, 22, 19, 11, 23, 26, 27, 23, 24, 22, 18, 26, 25, 25])",0.09694668736453402
36,42.026666666666664,0.2899576131097617,"{0: 0.01754179032738706, 1: 0.010297652814829115, 2: 0.00922490723723691, 3: 0.01235271759050618, 4: 0.011499672565030261, 5: 0.008560363103159092, 6: 0.011210273884344066, 7: 0.013061800699624716, 8: 0.005902008941392502, 9: 0.01435235537839504, 10: 0.013899551924515877, 11: 0.009513748530400677, 12: 0.009339706592000277, 13: 0.0056702251494763194, 14: 0.012612357490137576, 15: 0.01060312159029528, 16: 0.00450110633455104, 17: 0.01482590797074323, 18: 0.007883321759097048, 19: 0.011979839383791956, 20: 0.012902283064954301, 21: 0.006593847989395934, 22: 0.012575186955890202, 23: 0.005561560698547001, 24: 0.011509426305953488, 25: 0.0062420851356754245, 26: 0.012193630050064042, 27: 0.014646253827992619, 28: 0.009172727485446225, 29: 0.01404702648261901, 30: 0.010114590639486115, 31: 0.009245945621900748, 32: 0.004688614059891606, 33: 0.011649426746132176, 34: 0.007793211074179585, 35: 0.00705922572694445, 36: 0.015771955669215944, 37: 0.004438413156274733, 38: 0.007764458148248395, 39: 0.007447725024952303, 40: 0.011648806945173243, 41: 0.009200512209802865, 42: 0.010302776405791284, 43: 0.00853994913444064, 44: 0.012791800996877552, 45: 0.010227559011493864, 46: 0.012593333452014539, 47: 0.007727906463747933, 48: 0.005289732342931217, 49: 0.018678723846258738, 50: 0.007265136855545193, 51: 0.012173821572545016, 52: 0.008567023295233922, 53: 0.009380109370036848, 54: 0.014024836393257446, 55: 0.010267025091384238, 56: 0.007747382080354812, 57: 0.008518557237560526, 58: 0.019259591930640724, 59: 0.008700410659896317, 60: 0.007943705398152746, 61: 0.010182690874759157, 62: 0.01003335927558358, 63: 0.009707823983102078, 64: 0.007259520201084516, 65: 0.009613912325664666, 66: 0.006553800967180613, 67: 0.005460908879178961, 68: 0.007152062544302514, 69: 0.007718805767649155, 70: 0.005512989627953754, 71: 0.0032667120560395196, 72: 0.006393617444286784, 73: 0.011523850929658115, 74: 0.010581199085743639}","[57, 56, 56, 55, 51, 51, 51, 50, 50, 50, 50, 49, 49, 49, 49, 48, 48, 47, 47, 47, 46, 45, 45, 45, 45, 45, 44, 44, 43, 43, 43, 43, 43, 43, 42, 42, 42, 42, 42, 42, 42, 41, 40, 40, 40, 40, 39, 39, 39, 39, 38, 38, 38, 38, 38, 38, 38, 37, 37, 37, 36, 36, 35, 34, 34, 34, 33, 33, 33, 33, 33, 33, 32, 31, 27]","dict_values([27, 22, 25, 20, 23, 22, 29, 18, 25, 22, 21, 20, 24, 26, 17, 25, 19, 19, 20, 9, 11, 19, 24, 24, 20, 23, 22, 13, 28, 23, 14, 25, 16, 23, 36, 19, 21, 18, 23, 13, 26, 19, 17, 23, 11, 22, 18, 29, 27, 22, 25, 25, 24, 21, 23, 19, 19, 21, 17, 25, 19, 17, 22, 19, 11, 23, 26, 27, 23, 24, 22, 18, 26, 25, 25])",0.09524127779638744
36,41.973333333333336,0.2898678587819905,"{0: 0.018079753835733108, 1: 0.01084426189780646, 2: 0.00915414033649069, 3: 0.012307755266452709, 4: 0.011507599873642034, 5: 0.0077317481794061905, 6: 0.011180698133605395, 7: 0.013128785688037313, 8: 0.005592569021023209, 9: 0.014496663933799234, 10: 0.013852215693879934, 11: 0.009527059999772438, 12: 0.009337156426920094, 13: 0.005614388871528961, 14: 0.012769464994673742, 15: 0.010165288926981706, 16: 0.004233004937041306, 17: 0.015028669328962026, 18: 0.007779669495882255, 19: 0.012501461000281875, 20: 0.012350128395013269, 21: 0.006726297266591642, 22: 0.012740966087999185, 23: 0.005725324630162869, 24: 0.011744678357946327, 25: 0.006209011365324127, 26: 0.011624818611955265, 27: 0.015028719086401883, 28: 0.008761659783891438, 29: 0.014190566404454376, 30: 0.00908910858245677, 31: 0.009189949737268718, 32: 0.004670699440810196, 33: 0.011701506411503498, 34: 0.007608453252295827, 35: 0.007193855442684873, 36: 0.01577975749749362, 37: 0.004513679763657425, 38: 0.007610588382389251, 39: 0.007527513770244449, 40: 0.011304614313461666, 41: 0.009143690907389538, 42: 0.010264427398030858, 43: 0.008564047100664083, 44: 0.013306133290125777, 45: 0.010128152608514728, 46: 0.012675593820233996, 47: 0.007742076240251022, 48: 0.005243308891812583, 49: 0.01848959650798694, 50: 0.007904452297149176, 51: 0.012008661749821356, 52: 0.008703621506654555, 53: 0.009379991566813859, 54: 0.014091499536705014, 55: 0.01042906736399887, 56: 0.007822018285128003, 57: 0.008101271519964297, 58: 0.019214917135687133, 59: 0.009041739734937384, 60: 0.007913102368117517, 61: 0.009742064151821026, 62: 0.01004189669118031, 63: 0.010090933730001644, 64: 0.0071536053571051575, 65: 0.009521306756988774, 66: 0.006684795516712033, 67: 0.00548654689324003, 68: 0.007812105464918734, 69: 0.007680384609766081, 70: 0.005505612221047842, 71: 0.0032794443334373384, 72: 0.00675927466510352, 73: 0.011535561828772823, 74: 0.01065993993346864}","[57, 57, 56, 55, 52, 51, 51, 51, 50, 50, 50, 49, 49, 49, 48, 48, 48, 47, 46, 46, 46, 46, 45, 45, 44, 44, 44, 44, 43, 43, 43, 43, 43, 42, 42, 42, 42, 42, 42, 42, 42, 40, 40, 40, 40, 39, 39, 39, 39, 39, 38, 38, 38, 38, 38, 38, 38, 37, 37, 37, 37, 36, 35, 34, 34, 34, 33, 33, 33, 33, 33, 32, 32, 31, 27]","dict_values([27, 22, 25, 20, 23, 22, 29, 18, 25, 22, 21, 20, 24, 26, 17, 25, 19, 19, 20, 9, 11, 19, 24, 24, 20, 23, 22, 13, 28, 23, 14, 25, 16, 23, 36, 19, 21, 18, 23, 13, 26, 19, 17, 23, 11, 22, 18, 29, 27, 22, 25, 25, 24, 21, 23, 19, 19, 21, 17, 25, 19, 17, 22, 19, 11, 23, 26, 27, 23, 24, 22, 18, 26, 25, 25])",0.0971048760916352
36,41.89333333333333,0.2901869484482936,"{0: 0.018202942810562325, 1: 0.011489212452361041, 2: 0.00853241901171514, 3: 0.012534251044676892, 4: 0.011549291065943997, 5: 0.008148341488213301, 6: 0.011576103711693724, 7: 0.0129071688218838, 8: 0.005460399387313904, 9: 0.014879377615135006, 10: 0.014378119428288498, 11: 0.009207409289159179, 12: 0.009046643653734464, 13: 0.005711834872241412, 14: 0.01286801332282312, 15: 0.010598837929094036, 16: 0.0043063038027051324, 17: 0.015077278839895332, 18: 0.0073183898525250755, 19: 0.01244164208038186, 20: 0.01188990670825096, 21: 0.006801263179315591, 22: 0.012864363553597687, 23: 0.005456475657680292, 24: 0.011269267670787344, 25: 0.006046481574175489, 26: 0.01194977382892987, 27: 0.015013087457941067, 28: 0.008765207389471279, 29: 0.015117388908434573, 30: 0.00892418863526614, 31: 0.009472328883593614, 32: 0.0044021149351544855, 33: 0.010739301990394969, 34: 0.007063544249921429, 35: 0.007086142085062241, 36: 0.01591029736179398, 37: 0.004438156903564269, 38: 0.006947401166744294, 39: 0.007620056829071412, 40: 0.011292597006371446, 41: 0.009868161474436329, 42: 0.010346922392358597, 43: 0.008441239451286576, 44: 0.014129703672100005, 45: 0.010160086638131526, 46: 0.013527830168634613, 47: 0.007256301424661865, 48: 0.0052077460850444, 49: 0.01849733056229865, 50: 0.008072103852427976, 51: 0.012206497102652647, 52: 0.008227973129450353, 53: 0.009579529509699057, 54: 0.013062948905856549, 55: 0.010349328777300496, 56: 0.008014563962761945, 57: 0.007694583998025047, 58: 0.019417626316437935, 59: 0.00953391623943695, 60: 0.008040582635413676, 61: 0.01055089803158851, 62: 0.010284746085866558, 63: 0.009690702597386684, 64: 0.006416068127582095, 65: 0.009232864512024536, 66: 0.007229072663747637, 67: 0.005418780128622592, 68: 0.007771100887203023, 69: 0.008271047028926743, 70: 0.00541499104002104, 71: 0.003203580317121649, 72: 0.006699801501959084, 73: 0.011287764997808598, 74: 0.010946073476171136}","[57, 57, 56, 55, 52, 52, 52, 51, 51, 50, 50, 49, 49, 49, 49, 47, 47, 47, 46, 46, 46, 45, 45, 45, 45, 45, 44, 44, 44, 44, 43, 43, 43, 43, 43, 42, 42, 42, 42, 41, 41, 40, 40, 39, 39, 39, 39, 39, 39, 39, 38, 38, 38, 38, 37, 37, 37, 37, 36, 36, 36, 36, 35, 35, 33, 33, 33, 33, 33, 32, 32, 32, 32, 31, 27]","dict_values([27, 22, 25, 20, 23, 22, 29, 18, 25, 22, 21, 20, 24, 26, 17, 25, 19, 19, 20, 9, 11, 19, 24, 24, 20, 23, 22, 13, 28, 23, 14, 25, 16, 23, 36, 19, 21, 18, 23, 13, 26, 19, 17, 23, 11, 22, 18, 29, 27, 22, 25, 25, 24, 21, 23, 19, 19, 21, 17, 25, 19, 17, 22, 19, 11, 23, 26, 27, 23, 24, 22, 18, 26, 25, 25])",0.09913652163801169
36,41.89333333333333,0.29072454589059193,"{0: 0.018068525172601813, 1: 0.012745603649925125, 2: 0.008432005166612612, 3: 0.012679092375821594, 4: 0.011090277358310283, 5: 0.008130370235755018, 6: 0.011563651847323744, 7: 0.012653065678103169, 8: 0.00553632330928866, 9: 0.01471411197674767, 10: 0.013480082441605408, 11: 0.009328068150117044, 12: 0.009053646486987747, 13: 0.00573018858432777, 14: 0.0134825653519309, 15: 0.010511546729121782, 16: 0.004297428970592994, 17: 0.014746821582659013, 18: 0.006882790377112919, 19: 0.012594170262269949, 20: 0.011938011081846701, 21: 0.006557910148764299, 22: 0.012863937505257179, 23: 0.005564307686798928, 24: 0.01144408073965387, 25: 0.005300294476308171, 26: 0.011458596235813794, 27: 0.015085921628045174, 28: 0.008799362195117314, 29: 0.015285968371990368, 30: 0.008998218812304726, 31: 0.009383851386850729, 32: 0.004454176922376531, 33: 0.010673540248623709, 34: 0.006993799570163051, 35: 0.007268136221114947, 36: 0.015795348199380183, 37: 0.00425613896114647, 38: 0.006944991757636805, 39: 0.00718098385441057, 40: 0.011246758598278646, 41: 0.010198722195830227, 42: 0.009993363993742147, 43: 0.008360294705979135, 44: 0.014042026387059698, 45: 0.010712349406671417, 46: 0.013534690305931631, 47: 0.006676859525125071, 48: 0.005701121530064649, 49: 0.018668824079854547, 50: 0.007671462271025702, 51: 0.012102672314236526, 52: 0.008638291609385519, 53: 0.009751991978306517, 54: 0.013352637446110453, 55: 0.010181731825297458, 56: 0.007823225767353788, 57: 0.007821762161024504, 58: 0.020219016041100706, 59: 0.009330298643053904, 60: 0.007720797137937569, 61: 0.010518395537867016, 62: 0.01040468458944243, 63: 0.0096981484769091, 64: 0.006821858066075316, 65: 0.009200316406219529, 66: 0.007282500458836904, 67: 0.006079196628143045, 68: 0.007858325112163913, 69: 0.008352304680124323, 70: 0.005449676356572467, 71: 0.0031175894474560917, 72: 0.006648527105469162, 73: 0.011160100389498025, 74: 0.011232477884821663}","[57, 57, 57, 55, 52, 52, 52, 51, 51, 51, 49, 49, 49, 49, 49, 47, 47, 46, 46, 46, 46, 46, 46, 45, 45, 45, 45, 44, 44, 44, 44, 44, 43, 42, 42, 42, 42, 42, 42, 41, 41, 40, 40, 39, 39, 39, 39, 39, 38, 38, 38, 38, 38, 37, 37, 37, 37, 37, 36, 36, 36, 35, 35, 35, 34, 34, 33, 33, 33, 32, 32, 32, 32, 30, 27]","dict_values([27, 22, 25, 20, 23, 22, 29, 18, 25, 22, 21, 20, 24, 26, 17, 25, 19, 19, 20, 9, 11, 19, 24, 24, 20, 23, 22, 13, 28, 23, 14, 25, 16, 23, 36, 19, 21, 18, 23, 13, 26, 19, 17, 23, 11, 22, 18, 29, 27, 22, 25, 25, 24, 21, 23, 19, 19, 21, 17, 25, 19, 17, 22, 19, 11, 23, 26, 27, 23, 24, 22, 18, 26, 25, 25])",0.0983415591556218
36,41.733333333333334,0.2903434380941445,"{0: 0.01821586564961617, 1: 0.01246561548139085, 2: 0.00858903542787816, 3: 0.012777909774510689, 4: 0.010864477242726479, 5: 0.008103342204410082, 6: 0.011767708018955735, 7: 0.012553965151121917, 8: 0.005154019989069443, 9: 0.014775894014382705, 10: 0.013716997659343717, 11: 0.01003280680752514, 12: 0.009039083917246884, 13: 0.005758539071702116, 14: 0.01291801439674373, 15: 0.010976511729035162, 16: 0.004250462857227011, 17: 0.014816192301681439, 18: 0.006874955371329554, 19: 0.013028607567762567, 20: 0.012286146532721875, 21: 0.006554792045715041, 22: 0.01276005568814976, 23: 0.005399083838239529, 24: 0.011624452148654192, 25: 0.005317354035229362, 26: 0.011280642814715375, 27: 0.014444378108271682, 28: 0.008896145006756732, 29: 0.015125980146286423, 30: 0.008626143182563502, 31: 0.009507336744156695, 32: 0.004519603443282504, 33: 0.010173037536526847, 34: 0.007064374774746596, 35: 0.007375144031783872, 36: 0.015904168221967687, 37: 0.004213266189989128, 38: 0.006919056402341098, 39: 0.0066676375690563556, 40: 0.011187684201137839, 41: 0.009507474711279832, 42: 0.010350470126811047, 43: 0.008183307120357355, 44: 0.01291630896035762, 45: 0.01073638353460133, 46: 0.013958221999350177, 47: 0.006792505232337974, 48: 0.005237806744640609, 49: 0.019516126410798255, 50: 0.0071086493816316385, 51: 0.013012393510638112, 52: 0.008520845584456916, 53: 0.009800607670727678, 54: 0.013620846231696989, 55: 0.010276527885846185, 56: 0.008519176895505057, 57: 0.007204989533962961, 58: 0.020435761544204744, 59: 0.00974970590338372, 60: 0.007890437693435679, 61: 0.01152618206183885, 62: 0.011055628101730648, 63: 0.010078341016879223, 64: 0.006821788197231002, 65: 0.009361549430042578, 66: 0.007249194459016352, 67: 0.00569843355472172, 68: 0.007559134085102259, 69: 0.007997177610194254, 70: 0.005179032723064034, 71: 0.0031287208880163868, 72: 0.006250648425443391, 73: 0.01123391045996261, 74: 0.011461718905932625}","[58, 57, 57, 55, 52, 52, 51, 51, 51, 50, 50, 49, 49, 48, 48, 47, 47, 46, 46, 46, 46, 46, 46, 46, 45, 45, 45, 44, 44, 44, 43, 43, 43, 43, 42, 42, 42, 42, 42, 41, 41, 41, 40, 39, 39, 39, 38, 38, 38, 38, 38, 38, 37, 37, 37, 37, 37, 36, 36, 36, 35, 35, 34, 34, 33, 33, 33, 32, 32, 32, 32, 32, 32, 30, 27]","dict_values([27, 22, 25, 20, 23, 22, 29, 18, 25, 22, 21, 20, 24, 26, 17, 25, 19, 19, 20, 9, 11, 19, 24, 24, 20, 23, 22, 13, 28, 23, 14, 25, 16, 23, 36, 19, 21, 18, 23, 13, 26, 19, 17, 23, 11, 22, 18, 29, 27, 22, 25, 25, 24, 21, 23, 19, 19, 21, 17, 25, 19, 17, 22, 19, 11, 23, 26, 27, 23, 24, 22, 18, 26, 25, 25])",0.10300727781236922
36,41.653333333333336,0.289759772590341,"{0: 0.018041452736387856, 1: 0.012608841030049658, 2: 0.008135174404192454, 3: 0.012907759078460939, 4: 0.010897795037021357, 5: 0.008069916195109314, 6: 0.012625989052846556, 7: 0.011870076318882155, 8: 0.004620963835826238, 9: 0.01374227677519272, 10: 0.013805745425247947, 11: 0.009165012467360805, 12: 0.008321242769269982, 13: 0.0057569644944872765, 14: 0.013023928836737562, 15: 0.011044124445350113, 16: 0.004098903666315346, 17: 0.015606288339705782, 18: 0.007048643809298678, 19: 0.012911411661853773, 20: 0.011958196132673423, 21: 0.0063289414722363544, 22: 0.012624990397391922, 23: 0.005461079019233201, 24: 0.011951134800982956, 25: 0.005321197582681286, 26: 0.010794809233533724, 27: 0.01461534034048692, 28: 0.009049765676027392, 29: 0.015096397094050546, 30: 0.008568285904418636, 31: 0.009381305697712783, 32: 0.004510991294516889, 33: 0.010231319412555893, 34: 0.00718144371989795, 35: 0.007295424946573367, 36: 0.016471750096646726, 37: 0.004303203129034832, 38: 0.007013293350712241, 39: 0.007363464202157683, 40: 0.010571618130933842, 41: 0.009425802703348238, 42: 0.010323352528433184, 43: 0.008175342728334799, 44: 0.012432716122512004, 45: 0.010406955942557344, 46: 0.014229945655966905, 47: 0.006799265454781368, 48: 0.00526147287657227, 49: 0.019670160098275876, 50: 0.007403403575517525, 51: 0.012572741878854588, 52: 0.008712118175494762, 53: 0.009905040137572412, 54: 0.013425824489545062, 55: 0.010361242294609746, 56: 0.008566004064211815, 57: 0.007628246493414047, 58: 0.020056185229892224, 59: 0.010560132435132435, 60: 0.006896674845284892, 61: 0.011489321481244534, 62: 0.011060211711802728, 63: 0.01009322446713012, 64: 0.007187091753857398, 65: 0.01008840660645687, 66: 0.007685055444449396, 67: 0.0057546411998466804, 68: 0.008280375056764109, 69: 0.008158399191716435, 70: 0.005224155853783513, 71: 0.003149598801639358, 72: 0.006384643117957569, 73: 0.011148216055523416, 74: 0.012109413275031126}","[58, 57, 56, 56, 52, 51, 50, 50, 50, 50, 50, 49, 49, 48, 47, 47, 47, 46, 46, 46, 46, 46, 46, 45, 45, 45, 44, 44, 44, 44, 43, 43, 43, 43, 43, 43, 42, 42, 42, 42, 41, 41, 40, 40, 39, 39, 38, 38, 38, 38, 38, 38, 37, 37, 37, 36, 36, 36, 36, 36, 35, 35, 35, 34, 33, 33, 33, 32, 32, 32, 32, 31, 31, 30, 27]","dict_values([27, 22, 25, 20, 23, 22, 29, 18, 25, 22, 21, 20, 24, 26, 17, 25, 19, 19, 20, 9, 11, 19, 24, 24, 20, 23, 22, 13, 28, 23, 14, 25, 16, 23, 36, 19, 21, 18, 23, 13, 26, 19, 17, 23, 11, 22, 18, 29, 27, 22, 25, 25, 24, 21, 23, 19, 19, 21, 17, 25, 19, 17, 22, 19, 11, 23, 26, 27, 23, 24, 22, 18, 26, 25, 25])",0.10314143035374393
36,41.81333333333333,0.290706115868296,"{0: 0.01755315226576559, 1: 0.012406925417353689, 2: 0.008605161549361898, 3: 0.012730553239234017, 4: 0.010599410517039018, 5: 0.008054197965956396, 6: 0.012383280715318908, 7: 0.012537306561958476, 8: 0.004741795773867197, 9: 0.013636818767497077, 10: 0.013737170503592732, 11: 0.008945845950363584, 12: 0.008537166671447651, 13: 0.005316265488227016, 14: 0.01294517663100971, 15: 0.010457524349423738, 16: 0.00420186202537579, 17: 0.01560368848101122, 18: 0.007531421037250878, 19: 0.01267184780681611, 20: 0.011691804200180147, 21: 0.006322700934683912, 22: 0.012625945234281509, 23: 0.005347841392030733, 24: 0.01191056484815359, 25: 0.005944480797390202, 26: 0.010753649916794773, 27: 0.014640099258905045, 28: 0.009452506077920834, 29: 0.01407528519610597, 30: 0.00854685665195319, 31: 0.009260640338933495, 32: 0.004482859787872801, 33: 0.00986319726160794, 34: 0.0072127248523261855, 35: 0.0071953932003113695, 36: 0.015936162856040065, 37: 0.004284081595725431, 38: 0.0072135832409805, 39: 0.007214980675511868, 40: 0.009776807549522844, 41: 0.009353307495621702, 42: 0.011181873754660055, 43: 0.007809774348479743, 44: 0.013743484006778984, 45: 0.010596155049439017, 46: 0.014437748095633045, 47: 0.006285944117949165, 48: 0.005115986259028537, 49: 0.019837289919998547, 50: 0.007651227145699684, 51: 0.012601524585929573, 52: 0.008519802689569355, 53: 0.010500523692172376, 54: 0.01364788153172961, 55: 0.01021058845576222, 56: 0.008345889293808653, 57: 0.007456912140327601, 58: 0.019655272661719875, 59: 0.010890023130151407, 60: 0.0068544982297798875, 61: 0.011446605024032538, 62: 0.010421146168609655, 63: 0.01006608857294098, 64: 0.007135748678216953, 65: 0.011077756747072225, 66: 0.008156159429658234, 67: 0.005649193472510967, 68: 0.008129946533159522, 69: 0.007944109364891917, 70: 0.0053042473298495945, 71: 0.0031503910662842496, 72: 0.006284881942538921, 73: 0.01200086687683615, 74: 0.011129325377843478}","[58, 57, 56, 55, 53, 52, 51, 51, 50, 50, 50, 49, 49, 47, 47, 47, 47, 47, 46, 46, 46, 45, 45, 45, 45, 45, 44, 44, 44, 44, 44, 44, 43, 43, 43, 43, 43, 43, 43, 42, 41, 41, 40, 40, 39, 39, 39, 38, 38, 38, 38, 37, 37, 37, 37, 37, 36, 36, 36, 36, 36, 36, 35, 34, 33, 33, 33, 33, 32, 32, 32, 32, 32, 30, 27]","dict_values([27, 22, 25, 20, 23, 22, 29, 18, 25, 22, 21, 20, 24, 26, 17, 25, 19, 19, 20, 9, 11, 19, 24, 24, 20, 23, 22, 13, 28, 23, 14, 25, 16, 23, 36, 19, 21, 18, 23, 13, 26, 19, 17, 23, 11, 22, 18, 29, 27, 22, 25, 25, 24, 21, 23, 19, 19, 21, 17, 25, 19, 17, 22, 19, 11, 23, 26, 27, 23, 24, 22, 18, 26, 25, 25])",0.10075676475947519
36,41.76,0.2911186317942042,"{0: 0.017667982357835604, 1: 0.013011513884962534, 2: 0.008582570649540329, 3: 0.013077385922286966, 4: 0.010188094272198054, 5: 0.008086875971268741, 6: 0.012314294445953411, 7: 0.013080199152594823, 8: 0.004725025220369241, 9: 0.01347650062715804, 10: 0.013814086957462465, 11: 0.009001826314563128, 12: 0.008567457009383524, 13: 0.005316779701069996, 14: 0.01296397232452148, 15: 0.010577295791136688, 16: 0.004293389404606005, 17: 0.015745344225469894, 18: 0.007529504208027986, 19: 0.012701343581771543, 20: 0.011754088454261026, 21: 0.0062964841752309545, 22: 0.013160127024525159, 23: 0.005469014793829372, 24: 0.011639948559408869, 25: 0.005962428962759477, 26: 0.010652545267946368, 27: 0.014064859561799235, 28: 0.009650630484831257, 29: 0.01409694777296683, 30: 0.008639592410332119, 31: 0.009152972390008866, 32: 0.0045029813767126945, 33: 0.009881824422382703, 34: 0.007326981996823702, 35: 0.006982078975727655, 36: 0.01601166123412841, 37: 0.004202156418111293, 38: 0.007151364514378213, 39: 0.007388439390121778, 40: 0.00986380308787354, 41: 0.009345808001820841, 42: 0.010512699772348462, 43: 0.0077697146988121215, 44: 0.013814842674592695, 45: 0.010494359551836401, 46: 0.014375869563754251, 47: 0.006056666986015601, 48: 0.004978469059899106, 49: 0.020380487443994542, 50: 0.007622456078903113, 51: 0.012256176723458422, 52: 0.008533436167098396, 53: 0.01058495623398052, 54: 0.013526924744499798, 55: 0.010299648038173938, 56: 0.008844622372019634, 57: 0.007592941858387152, 58: 0.019643534161154108, 59: 0.009839930942836734, 60: 0.006910983605469192, 61: 0.011353606985829021, 62: 0.010530851434813603, 63: 0.010096324966222675, 64: 0.006757071441407279, 65: 0.011161884721666463, 66: 0.00875191722758978, 67: 0.0053395505258817194, 68: 0.008569684679632273, 69: 0.008295909566960833, 70: 0.00533780741569177, 71: 0.003185452560080005, 72: 0.006463893751617027, 73: 0.011283566295229544, 74: 0.010641603849243312}","[59, 57, 56, 55, 53, 52, 52, 50, 50, 50, 50, 49, 48, 48, 47, 47, 47, 46, 46, 46, 46, 45, 45, 45, 45, 44, 44, 44, 44, 44, 44, 44, 43, 43, 43, 43, 43, 43, 42, 41, 41, 41, 40, 40, 39, 39, 39, 38, 38, 38, 38, 38, 37, 37, 37, 37, 36, 36, 36, 36, 36, 35, 35, 35, 33, 33, 32, 32, 32, 32, 32, 32, 32, 30, 27]","dict_values([27, 22, 25, 20, 23, 22, 29, 18, 25, 22, 21, 20, 24, 26, 17, 25, 19, 19, 20, 9, 11, 19, 24, 24, 20, 23, 22, 13, 28, 23, 14, 25, 16, 23, 36, 19, 21, 18, 23, 13, 26, 19, 17, 23, 11, 22, 18, 29, 27, 22, 25, 25, 24, 21, 23, 19, 19, 21, 17, 25, 19, 17, 22, 19, 11, 23, 26, 27, 23, 24, 22, 18, 26, 25, 25])",0.10030966140315685
36,41.6,0.28922599906532814,"{0: 0.01720144332289405, 1: 0.013087321557293159, 2: 0.007460486332558802, 3: 0.013466233245216813, 4: 0.011162890778072856, 5: 0.008050956452189388, 6: 0.013330492601681622, 7: 0.01346691582666167, 8: 0.005372118021578546, 9: 0.013684265107983623, 10: 0.013184474414036945, 11: 0.00917371919084248, 12: 0.008888813364712174, 13: 0.005516585054256288, 14: 0.012814319991165475, 15: 0.01081910349291407, 16: 0.003418662706435206, 17: 0.015001126524362642, 18: 0.007626239549538851, 19: 0.013630285868048346, 20: 0.011066247544373924, 21: 0.00632750086185791, 22: 0.013462065953504307, 23: 0.005401862346096829, 24: 0.011211947484042048, 25: 0.006140921174946521, 26: 0.01072103161144257, 27: 0.014219729643531017, 28: 0.010891402558069224, 29: 0.013559314743215175, 30: 0.00889724582983948, 31: 0.009218404539106063, 32: 0.004492555613854775, 33: 0.010039882471389323, 34: 0.007288505720214021, 35: 0.007009245360903617, 36: 0.016201538144580682, 37: 0.004574024180188563, 38: 0.006889861313377293, 39: 0.0075465767297222585, 40: 0.009503164199225844, 41: 0.009414394259609075, 42: 0.01059391633918234, 43: 0.007705489046629126, 44: 0.013394418809765453, 45: 0.009926930583939486, 46: 0.01470162965160279, 47: 0.006145072157540843, 48: 0.0051418041393755335, 49: 0.019902686800716513, 50: 0.0076682253728035995, 51: 0.012572354371294546, 52: 0.008588674173754906, 53: 0.010556812605551328, 54: 0.013278542323919035, 55: 0.010836049824264978, 56: 0.008915672146265756, 57: 0.007442600226017173, 58: 0.019201799088426355, 59: 0.009450790178079291, 60: 0.006959790952061616, 61: 0.011500427381985772, 62: 0.009787880456719956, 63: 0.01043491882699846, 64: 0.007048687101031726, 65: 0.011200632869283687, 66: 0.008966696285990849, 67: 0.0054516342612177335, 68: 0.008636740392844016, 69: 0.008366074898609147, 70: 0.005598124064914223, 71: 0.0032205206872488725, 72: 0.006680404373557384, 73: 0.010655743290954617, 74: 0.010241341016961992}","[59, 56, 55, 55, 54, 52, 51, 50, 50, 49, 49, 49, 48, 48, 48, 46, 46, 46, 45, 45, 45, 45, 45, 45, 45, 44, 44, 44, 44, 44, 44, 44, 43, 43, 43, 43, 43, 43, 41, 41, 41, 41, 41, 39, 39, 39, 39, 38, 38, 38, 38, 38, 37, 37, 37, 36, 36, 36, 36, 36, 35, 35, 35, 35, 33, 33, 32, 32, 32, 32, 32, 32, 31, 30, 27]","dict_values([27, 22, 25, 20, 23, 22, 29, 18, 25, 22, 21, 20, 24, 26, 17, 25, 19, 19, 20, 9, 11, 19, 24, 24, 20, 23, 22, 13, 28, 23, 14, 25, 16, 23, 36, 19, 21, 18, 23, 13, 26, 19, 17, 23, 11, 22, 18, 29, 27, 22, 25, 25, 24, 21, 23, 19, 19, 21, 17, 25, 19, 17, 22, 19, 11, 23, 26, 27, 23, 24, 22, 18, 26, 25, 25])",0.09529421433267583
36,41.70666666666666,0.29050330987243117,"{0: 0.017075743907022226, 1: 0.012974051823810387, 2: 0.007342821893556212, 3: 0.013946067296021505, 4: 0.011036336344463252, 5: 0.007859870645949112, 6: 0.01346569386043734, 7: 0.01408969335228746, 8: 0.005159682544738802, 9: 0.01300752699077952, 10: 0.012359025987272603, 11: 0.009168083133252188, 12: 0.007482536994360039, 13: 0.005598616129438049, 14: 0.012535795309530848, 15: 0.010747124683991024, 16: 0.003461010399231315, 17: 0.014828094261165676, 18: 0.007584812687652218, 19: 0.013769164898681102, 20: 0.011311599453890517, 21: 0.006342565886204716, 22: 0.01389664451393465, 23: 0.005362612588107295, 24: 0.01118567028387166, 25: 0.006024224069477036, 26: 0.01073788244861835, 27: 0.013901433321924643, 28: 0.011839422277781557, 29: 0.014350549147971558, 30: 0.008459692213142281, 31: 0.009116504075504047, 32: 0.004446528941115773, 33: 0.010363564197306725, 34: 0.007235615894345848, 35: 0.006742507001141488, 36: 0.016079718006976742, 37: 0.00457268801287597, 38: 0.006918784621154154, 39: 0.007582716411595562, 40: 0.009377086982282314, 41: 0.009995791150921012, 42: 0.010678486665785447, 43: 0.008551344645397285, 44: 0.01329688462916539, 45: 0.009911591191323678, 46: 0.013659693165669826, 47: 0.005928629317237252, 48: 0.005124293736870273, 49: 0.020249185644578845, 50: 0.006908263614072563, 51: 0.01236803136632885, 52: 0.008860118185331566, 53: 0.010976173562122177, 54: 0.013175463635997217, 55: 0.01073591453870312, 56: 0.009078202539148731, 57: 0.007448231406482747, 58: 0.019549996116579135, 59: 0.009465539134697214, 60: 0.006823555746299283, 61: 0.011434109453979576, 62: 0.009876387294143658, 63: 0.010421222695947403, 64: 0.007125976516996749, 65: 0.011422315615642015, 66: 0.008882941812959979, 67: 0.005674074602118066, 68: 0.0085916737948057, 69: 0.008148620677656423, 70: 0.006205034688948134, 71: 0.0034046176179211456, 72: 0.006566029149095746, 73: 0.0104164785093106, 74: 0.010171857976050903}","[60, 56, 56, 55, 53, 53, 51, 50, 50, 49, 49, 49, 48, 48, 47, 47, 46, 46, 46, 46, 46, 46, 45, 45, 45, 45, 45, 45, 44, 44, 44, 44, 44, 43, 43, 43, 43, 43, 41, 41, 41, 41, 41, 39, 39, 39, 39, 38, 38, 38, 37, 37, 37, 37, 37, 36, 36, 36, 36, 35, 35, 35, 35, 34, 33, 33, 33, 32, 32, 32, 32, 32, 31, 30, 28]","dict_values([27, 22, 25, 20, 23, 22, 29, 18, 25, 22, 21, 20, 24, 26, 17, 25, 19, 19, 20, 9, 11, 19, 24, 24, 20, 23, 22, 13, 28, 23, 14, 25, 16, 23, 36, 19, 21, 18, 23, 13, 26, 19, 17, 23, 11, 22, 18, 29, 27, 22, 25, 25, 24, 21, 23, 19, 19, 21, 17, 25, 19, 17, 22, 19, 11, 23, 26, 27, 23, 24, 22, 18, 26, 25, 25])",0.10136764869408232
36,41.626666666666665,0.2916513450467467,"{0: 0.017127986434058762, 1: 0.01259707106421639, 2: 0.007550373028809077, 3: 0.014051578542172118, 4: 0.011199824846558714, 5: 0.007223268144951995, 6: 0.01296061957609561, 7: 0.014453840238966677, 8: 0.005100896314523276, 9: 0.013127506181703679, 10: 0.01291445634118161, 11: 0.009539005617220377, 12: 0.007277287851482866, 13: 0.005554498614720895, 14: 0.012528122070886208, 15: 0.01121704668726994, 16: 0.0032048010917658416, 17: 0.014631784393157796, 18: 0.0074659292900046996, 19: 0.013677044533090361, 20: 0.011360617142576697, 21: 0.006405966038726167, 22: 0.014789118412403702, 23: 0.005345215929921279, 24: 0.011200836884525125, 25: 0.006052109450482493, 26: 0.010600635580570091, 27: 0.014378705003113184, 28: 0.011906622461290864, 29: 0.014115610809079263, 30: 0.008472075279576342, 31: 0.008825263321537866, 32: 0.004396205422638292, 33: 0.010057914000006746, 34: 0.007282755125564365, 35: 0.0068882375218334135, 36: 0.01632984204989965, 37: 0.0037266903246139793, 38: 0.006772154577816201, 39: 0.00759704627944317, 40: 0.009596193769383594, 41: 0.010164478192263939, 42: 0.010806740650448433, 43: 0.00832095671878277, 44: 0.013049807582659986, 45: 0.009912021417625497, 46: 0.013757356871361674, 47: 0.005724055714380242, 48: 0.005121158500333574, 49: 0.020014891133692394, 50: 0.006768341321916623, 51: 0.013385534236474221, 52: 0.009438245298490706, 53: 0.010452564184711433, 54: 0.0133505390368254, 55: 0.0109542160403125, 56: 0.009690103732784474, 57: 0.0073668824680574365, 58: 0.01966713295643442, 59: 0.009560125178060925, 60: 0.006229187943050233, 61: 0.011377301048368201, 62: 0.009931765036932492, 63: 0.010556233676804132, 64: 0.006996490865118297, 65: 0.012054362985595533, 66: 0.008538442601382475, 67: 0.005501555742076066, 68: 0.007492496188884494, 69: 0.008162497502743848, 70: 0.006357426741737332, 71: 0.0034561745769676913, 72: 0.006247164775036963, 73: 0.010485447325747506, 74: 0.01044227264419574}","[59, 56, 56, 55, 54, 53, 51, 51, 51, 50, 49, 49, 49, 48, 48, 46, 46, 46, 46, 46, 46, 46, 46, 45, 45, 45, 45, 44, 44, 44, 43, 43, 43, 43, 43, 43, 43, 43, 42, 41, 41, 41, 40, 39, 39, 39, 38, 38, 38, 37, 37, 37, 37, 37, 37, 36, 36, 36, 35, 35, 35, 35, 34, 34, 33, 33, 33, 32, 32, 32, 32, 32, 29, 29, 28]","dict_values([27, 22, 25, 20, 23, 22, 29, 18, 25, 22, 21, 20, 24, 26, 17, 25, 19, 19, 20, 9, 11, 19, 24, 24, 20, 23, 22, 13, 28, 23, 14, 25, 16, 23, 36, 19, 21, 18, 23, 13, 26, 19, 17, 23, 11, 22, 18, 29, 27, 22, 25, 25, 24, 21, 23, 19, 19, 21, 17, 25, 19, 17, 22, 19, 11, 23, 26, 27, 23, 24, 22, 18, 26, 25, 25])",0.10550161466987808
36,41.653333333333336,0.29195800759624996,"{0: 0.016971789301990944, 1: 0.01165650415056374, 2: 0.007643712676943246, 3: 0.014089438130150405, 4: 0.011838522753494915, 5: 0.007313486899554313, 6: 0.0124809864985014, 7: 0.014468959432168062, 8: 0.005052158329417638, 9: 0.012984759115624751, 10: 0.012982068555280791, 11: 0.009753547596013348, 12: 0.007242392750483912, 13: 0.005525996531424291, 14: 0.012553819447804957, 15: 0.011691152867297466, 16: 0.0030446471644886264, 17: 0.014585627983766744, 18: 0.007534286207676689, 19: 0.013661387054865188, 20: 0.011363533744035058, 21: 0.006456485781026731, 22: 0.014712131752341477, 23: 0.0059364644608516474, 24: 0.011036905592049708, 25: 0.006093594049150911, 26: 0.010458147802688876, 27: 0.01451881917879961, 28: 0.011913170219716659, 29: 0.01377972038812477, 30: 0.008430944930226817, 31: 0.009173524638337547, 32: 0.004424131135495512, 33: 0.010395275539312607, 34: 0.007468640922364878, 35: 0.0068786946046457765, 36: 0.016383961317940555, 37: 0.003688496315410095, 38: 0.0067744564995192045, 39: 0.00765823006798003, 40: 0.009502914224049254, 41: 0.009491298227214775, 42: 0.010528596836249373, 43: 0.008501763920137916, 44: 0.013626138057047169, 45: 0.010074085314158971, 46: 0.014226445628918097, 47: 0.0058695603837470404, 48: 0.004980295345771787, 49: 0.020624222345280333, 50: 0.006710233526472096, 51: 0.013071249207388917, 52: 0.009452643258094142, 53: 0.010480182534247592, 54: 0.013233869046094431, 55: 0.01072386775980956, 56: 0.009665898057893868, 57: 0.00732856153932555, 58: 0.019645676671169027, 59: 0.009497133342468404, 60: 0.006158766976694669, 61: 0.011259206003673354, 62: 0.009941938474152761, 63: 0.010957718324864123, 64: 0.006764375216520103, 65: 0.011427357221603467, 66: 0.008835504028580889, 67: 0.005948265601070503, 68: 0.007673703976146194, 69: 0.007213985469568525, 70: 0.005729045291438073, 71: 0.0034802023407214827, 72: 0.005937731282264829, 73: 0.010564589500559145, 74: 0.01053377994675238}","[60, 56, 56, 55, 54, 54, 52, 51, 51, 50, 49, 49, 49, 48, 48, 47, 46, 46, 46, 46, 46, 46, 46, 45, 45, 45, 45, 44, 44, 44, 43, 43, 43, 43, 43, 42, 42, 42, 42, 41, 41, 41, 40, 40, 40, 38, 38, 38, 38, 37, 37, 37, 37, 37, 37, 36, 36, 36, 35, 35, 35, 35, 34, 33, 33, 33, 33, 33, 33, 32, 32, 32, 29, 28, 28]","dict_values([27, 22, 25, 20, 23, 22, 29, 18, 25, 22, 21, 20, 24, 26, 17, 25, 19, 19, 20, 9, 11, 19, 24, 24, 20, 23, 22, 13, 28, 23, 14, 25, 16, 23, 36, 19, 21, 18, 23, 13, 26, 19, 17, 23, 11, 22, 18, 29, 27, 22, 25, 25, 24, 21, 23, 19, 19, 21, 17, 25, 19, 17, 22, 19, 11, 23, 26, 27, 23, 24, 22, 18, 26, 25, 25])",0.10679248345386014
36,41.76,0.2925236912642475,"{0: 0.01698696224486665, 1: 0.011616802273517217, 2: 0.0069798032487289885, 3: 0.014110610431741317, 4: 0.011651437247392345, 5: 0.007247651768199713, 6: 0.012397643270038275, 7: 0.014339361236177494, 8: 0.005337951657959473, 9: 0.013732216170745057, 10: 0.012959410416344245, 11: 0.009662532968998055, 12: 0.006992957717635329, 13: 0.005497600134946034, 14: 0.012430126734139572, 15: 0.011614831040750291, 16: 0.003063238675170903, 17: 0.01622478612384885, 18: 0.008145855020015027, 19: 0.013897998918906104, 20: 0.011984590977240495, 21: 0.006523100701182893, 22: 0.014519549682265917, 23: 0.0054038124433103876, 24: 0.01150256272917887, 25: 0.006094221126618148, 26: 0.00963668862294652, 27: 0.014242416162670562, 28: 0.011481729177600647, 29: 0.013863230452682557, 30: 0.00797355572312104, 31: 0.008818295407169127, 32: 0.0043273210312478405, 33: 0.01046806564927278, 34: 0.007889262630156648, 35: 0.00714464951471398, 36: 0.01654577462379404, 37: 0.004091866239327965, 38: 0.006741424108042709, 39: 0.007526237278334278, 40: 0.009353996438145166, 41: 0.00950508149404486, 42: 0.010837210074057203, 43: 0.008426765779706956, 44: 0.013600460103876099, 45: 0.009883087944420759, 46: 0.013627293675325267, 47: 0.005922502802746406, 48: 0.0048463261411895945, 49: 0.020448928757694784, 50: 0.006690834564064189, 51: 0.014010771000010431, 52: 0.009999058441562077, 53: 0.009731242216494329, 54: 0.013154527034547931, 55: 0.011404523209604544, 56: 0.009721075769424173, 57: 0.00739429056811644, 58: 0.01929594756160314, 59: 0.010164462375872334, 60: 0.006155072216428266, 61: 0.00898819106966549, 62: 0.009739796428653616, 63: 0.011391583228500948, 64: 0.007019309892624881, 65: 0.011435239783450145, 66: 0.009064974638154161, 67: 0.005811875227683167, 68: 0.0072774039274262955, 69: 0.006657391971110677, 70: 0.005704937390617844, 71: 0.0034434066700531588, 72: 0.006551870505481563, 73: 0.01022512626851322, 74: 0.010388214021919074}","[60, 56, 56, 55, 54, 53, 52, 52, 51, 51, 51, 50, 49, 48, 48, 47, 47, 47, 46, 46, 46, 46, 46, 45, 45, 45, 45, 44, 44, 43, 43, 43, 43, 43, 42, 42, 42, 42, 42, 42, 41, 40, 40, 40, 39, 39, 38, 38, 38, 38, 38, 38, 37, 37, 37, 37, 36, 35, 35, 35, 35, 34, 34, 34, 34, 33, 33, 33, 33, 32, 32, 31, 30, 28, 28]","dict_values([27, 22, 25, 20, 23, 22, 29, 18, 25, 22, 21, 20, 24, 26, 17, 25, 19, 19, 20, 9, 11, 19, 24, 24, 20, 23, 22, 13, 28, 23, 14, 25, 16, 23, 36, 19, 21, 18, 23, 13, 26, 19, 17, 23, 11, 22, 18, 29, 27, 22, 25, 25, 24, 21, 23, 19, 19, 21, 17, 25, 19, 17, 22, 19, 11, 23, 26, 27, 23, 24, 22, 18, 26, 25, 25])",0.09879805378990653
36,41.653333333333336,0.2922149514849078,"{0: 0.016834183573956517, 1: 0.012564236946736432, 2: 0.00725176789344057, 3: 0.014994886112621451, 4: 0.011407422985144465, 5: 0.007009469076880759, 6: 0.011834128835183836, 7: 0.014332530632999267, 8: 0.005572455225195557, 9: 0.014803396192860733, 10: 0.013168343317417374, 11: 0.009855538180690524, 12: 0.007057458016091134, 13: 0.005495367618982449, 14: 0.013817032942965851, 15: 0.011958623606064122, 16: 0.003103857607282265, 17: 0.0166362955105471, 18: 0.0071679834672933864, 19: 0.014118801547552195, 20: 0.012651273933878555, 21: 0.00667622400679358, 22: 0.014022369945653597, 23: 0.0051219284288169745, 24: 0.011486430722609785, 25: 0.005676339943037395, 26: 0.009702786813480383, 27: 0.01430062238526035, 28: 0.010916729291535334, 29: 0.014210935837256194, 30: 0.007900303882940734, 31: 0.0090243464459776, 32: 0.004381575253191285, 33: 0.010663417939797875, 34: 0.0073704869553335535, 35: 0.007246296741843164, 36: 0.014899045675928653, 37: 0.004065648062424856, 38: 0.006212849945726658, 39: 0.007593114995535713, 40: 0.009087259564797215, 41: 0.009344187060647751, 42: 0.011060101959546341, 43: 0.008526672503622332, 44: 0.013744849853882857, 45: 0.010007368554501683, 46: 0.013671629948786334, 47: 0.005685929913976338, 48: 0.004666243810079426, 49: 0.02069652572879353, 50: 0.006770466700847018, 51: 0.013576415528078352, 52: 0.010147002639792834, 53: 0.009582383655891483, 54: 0.01205495205923288, 55: 0.011805369996451048, 56: 0.00986632288402853, 57: 0.007499643237645075, 58: 0.019519646912289104, 59: 0.010130525717266565, 60: 0.005530578915845611, 61: 0.007935120990034994, 62: 0.010277483482989735, 63: 0.011671447317008843, 64: 0.007110548420479928, 65: 0.011638763659858647, 66: 0.00918103221996517, 67: 0.005909738608008255, 68: 0.007377865095366034, 69: 0.006077322726294703, 70: 0.005807868476501728, 71: 0.0038869060365976336, 72: 0.0069062237859336155, 73: 0.010227293040437253, 74: 0.010378296388744386}","[60, 56, 56, 54, 53, 53, 52, 52, 51, 51, 51, 50, 50, 48, 48, 48, 48, 47, 47, 46, 46, 46, 45, 45, 45, 45, 44, 44, 44, 43, 43, 43, 43, 43, 42, 42, 42, 41, 41, 41, 41, 41, 40, 39, 39, 39, 38, 38, 38, 38, 37, 37, 37, 37, 37, 36, 35, 35, 35, 35, 35, 35, 34, 34, 34, 33, 33, 32, 32, 32, 31, 30, 30, 30, 28]","dict_values([27, 22, 25, 20, 23, 22, 29, 18, 25, 22, 21, 20, 24, 26, 17, 25, 19, 19, 20, 9, 11, 19, 24, 24, 20, 23, 22, 13, 28, 23, 14, 25, 16, 23, 36, 19, 21, 18, 23, 13, 26, 19, 17, 23, 11, 22, 18, 29, 27, 22, 25, 25, 24, 21, 23, 19, 19, 21, 17, 25, 19, 17, 22, 19, 11, 23, 26, 27, 23, 24, 22, 18, 26, 25, 25])",0.09999245853423415
36,41.68,0.29236709898171104,"{0: 0.017027680126030505, 1: 0.012902520229050671, 2: 0.007167259484764806, 3: 0.01513572630626505, 4: 0.012129862272186123, 5: 0.007116441043804056, 6: 0.011837641235833416, 7: 0.014387841133515251, 8: 0.005566124790541483, 9: 0.014815887881320702, 10: 0.012291070925657673, 11: 0.009824905255371701, 12: 0.00711685008846082, 13: 0.005582623971801591, 14: 0.013045623390257029, 15: 0.01180206818800737, 16: 0.00311026189450847, 17: 0.015981314199700433, 18: 0.007654157026591194, 19: 0.014828539736461319, 20: 0.013820486125023054, 21: 0.006288886005345853, 22: 0.0134192358507427, 23: 0.0048541059915561255, 24: 0.011320589865110413, 25: 0.005714623705044139, 26: 0.010167672760339965, 27: 0.014420719812523417, 28: 0.011510060389824751, 29: 0.01408643849454484, 30: 0.008001091899302138, 31: 0.009042210077124429, 32: 0.0046530509229683655, 33: 0.011884201593464873, 34: 0.0073175814982139676, 35: 0.007463055342676632, 36: 0.015950862968669162, 37: 0.004028135182446223, 38: 0.006290373037677031, 39: 0.007511540456745937, 40: 0.008673382151959827, 41: 0.009468734401334226, 42: 0.01062557239456414, 43: 0.007738060937330299, 44: 0.013617457932890752, 45: 0.00990755048364461, 46: 0.013352664149207777, 47: 0.0060076674034933875, 48: 0.004930615992259828, 49: 0.01899591089093352, 50: 0.00711466611541846, 51: 0.013600185628154989, 52: 0.009491066769340254, 53: 0.009361206484494159, 54: 0.010927680415439086, 55: 0.01242976333579739, 56: 0.009714904970707169, 57: 0.0075460487904631625, 58: 0.020665910339782458, 59: 0.009928902723853035, 60: 0.005278896729998337, 61: 0.007845672101087123, 62: 0.009986643345908442, 63: 0.011798110037550656, 64: 0.007368480484918842, 65: 0.011613906831186327, 66: 0.009325013603093764, 67: 0.005929160307922914, 68: 0.007322032527511978, 69: 0.006025467215117805, 70: 0.0057758713021178595, 71: 0.003847393416057953, 72: 0.007131129942046585, 73: 0.010012851033755004, 74: 0.010223708165808448}","[59, 57, 56, 54, 54, 52, 52, 51, 51, 51, 50, 50, 50, 49, 49, 48, 47, 47, 47, 47, 47, 46, 45, 45, 45, 45, 45, 44, 43, 43, 43, 43, 43, 42, 42, 42, 42, 42, 41, 41, 41, 40, 40, 39, 39, 39, 39, 38, 38, 38, 37, 37, 37, 37, 36, 35, 35, 35, 35, 35, 35, 35, 35, 35, 33, 33, 33, 33, 33, 32, 31, 30, 30, 30, 28]","dict_values([27, 22, 25, 20, 23, 22, 29, 18, 25, 22, 21, 20, 24, 26, 17, 25, 19, 19, 20, 9, 11, 19, 24, 24, 20, 23, 22, 13, 28, 23, 14, 25, 16, 23, 36, 19, 21, 18, 23, 13, 26, 19, 17, 23, 11, 22, 18, 29, 27, 22, 25, 25, 24, 21, 23, 19, 19, 21, 17, 25, 19, 17, 22, 19, 11, 23, 26, 27, 23, 24, 22, 18, 26, 25, 25])",0.09108220366283812
36,41.733333333333334,0.2921049484135224,"{0: 0.01681150204353248, 1: 0.01294977103999402, 2: 0.007092358495076809, 3: 0.014962915232225716, 4: 0.011315791226271585, 5: 0.007014675579924318, 6: 0.011802821940350138, 7: 0.0142578001310878, 8: 0.005116752553295663, 9: 0.01414120229512959, 10: 0.012366078778180441, 11: 0.009283751695431582, 12: 0.008062731770435707, 13: 0.005818915669333481, 14: 0.013137301341112228, 15: 0.011832396412955385, 16: 0.0030604593003867786, 17: 0.0154341541587608, 18: 0.007774540319363691, 19: 0.014338835100261654, 20: 0.013741003887956684, 21: 0.006299862329062041, 22: 0.01345425959503002, 23: 0.005397992161706184, 24: 0.011294034418869184, 25: 0.005989112560139215, 26: 0.010358244919428395, 27: 0.014361208171113169, 28: 0.011612927069383333, 29: 0.01411840828230911, 30: 0.007971972285393947, 31: 0.009192658915638903, 32: 0.004633594553120402, 33: 0.011983708953434362, 34: 0.007131708750999223, 35: 0.007674850452171489, 36: 0.016848877090457556, 37: 0.0042412549060413685, 38: 0.006192383869024098, 39: 0.0075494447477992156, 40: 0.00873827312392944, 41: 0.01004350276884585, 42: 0.010417729726038313, 43: 0.008336957203762641, 44: 0.012041465132391176, 45: 0.009813659791924351, 46: 0.013224200879824665, 47: 0.005964586362627222, 48: 0.004664660788754262, 49: 0.018946941086216536, 50: 0.006977401786405762, 51: 0.014149889754677158, 52: 0.009204213552162431, 53: 0.0092590810801126, 54: 0.011197453685655712, 55: 0.012257564547609751, 56: 0.009720871839821019, 57: 0.007758958899009367, 58: 0.02082084450350465, 59: 0.010556517491122252, 60: 0.004745491865121619, 61: 0.008009767639363891, 62: 0.009972458582605162, 63: 0.01187838206133087, 64: 0.008073171413637028, 65: 0.012013974745214318, 66: 0.008590016938776656, 67: 0.006519250663846248, 68: 0.007575824503168273, 69: 0.0060463230638492516, 70: 0.005771098297021788, 71: 0.004017650942603023, 72: 0.006885788626956615, 73: 0.01003576219264728, 74: 0.009429378724953724}","[59, 57, 56, 55, 54, 52, 51, 51, 50, 50, 50, 50, 50, 49, 48, 48, 47, 47, 47, 47, 46, 46, 46, 45, 45, 45, 45, 44, 44, 44, 44, 43, 43, 42, 42, 42, 41, 41, 41, 41, 41, 40, 40, 40, 40, 39, 39, 38, 38, 38, 37, 37, 37, 37, 36, 36, 36, 35, 35, 35, 35, 35, 35, 34, 34, 34, 34, 33, 33, 32, 31, 31, 30, 30, 27]","dict_values([27, 22, 25, 20, 23, 22, 29, 18, 25, 22, 21, 20, 24, 26, 17, 25, 19, 19, 20, 9, 11, 19, 24, 24, 20, 23, 22, 13, 28, 23, 14, 25, 16, 23, 36, 19, 21, 18, 23, 13, 26, 19, 17, 23, 11, 22, 18, 29, 27, 22, 25, 25, 24, 21, 23, 19, 19, 21, 17, 25, 19, 17, 22, 19, 11, 23, 26, 27, 23, 24, 22, 18, 26, 25, 25])",0.09613122518347642
36,41.68,0.29222242408252663,"{0: 0.017098563464083647, 1: 0.013054563759288944, 2: 0.008220979620872806, 3: 0.01451488968272601, 4: 0.011367690364139213, 5: 0.006496537832154271, 6: 0.010836237042614901, 7: 0.01431247907258907, 8: 0.004638828892876641, 9: 0.014321750553450264, 10: 0.012570634311692065, 11: 0.008064856755428874, 12: 0.008623099541549594, 13: 0.0056857787388843875, 14: 0.013321076956669599, 15: 0.011787188521302045, 16: 0.0031174845669439304, 17: 0.015681179936843977, 18: 0.008640345560589924, 19: 0.014718390303815948, 20: 0.014576931990262734, 21: 0.00626448092201517, 22: 0.013540712714887835, 23: 0.004822342130964209, 24: 0.01142295906598888, 25: 0.005888692235098049, 26: 0.01070544895673268, 27: 0.014262037777980472, 28: 0.011763441336366398, 29: 0.013982792012413507, 30: 0.00791173651769945, 31: 0.00890772879311286, 32: 0.005151820669920854, 33: 0.012633352372970778, 34: 0.007248561173188352, 35: 0.007709395048234694, 36: 0.016864528320634457, 37: 0.004507714662456711, 38: 0.00572959742983917, 39: 0.00789031788381294, 40: 0.008571635879883169, 41: 0.010045028835553168, 42: 0.010056094574060051, 43: 0.007751234967189842, 44: 0.011512950842727656, 45: 0.009586210985532676, 46: 0.013515799880711027, 47: 0.006086524379777696, 48: 0.004714566466623136, 49: 0.018843595354707924, 50: 0.007149608479181405, 51: 0.014085827609260356, 52: 0.009848098061490302, 53: 0.009266151806863536, 54: 0.011273117098080088, 55: 0.012363779021739595, 56: 0.009197077137163246, 57: 0.007039070616071599, 58: 0.020738073130297147, 59: 0.011248941070022719, 60: 0.004778604290086965, 61: 0.008739566548773081, 62: 0.0100116569156447, 63: 0.011738833097633985, 64: 0.00843737028265634, 65: 0.011641372035646943, 66: 0.008403534279843708, 67: 0.005924856765326754, 68: 0.008148238625569642, 69: 0.005628073179443042, 70: 0.005599976145110415, 71: 0.004223150938059926, 72: 0.0066459935488171655, 73: 0.009476762873532453, 74: 0.009317970674973655}","[59, 57, 56, 55, 54, 52, 51, 51, 51, 50, 50, 50, 49, 49, 48, 48, 47, 47, 47, 47, 46, 46, 45, 45, 45, 45, 45, 44, 44, 44, 44, 44, 43, 42, 42, 42, 42, 41, 41, 41, 40, 40, 39, 39, 39, 39, 39, 38, 37, 37, 37, 37, 37, 37, 37, 36, 36, 36, 35, 35, 35, 35, 35, 34, 34, 34, 33, 33, 32, 32, 32, 31, 30, 30, 27]","dict_values([27, 22, 25, 20, 23, 22, 29, 18, 25, 22, 21, 20, 24, 26, 17, 25, 19, 19, 20, 9, 11, 19, 24, 24, 20, 23, 22, 13, 28, 23, 14, 25, 16, 23, 36, 19, 21, 18, 23, 13, 26, 19, 17, 23, 11, 22, 18, 29, 27, 22, 25, 25, 24, 21, 23, 19, 19, 21, 17, 25, 19, 17, 22, 19, 11, 23, 26, 27, 23, 24, 22, 18, 26, 25, 25])",0.10078310449293461
36,41.78666666666667,0.29348584917428,"{0: 0.016905970342574357, 1: 0.012960089667846151, 2: 0.008125937292715909, 3: 0.01416884469978317, 4: 0.01182445144391376, 5: 0.007071945791206397, 6: 0.010909478252377185, 7: 0.01441334871144932, 8: 0.004618141181420044, 9: 0.015254358795295395, 10: 0.012370407527792027, 11: 0.008262475209636267, 12: 0.008434458311692535, 13: 0.005692700576344742, 14: 0.01359547136374211, 15: 0.011615870183655182, 16: 0.0030805105271495842, 17: 0.016288048375613165, 18: 0.008710778806235497, 19: 0.015234759715602609, 20: 0.01413392706001817, 21: 0.006216714124372153, 22: 0.013560489051887585, 23: 0.0049153200732572535, 24: 0.01175842258034039, 25: 0.005847599543995788, 26: 0.01018674907839685, 27: 0.01333813472273173, 28: 0.011586802422748945, 29: 0.013945829740515335, 30: 0.007342680104707163, 31: 0.00858048363477055, 32: 0.004829965270917939, 33: 0.012498718655548533, 34: 0.007249541905085072, 35: 0.008147058322593303, 36: 0.018087940853038963, 37: 0.004803494380073658, 38: 0.005758555587322711, 39: 0.00782103912081612, 40: 0.00888199833166383, 41: 0.009991881461696689, 42: 0.00946070990364264, 43: 0.007778574258434068, 44: 0.011380985621587725, 45: 0.009504821886629438, 46: 0.013542852776169867, 47: 0.005972444276121851, 48: 0.0046585029421920155, 49: 0.019374523654665694, 50: 0.007160619446342265, 51: 0.013367125637959531, 52: 0.009610458649294785, 53: 0.009223876652197774, 54: 0.011203444076174246, 55: 0.01188970098134434, 56: 0.009178655795182431, 57: 0.006917849309021197, 58: 0.020349798131106548, 59: 0.011908863686860649, 60: 0.005065182804549465, 61: 0.008761328949762816, 62: 0.009986767269020253, 63: 0.011789070104425012, 64: 0.008342786424978207, 65: 0.011325423226276547, 66: 0.00837091196767651, 67: 0.005793734406081213, 68: 0.007516435940297043, 69: 0.0056197569281775574, 70: 0.005753209198663146, 71: 0.004233868531813737, 72: 0.006544572573640399, 73: 0.009469097698322338, 74: 0.00946356426263207}","[59, 57, 56, 56, 54, 52, 51, 51, 51, 50, 50, 50, 49, 49, 49, 48, 47, 47, 47, 47, 47, 46, 46, 45, 45, 45, 45, 44, 44, 44, 44, 43, 43, 42, 42, 42, 42, 42, 41, 40, 40, 40, 40, 40, 39, 39, 39, 38, 38, 38, 38, 37, 37, 37, 36, 36, 36, 36, 35, 35, 35, 35, 35, 34, 34, 33, 33, 33, 33, 33, 32, 31, 30, 30, 27]","dict_values([27, 22, 25, 20, 23, 22, 29, 18, 25, 22, 21, 20, 24, 26, 17, 25, 19, 19, 20, 9, 11, 19, 24, 24, 20, 23, 22, 13, 28, 23, 14, 25, 16, 23, 36, 19, 21, 18, 23, 13, 26, 19, 17, 23, 11, 22, 18, 29, 27, 22, 25, 25, 24, 21, 23, 19, 19, 21, 17, 25, 19, 17, 22, 19, 11, 23, 26, 27, 23, 24, 22, 18, 26, 25, 25])",0.09926658193133833
36,41.92,0.29340531480915044,"{0: 0.016918369396595086, 1: 0.013582611323455236, 2: 0.008018004764580108, 3: 0.015129928942381634, 4: 0.012701953562692849, 5: 0.0066195718592978875, 6: 0.011449590874081176, 7: 0.01444184646888707, 8: 0.004815204643971767, 9: 0.015043809058648095, 10: 0.012774637719966982, 11: 0.008268474063159654, 12: 0.009003619850442963, 13: 0.006131618289152537, 14: 0.013778676037836838, 15: 0.010966165212946858, 16: 0.0029568101485909705, 17: 0.015095845664098424, 18: 0.008712564046835188, 19: 0.013993196725853594, 20: 0.014323923228032815, 21: 0.006660925667774983, 22: 0.013272530276161237, 23: 0.005307402177132438, 24: 0.012122708526818116, 25: 0.005816395532706868, 26: 0.010521259983836316, 27: 0.012981994146377709, 28: 0.01133631499990213, 29: 0.013945187232858463, 30: 0.007159175184681784, 31: 0.008640712115146647, 32: 0.004430294254964071, 33: 0.012386609717533869, 34: 0.007193017864654715, 35: 0.008353419874959326, 36: 0.01788301551509166, 37: 0.0045984921841086225, 38: 0.0059052218298793644, 39: 0.007718788883172445, 40: 0.00884508398047742, 41: 0.00911923237106416, 42: 0.009239084440565315, 43: 0.007703808645589468, 44: 0.010718491843941396, 45: 0.009354624383555643, 46: 0.01421921618839427, 47: 0.005878520464403269, 48: 0.004559237810273172, 49: 0.018651384217041378, 50: 0.0069957099748391175, 51: 0.012701281973112846, 52: 0.00981947809106378, 53: 0.00939837956801958, 54: 0.01177171216071782, 55: 0.01181908243923428, 56: 0.010297812967516763, 57: 0.007281638147527636, 58: 0.02027819375075179, 59: 0.01168664522960035, 60: 0.00545158769734149, 61: 0.008998964231782078, 62: 0.009843711129556678, 63: 0.01137939171063816, 64: 0.007222583763679653, 65: 0.011072747949779136, 66: 0.007939083545234104, 67: 0.005994021088808914, 68: 0.007850644134094278, 69: 0.005573623089153513, 70: 0.005969169115166613, 71: 0.0042318340084348365, 72: 0.006432327404632349, 73: 0.009444860647741058, 74: 0.009542038396477163}","[58, 57, 56, 56, 54, 53, 51, 51, 51, 50, 49, 49, 49, 49, 48, 48, 48, 48, 48, 47, 46, 46, 45, 45, 45, 45, 45, 45, 45, 44, 43, 43, 43, 43, 42, 42, 42, 42, 41, 41, 41, 40, 40, 40, 40, 40, 39, 39, 38, 38, 37, 37, 37, 37, 37, 37, 36, 36, 35, 35, 35, 35, 35, 35, 34, 34, 34, 34, 33, 32, 32, 31, 31, 30, 27]","dict_values([27, 22, 25, 20, 23, 22, 29, 18, 25, 22, 21, 20, 24, 26, 17, 25, 19, 19, 20, 9, 11, 19, 24, 24, 20, 23, 22, 13, 28, 23, 14, 25, 16, 23, 36, 19, 21, 18, 23, 13, 26, 19, 17, 23, 11, 22, 18, 29, 27, 22, 25, 25, 24, 21, 23, 19, 19, 21, 17, 25, 19, 17, 22, 19, 11, 23, 26, 27, 23, 24, 22, 18, 26, 25, 25])",0.09551049213656286
36,41.973333333333336,0.29295913649255645,"{0: 0.01715202764391757, 1: 0.013319014526740005, 2: 0.007718947593120288, 3: 0.014412392366261555, 4: 0.011889848157619986, 5: 0.0066470342155273655, 6: 0.011626896169628406, 7: 0.014450642051131576, 8: 0.004936231565037619, 9: 0.014424436371710479, 10: 0.01261984472600911, 11: 0.008170638468785126, 12: 0.008884553383204541, 13: 0.006052648094152899, 14: 0.013618918123368956, 15: 0.010937796445530786, 16: 0.00298631341997511, 17: 0.014952360000743539, 18: 0.008698950837969753, 19: 0.014821076093350292, 20: 0.013775022336666174, 21: 0.006569769754701261, 22: 0.013298680516679965, 23: 0.005313125914105631, 24: 0.012263422700209355, 25: 0.005805481236847947, 26: 0.01092182302440941, 27: 0.013157023652591743, 28: 0.010725303249665814, 29: 0.014364812627414883, 30: 0.007185036767366759, 31: 0.008609184657645028, 32: 0.00423988311780415, 33: 0.012498693224922072, 34: 0.007202142148757784, 35: 0.00832311957478373, 36: 0.01787592544138311, 37: 0.004760491832409641, 38: 0.006089838589453796, 39: 0.007716072926939481, 40: 0.008205966629424515, 41: 0.009138339178122177, 42: 0.009922894586507774, 43: 0.00813855428581456, 44: 0.01051104390932049, 45: 0.008885548510650152, 46: 0.014079824931013191, 47: 0.0058314984021202165, 48: 0.004570062252454126, 49: 0.018569958062835505, 50: 0.006983597700131173, 51: 0.012622506220441207, 52: 0.009793394038598543, 53: 0.009356492715483418, 54: 0.012311869685181411, 55: 0.011990818594785064, 56: 0.010230517575168303, 57: 0.007669823816699299, 58: 0.020073761401319824, 59: 0.011630133705379825, 60: 0.005911998957579309, 61: 0.009009863458195797, 62: 0.00974145199017381, 63: 0.011771128661198324, 64: 0.0076565532274998635, 65: 0.010559403650932811, 66: 0.007777684709980237, 67: 0.005974126940038742, 68: 0.007786258095123718, 69: 0.005664509225145809, 70: 0.006289282452658761, 71: 0.004215510465510465, 72: 0.0073360510534691255, 73: 0.009099008132046005, 74: 0.009364883769513388}","[58, 57, 56, 56, 54, 53, 51, 50, 50, 50, 49, 49, 49, 49, 48, 48, 48, 48, 48, 48, 46, 46, 46, 46, 45, 45, 44, 44, 44, 44, 44, 43, 43, 42, 42, 42, 42, 41, 41, 41, 41, 40, 40, 40, 40, 40, 40, 40, 39, 38, 37, 37, 37, 37, 37, 37, 36, 36, 36, 36, 35, 35, 35, 35, 35, 35, 34, 34, 33, 32, 32, 31, 31, 30, 27]","dict_values([27, 22, 25, 20, 23, 22, 29, 18, 25, 22, 21, 20, 24, 26, 17, 25, 19, 19, 20, 9, 11, 19, 24, 24, 20, 23, 22, 13, 28, 23, 14, 25, 16, 23, 36, 19, 21, 18, 23, 13, 26, 19, 17, 23, 11, 22, 18, 29, 27, 22, 25, 25, 24, 21, 23, 19, 19, 21, 17, 25, 19, 17, 22, 19, 11, 23, 26, 27, 23, 24, 22, 18, 26, 25, 25])",0.09875453889361596
36,41.92,0.2925195449414886,"{0: 0.016346711621347532, 1: 0.013479241729072177, 2: 0.007736111332001742, 3: 0.013022184881796016, 4: 0.01086160780439954, 5: 0.006698607041072795, 6: 0.011417220559044823, 7: 0.014795793909559362, 8: 0.004894358385767718, 9: 0.01445102583910299, 10: 0.012179009121998648, 11: 0.008214050537593607, 12: 0.009568087848323987, 13: 0.006039416443129145, 14: 0.01417349120154708, 15: 0.011710845804982124, 16: 0.0033675192921768264, 17: 0.015170421694713675, 18: 0.007919744576213526, 19: 0.014719653560310844, 20: 0.014296943748998541, 21: 0.006679896063457706, 22: 0.013449943720736844, 23: 0.005133943841295308, 24: 0.012481161141974352, 25: 0.005734845208072704, 26: 0.010885170352441001, 27: 0.012765430759287894, 28: 0.010723464424139132, 29: 0.014972302245896003, 30: 0.007284368905809533, 31: 0.008447435297396813, 32: 0.00405855303115577, 33: 0.01240633841911824, 34: 0.006562895442916339, 35: 0.009177834144422851, 36: 0.018016863085103158, 37: 0.0048174659476029336, 38: 0.006074130631431, 39: 0.007846660143195195, 40: 0.00812671070783719, 41: 0.008833086881453027, 42: 0.009732152126694194, 43: 0.00846113733267091, 44: 0.010698827054127592, 45: 0.008991104550550471, 46: 0.015425496904015498, 47: 0.005766048384099261, 48: 0.0044474602693780774, 49: 0.01841449423796418, 50: 0.0068674697969801825, 51: 0.014304691684808359, 52: 0.009649419775503772, 53: 0.009387727049901585, 54: 0.01231673716955991, 55: 0.012489254452809967, 56: 0.008974615774285793, 57: 0.00761959288852923, 58: 0.019092613759000916, 59: 0.011700454320980646, 60: 0.0060636269873784515, 61: 0.008989135444614896, 62: 0.009463131886985452, 63: 0.01171540435239065, 64: 0.008001015729496613, 65: 0.010477556512105723, 66: 0.007873171599316917, 67: 0.005978821034124939, 68: 0.007820713107965489, 69: 0.005618294022345566, 70: 0.00631583581577777, 71: 0.004192051477506754, 72: 0.006716734184502112, 73: 0.009511548101799728, 74: 0.009443092669937897}","[57, 56, 56, 55, 54, 54, 52, 51, 50, 50, 49, 49, 49, 49, 49, 48, 48, 48, 47, 47, 47, 46, 46, 46, 45, 45, 44, 44, 44, 44, 44, 43, 42, 42, 42, 42, 42, 41, 41, 41, 41, 40, 40, 40, 40, 40, 40, 39, 39, 39, 38, 37, 37, 37, 37, 36, 36, 36, 36, 36, 35, 35, 35, 35, 34, 34, 34, 34, 33, 32, 31, 31, 30, 30, 28]","dict_values([27, 22, 25, 20, 23, 22, 29, 18, 25, 22, 21, 20, 24, 26, 17, 25, 19, 19, 20, 9, 11, 19, 24, 24, 20, 23, 22, 13, 28, 23, 14, 25, 16, 23, 36, 19, 21, 18, 23, 13, 26, 19, 17, 23, 11, 22, 18, 29, 27, 22, 25, 25, 24, 21, 23, 19, 19, 21, 17, 25, 19, 17, 22, 19, 11, 23, 26, 27, 23, 24, 22, 18, 26, 25, 25])",0.10087593639324306
36,41.973333333333336,0.29345555341818247,"{0: 0.016299589170336443, 1: 0.013083630773742107, 2: 0.00734980111637204, 3: 0.013340447581033874, 4: 0.010553331840997096, 5: 0.00684103654994066, 6: 0.011419519348718387, 7: 0.014661951913700726, 8: 0.0053302593353673, 9: 0.015728398369966427, 10: 0.012602025395103302, 11: 0.008750630665520353, 12: 0.009912931213705574, 13: 0.005737804645373928, 14: 0.014260167186563285, 15: 0.012064090450221032, 16: 0.0031810603728411944, 17: 0.014388366775934624, 18: 0.0079243182882552, 19: 0.014227542240947251, 20: 0.014497206278028201, 21: 0.0066927390557527545, 22: 0.013184946982990045, 23: 0.0048407351120084265, 24: 0.012027400039395054, 25: 0.00579554084149823, 26: 0.01080731222892936, 27: 0.012945349013368445, 28: 0.010761674554446751, 29: 0.014944312545229895, 30: 0.008076677786282932, 31: 0.00842562091357768, 32: 0.004133425973903216, 33: 0.011949064188092353, 34: 0.006654835211170734, 35: 0.009848271617839337, 36: 0.018153768853436975, 37: 0.004792379706763269, 38: 0.0059249034503121994, 39: 0.0076716870381253926, 40: 0.007950475172012614, 41: 0.008779857986904685, 42: 0.009668293387592206, 43: 0.009013965692047885, 44: 0.010682984604698803, 45: 0.008540020215672278, 46: 0.014128411452304875, 47: 0.006130409710803946, 48: 0.004391885860069687, 49: 0.018602492338573123, 50: 0.006791182163677302, 51: 0.014124778901603038, 52: 0.009541927302401118, 53: 0.009385373238089953, 54: 0.012367614603790156, 55: 0.012138726297619841, 56: 0.008957286162618447, 57: 0.00796694009243722, 58: 0.019013673685483047, 59: 0.01162319663006101, 60: 0.006088509114890392, 61: 0.008545294670585441, 62: 0.008664886795013912, 63: 0.01187268357402759, 64: 0.008469612356934879, 65: 0.010463785153942633, 66: 0.008488612021119096, 67: 0.005987824645890356, 68: 0.007748217861620211, 69: 0.005673608632454697, 70: 0.00611162985869952, 71: 0.0042457065825317235, 72: 0.006787049973273803, 73: 0.009873085118219648, 74: 0.009455221302548042}","[57, 56, 56, 55, 54, 52, 52, 52, 51, 50, 49, 49, 49, 48, 48, 48, 48, 48, 47, 47, 47, 47, 46, 46, 45, 45, 44, 44, 44, 44, 43, 43, 43, 42, 42, 42, 42, 41, 41, 41, 41, 41, 41, 40, 40, 40, 40, 39, 39, 39, 39, 38, 38, 38, 38, 37, 36, 36, 36, 36, 35, 35, 35, 34, 34, 34, 34, 34, 33, 32, 31, 31, 30, 29, 27]","dict_values([27, 22, 25, 20, 23, 22, 29, 18, 25, 22, 21, 20, 24, 26, 17, 25, 19, 19, 20, 9, 11, 19, 24, 24, 20, 23, 22, 13, 28, 23, 14, 25, 16, 23, 36, 19, 21, 18, 23, 13, 26, 19, 17, 23, 11, 22, 18, 29, 27, 22, 25, 25, 24, 21, 23, 19, 19, 21, 17, 25, 19, 17, 22, 19, 11, 23, 26, 27, 23, 24, 22, 18, 26, 25, 25])",0.09983426681025365
36,42.346666666666664,0.2958057941375437,"{0: 0.01589512778085969, 1: 0.012593431454549093, 2: 0.007604498272306492, 3: 0.013201544891284358, 4: 0.011136232404445705, 5: 0.007131050024885642, 6: 0.011714258420626438, 7: 0.013701207481900169, 8: 0.005958471607915145, 9: 0.015251380939489963, 10: 0.012538003508143152, 11: 0.008880282184353506, 12: 0.010469283129514752, 13: 0.005739335669835267, 14: 0.014095789184008051, 15: 0.011759522872456633, 16: 0.003082021746405308, 17: 0.014142529504959662, 18: 0.008307704646009547, 19: 0.013897581011076209, 20: 0.01457902827765842, 21: 0.006535262528413214, 22: 0.012813097873100563, 23: 0.004754735525243502, 24: 0.011910859729996223, 25: 0.005654509015469955, 26: 0.010395943688381197, 27: 0.013009388321474049, 28: 0.011085478551231978, 29: 0.015046222155138313, 30: 0.00784024482998545, 31: 0.008996457159846465, 32: 0.004475082598046823, 33: 0.011761225993855567, 34: 0.006636009583840216, 35: 0.00948116653592109, 36: 0.019495372581016124, 37: 0.004930023851256729, 38: 0.00574914821490164, 39: 0.007499599366037722, 40: 0.008077736047343024, 41: 0.007766896943971886, 42: 0.009515980709001465, 43: 0.008874081819287298, 44: 0.0110433281667649, 45: 0.008835995772219604, 46: 0.013724959489301462, 47: 0.006292293447088436, 48: 0.004247842946473083, 49: 0.018011297539276345, 50: 0.006637003001263335, 51: 0.01389032283602747, 52: 0.009333005702492346, 53: 0.00925662035978898, 54: 0.011734286122614042, 55: 0.011876382010367325, 56: 0.008653306955271322, 57: 0.00843978841966414, 58: 0.01851142259468138, 59: 0.011552335248289438, 60: 0.0059783831999517135, 61: 0.009230535595552395, 62: 0.008769467897205258, 63: 0.01252921060041763, 64: 0.00789957168381826, 65: 0.010363500986715997, 66: 0.008272851241278578, 67: 0.005777886630333527, 68: 0.008184664186100333, 69: 0.005550220798232287, 70: 0.005992753558763919, 71: 0.004391097138881184, 72: 0.007126784388350685, 73: 0.009717546927061685, 74: 0.009290637730749856}","[58, 57, 56, 55, 53, 52, 52, 52, 52, 50, 50, 50, 49, 49, 49, 49, 48, 48, 47, 47, 47, 47, 47, 45, 45, 45, 45, 45, 44, 44, 44, 43, 43, 43, 43, 42, 42, 42, 42, 42, 41, 41, 41, 41, 40, 40, 40, 40, 40, 39, 39, 39, 38, 38, 38, 37, 37, 37, 37, 36, 36, 36, 35, 35, 34, 34, 34, 34, 34, 32, 32, 32, 30, 29, 27]","dict_values([27, 22, 25, 20, 23, 22, 29, 18, 25, 22, 21, 20, 24, 26, 17, 25, 19, 19, 20, 9, 11, 19, 24, 24, 20, 23, 22, 13, 28, 23, 14, 25, 16, 23, 36, 19, 21, 18, 23, 13, 26, 19, 17, 23, 11, 22, 18, 29, 27, 22, 25, 25, 24, 21, 23, 19, 19, 21, 17, 25, 19, 17, 22, 19, 11, 23, 26, 27, 23, 24, 22, 18, 26, 25, 25])",0.09288888959386837
36,42.18666666666667,0.29531766958987,"{0: 0.016070095447692802, 1: 0.01280275523266614, 2: 0.007021748203255053, 3: 0.013435047846858996, 4: 0.011422195586309612, 5: 0.0064300063443899075, 6: 0.011405740608456737, 7: 0.013752548629131726, 8: 0.005977932088911432, 9: 0.016231232138573987, 10: 0.012867479899186839, 11: 0.009021373011152658, 12: 0.010499555367665897, 13: 0.005761487747236753, 14: 0.014146716247808555, 15: 0.011791274942500762, 16: 0.0031253625431707623, 17: 0.014281212734706792, 18: 0.008344868152635675, 19: 0.014109203711578241, 20: 0.014740931864219535, 21: 0.006565680195817182, 22: 0.013108599438497598, 23: 0.005108028170204978, 24: 0.011820074241765312, 25: 0.005744534663209718, 26: 0.010528765031804896, 27: 0.013224175616102406, 28: 0.011085538654031807, 29: 0.015289074911977792, 30: 0.007912763515092241, 31: 0.009109675055385813, 32: 0.004552040180501537, 33: 0.011904963508588261, 34: 0.0067045672965145246, 35: 0.009531693373255953, 36: 0.019690031088239413, 37: 0.004713896237868841, 38: 0.005741294782390673, 39: 0.006694794109177672, 40: 0.00724764559454656, 41: 0.007844784351081303, 42: 0.009586890375715154, 43: 0.00794571856215692, 44: 0.011310558492810348, 45: 0.008885364314738832, 46: 0.013838744775192114, 47: 0.005760432156011611, 48: 0.004247842946473083, 49: 0.018139074036915857, 50: 0.0066401954882632465, 51: 0.013959628654731313, 52: 0.009376794835377318, 53: 0.008510930179196591, 54: 0.012073551359208016, 55: 0.011781102414279267, 56: 0.008861682680847438, 57: 0.008576511027269937, 58: 0.018859347902458613, 59: 0.01180839854416338, 60: 0.006030648540524615, 61: 0.009434853779322634, 62: 0.008781379201252302, 63: 0.012691707509489879, 64: 0.00797301268191679, 65: 0.010401918059939431, 66: 0.007607481317643768, 67: 0.005705441412690913, 68: 0.00825253956121693, 69: 0.005548382045967942, 70: 0.005388974780396295, 71: 0.004391229836435317, 72: 0.007192159050499541, 73: 0.009845015282852924, 74: 0.009439911381155672}","[58, 57, 56, 55, 53, 53, 52, 52, 52, 50, 50, 50, 49, 49, 49, 48, 48, 48, 47, 47, 47, 47, 47, 45, 45, 45, 45, 45, 44, 44, 44, 43, 43, 43, 43, 42, 42, 41, 41, 41, 41, 41, 41, 40, 40, 40, 40, 40, 39, 39, 38, 38, 38, 37, 37, 37, 37, 37, 36, 36, 35, 35, 35, 35, 34, 34, 34, 34, 33, 32, 32, 32, 30, 30, 27]","dict_values([27, 22, 25, 20, 23, 22, 29, 18, 25, 22, 21, 20, 24, 26, 17, 25, 19, 19, 20, 9, 11, 19, 24, 24, 20, 23, 22, 13, 28, 23, 14, 25, 16, 23, 36, 19, 21, 18, 23, 13, 26, 19, 17, 23, 11, 22, 18, 29, 27, 22, 25, 25, 24, 21, 23, 19, 19, 21, 17, 25, 19, 17, 22, 19, 11, 23, 26, 27, 23, 24, 22, 18, 26, 25, 25])",0.10360750925791258
36,42.29333333333334,0.2953833724600026,"{0: 0.01597739093462251, 1: 0.012769414103434596, 2: 0.007272163932158146, 3: 0.013574287581946523, 4: 0.011435780126452362, 5: 0.006444433584844544, 6: 0.011292386436083933, 7: 0.01400645699851376, 8: 0.0066124545160003425, 9: 0.01604764227211054, 10: 0.013659997986225476, 11: 0.008945801688234238, 12: 0.010362130864970783, 13: 0.006332147195362344, 14: 0.013670681723868417, 15: 0.0116575768032148, 16: 0.003172382966903515, 17: 0.013963748807617946, 18: 0.00829121046102699, 19: 0.013463482825626573, 20: 0.014579014921480673, 21: 0.0065684087843636595, 22: 0.013030973333474237, 23: 0.005390832549276676, 24: 0.01162837024182419, 25: 0.0057019655195341065, 26: 0.01054017581641653, 27: 0.012916106093774735, 28: 0.011116445152774329, 29: 0.01543841033528582, 30: 0.007711513467767356, 31: 0.009841045221687486, 32: 0.004549774230183807, 33: 0.013142975098394481, 34: 0.006635674312080349, 35: 0.00953705231864311, 36: 0.019503115418685955, 37: 0.004690180289495358, 38: 0.006075399300847882, 39: 0.006625535649508251, 40: 0.007099890128499394, 41: 0.007748862128621751, 42: 0.009521052841734897, 43: 0.007980397877658151, 44: 0.011150306152181879, 45: 0.008252692011035102, 46: 0.013882387883903715, 47: 0.005552624453661811, 48: 0.004476476818749633, 49: 0.016538347240413278, 50: 0.006588491669436141, 51: 0.013855516516422327, 52: 0.009060220188899229, 53: 0.008384219409404018, 54: 0.011811886897495549, 55: 0.012466015395569267, 56: 0.009146314526703597, 57: 0.008918448417730889, 58: 0.01796737222382867, 59: 0.011805776074194621, 60: 0.005817777009159933, 61: 0.00926398948174601, 62: 0.00940257522697139, 63: 0.012507479057366388, 64: 0.007556646661653412, 65: 0.010262721574257555, 66: 0.0075091832116572985, 67: 0.0058087223697469575, 68: 0.008346327984526293, 69: 0.005575753477448963, 70: 0.005647822124667138, 71: 0.004092086129757363, 72: 0.007159505210757245, 73: 0.009750771452546653, 74: 0.010014912117316761}","[58, 55, 55, 55, 54, 53, 52, 52, 51, 50, 50, 49, 49, 49, 49, 49, 48, 48, 48, 48, 47, 47, 47, 46, 45, 45, 45, 45, 44, 44, 43, 43, 43, 43, 43, 43, 42, 42, 42, 41, 41, 41, 41, 40, 40, 40, 40, 40, 40, 40, 38, 38, 38, 38, 37, 37, 37, 37, 36, 36, 36, 35, 35, 35, 35, 34, 34, 34, 33, 32, 32, 31, 31, 31, 27]","dict_values([27, 22, 25, 20, 23, 22, 29, 18, 25, 22, 21, 20, 24, 26, 17, 25, 19, 19, 20, 9, 11, 19, 24, 24, 20, 23, 22, 13, 28, 23, 14, 25, 16, 23, 36, 19, 21, 18, 23, 13, 26, 19, 17, 23, 11, 22, 18, 29, 27, 22, 25, 25, 24, 21, 23, 19, 19, 21, 17, 25, 19, 17, 22, 19, 11, 23, 26, 27, 23, 24, 22, 18, 26, 25, 25])",0.09440422104511577
36,42.24,0.29525827812878147,"{0: 0.01588397864636508, 1: 0.013046401111277209, 2: 0.007336610952646408, 3: 0.013723919519137411, 4: 0.01129319734576044, 5: 0.006493464702570264, 6: 0.01139110383212897, 7: 0.014036046374353886, 8: 0.006608750217017698, 9: 0.017040894085634507, 10: 0.013494867417186767, 11: 0.008617151643288143, 12: 0.010324134898457583, 13: 0.005958065903674285, 14: 0.013633009256092649, 15: 0.011875047104655888, 16: 0.0031660721729214877, 17: 0.014094273262006617, 18: 0.008378715263635001, 19: 0.013010221202928612, 20: 0.014393711130213949, 21: 0.006522049491429024, 22: 0.013499039310499804, 23: 0.005758260998896906, 24: 0.011278452045978235, 25: 0.00569648686080678, 26: 0.010574004279300386, 27: 0.012344265743741973, 28: 0.011866833925657454, 29: 0.014976484873360354, 30: 0.007722936983803905, 31: 0.009364577429645922, 32: 0.004576361478868519, 33: 0.01236049529633994, 34: 0.00710264987267269, 35: 0.009521140751109155, 36: 0.01974961695083761, 37: 0.004912318772109264, 38: 0.006162163474814562, 39: 0.006656916578350903, 40: 0.007298317757624767, 41: 0.00714912771117445, 42: 0.009587170738528744, 43: 0.0081581711718698, 44: 0.0109353378946019, 45: 0.008283030568770921, 46: 0.01337528850220228, 47: 0.005463134938504206, 48: 0.004496149913152331, 49: 0.016384505481380335, 50: 0.006701478255025466, 51: 0.013936500066167846, 52: 0.009307068170209988, 53: 0.008391138894765003, 54: 0.012243840200897938, 55: 0.012673501954149902, 56: 0.00920886533874913, 57: 0.008921410739387814, 58: 0.017969250723325947, 59: 0.01186050095768663, 60: 0.005507884126843966, 61: 0.008662585455684445, 62: 0.009341186379263785, 63: 0.0119237700020278, 64: 0.007640339378856703, 65: 0.010408620842939219, 66: 0.0074753920819757595, 67: 0.00576241110768227, 68: 0.008415712258379462, 69: 0.006207758005703211, 70: 0.005998401490947826, 71: 0.004101623029906671, 72: 0.00717973314194408, 73: 0.010165943530081182, 74: 0.009888503086798145}","[58, 55, 55, 55, 54, 54, 52, 51, 51, 50, 50, 49, 49, 48, 48, 48, 48, 48, 48, 47, 47, 47, 46, 46, 46, 45, 45, 45, 44, 44, 43, 43, 43, 43, 43, 42, 42, 42, 42, 41, 41, 41, 41, 41, 40, 40, 40, 40, 40, 39, 39, 38, 38, 38, 37, 37, 37, 37, 36, 36, 36, 35, 35, 35, 34, 34, 34, 34, 33, 32, 32, 32, 31, 31, 27]","dict_values([27, 22, 25, 20, 23, 22, 29, 18, 25, 22, 21, 20, 24, 26, 17, 25, 19, 19, 20, 9, 11, 19, 24, 24, 20, 23, 22, 13, 28, 23, 14, 25, 16, 23, 36, 19, 21, 18, 23, 13, 26, 19, 17, 23, 11, 22, 18, 29, 27, 22, 25, 25, 24, 21, 23, 19, 19, 21, 17, 25, 19, 17, 22, 19, 11, 23, 26, 27, 23, 24, 22, 18, 26, 25, 25])",0.10185065618304254
36,42.266666666666666,0.2956730033279393,"{0: 0.01584110967300366, 1: 0.012304305797456484, 2: 0.0071233004351457215, 3: 0.014224199539119136, 4: 0.01194823732792762, 5: 0.006805039532841873, 6: 0.011453286652890665, 7: 0.014079903273720377, 8: 0.006771240514982768, 9: 0.017073968315859403, 10: 0.013609910260796644, 11: 0.008630912131930272, 12: 0.010630814723703029, 13: 0.0061110239091705645, 14: 0.013808127910694594, 15: 0.011884743538277657, 16: 0.0031534485301608593, 17: 0.013386917154040442, 18: 0.008429585655613055, 19: 0.012861748857877506, 20: 0.015164182791096572, 21: 0.006703487182939238, 22: 0.01360810043623599, 23: 0.005540509222016072, 24: 0.01118631942863709, 25: 0.006193770125808179, 26: 0.010074852797455538, 27: 0.012977346550560176, 28: 0.011706860336997322, 29: 0.014951706732528651, 30: 0.008421045757660216, 31: 0.010066700905742002, 32: 0.0048307250362044874, 33: 0.012335461197195178, 34: 0.006825130744512456, 35: 0.009282031497636024, 36: 0.01952962962492445, 37: 0.004859227785104912, 38: 0.0061958199916363555, 39: 0.0062589158378844115, 40: 0.007292472545265629, 41: 0.007184815907620099, 42: 0.009492106447139206, 43: 0.008175558207953617, 44: 0.011054998469382031, 45: 0.007825687995069705, 46: 0.013469782832164956, 47: 0.005347886251698045, 48: 0.00452141548031959, 49: 0.016244827631813934, 50: 0.005911465426459874, 51: 0.013864353110976987, 52: 0.009199706280598222, 53: 0.008418978281991982, 54: 0.012239947757791391, 55: 0.013101199785982396, 56: 0.008740787120775207, 57: 0.008939062268030842, 58: 0.017912532590168086, 59: 0.010706973460100319, 60: 0.005536698601767095, 61: 0.008784793086903416, 62: 0.009255713645581564, 63: 0.011335963305141384, 64: 0.008008863820709108, 65: 0.010390243650368725, 66: 0.007932045395223287, 67: 0.005408807757676132, 68: 0.008530385555098626, 69: 0.006190585140511095, 70: 0.00599071657625679, 71: 0.00432207588734583, 72: 0.00722419608480327, 73: 0.010120224935993651, 74: 0.00976370942124367}","[58, 55, 55, 55, 54, 54, 53, 51, 51, 50, 50, 50, 49, 49, 49, 48, 48, 48, 48, 47, 47, 46, 46, 46, 46, 45, 44, 44, 44, 44, 43, 43, 43, 43, 42, 42, 42, 42, 42, 41, 41, 41, 41, 41, 41, 40, 40, 40, 40, 39, 39, 39, 39, 38, 38, 37, 37, 36, 36, 36, 36, 35, 35, 35, 34, 34, 33, 33, 33, 33, 33, 31, 31, 31, 27]","dict_values([27, 22, 25, 20, 23, 22, 29, 18, 25, 22, 21, 20, 24, 26, 17, 25, 19, 19, 20, 9, 11, 19, 24, 24, 20, 23, 22, 13, 28, 23, 14, 25, 16, 23, 36, 19, 21, 18, 23, 13, 26, 19, 17, 23, 11, 22, 18, 29, 27, 22, 25, 25, 24, 21, 23, 19, 19, 21, 17, 25, 19, 17, 22, 19, 11, 23, 26, 27, 23, 24, 22, 18, 26, 25, 25])",0.10349709918498542
36,42.16,0.2945890993569905,"{0: 0.015668953375568805, 1: 0.01231044459845024, 2: 0.00726255425590639, 3: 0.0145126798192043, 4: 0.011893679064190284, 5: 0.007391935076357256, 6: 0.011710631173824069, 7: 0.014225870796932445, 8: 0.006819414866256769, 9: 0.016925065997772708, 10: 0.013882977059384833, 11: 0.008573339934332378, 12: 0.00899553219087236, 13: 0.006140655173883094, 14: 0.013744982985964379, 15: 0.012200046600422607, 16: 0.0031052512481689154, 17: 0.013702357583060912, 18: 0.00829209731598998, 19: 0.013437188712051707, 20: 0.015387707390740813, 21: 0.006961922544114326, 22: 0.014415803974648273, 23: 0.005104926186870829, 24: 0.011107950968888397, 25: 0.006964342470520959, 26: 0.009651951613053506, 27: 0.012904985892999593, 28: 0.011580230541848528, 29: 0.015410952375204307, 30: 0.008430040342464433, 31: 0.010287785459018336, 32: 0.0049580479262852145, 33: 0.012347751736505402, 34: 0.00702477415203372, 35: 0.009611006870177538, 36: 0.01888281394796971, 37: 0.005472795359983112, 38: 0.006021435407063653, 39: 0.006301502010607571, 40: 0.007253558865352461, 41: 0.0066932261887828765, 42: 0.009618759122043774, 43: 0.008360553949831229, 44: 0.01158110196747616, 45: 0.007238791827832923, 46: 0.013085856090774523, 47: 0.005010205234396732, 48: 0.004520207580995253, 49: 0.016177632356186918, 50: 0.006055426916061141, 51: 0.01411284963434875, 52: 0.009234961695330992, 53: 0.007828660467851321, 54: 0.01195256278122243, 55: 0.013304676519321164, 56: 0.008783879781350225, 57: 0.008679221777550362, 58: 0.01697922383661201, 59: 0.010042661256745983, 60: 0.005509141290634017, 61: 0.008735627913710105, 62: 0.009368317192859821, 63: 0.011536427310518007, 64: 0.008247053849138862, 65: 0.010412193192846093, 66: 0.008376267946882737, 67: 0.0062464016491568485, 68: 0.008397581247097767, 69: 0.0064513171533719495, 70: 0.00610346103773783, 71: 0.004148131318854868, 72: 0.00683969578006645, 73: 0.009861158416287343, 74: 0.009837633402454757}","[57, 55, 55, 54, 54, 53, 53, 51, 51, 51, 50, 50, 49, 49, 49, 49, 48, 48, 48, 48, 47, 46, 46, 45, 45, 45, 44, 44, 44, 44, 43, 43, 43, 42, 42, 42, 42, 41, 41, 41, 41, 41, 41, 41, 40, 40, 40, 40, 40, 40, 39, 39, 38, 38, 38, 37, 36, 36, 36, 36, 35, 35, 35, 35, 34, 34, 34, 34, 33, 33, 33, 31, 30, 30, 27]","dict_values([27, 22, 25, 20, 23, 22, 29, 18, 25, 22, 21, 20, 24, 26, 17, 25, 19, 19, 20, 9, 11, 19, 24, 24, 20, 23, 22, 13, 28, 23, 14, 25, 16, 23, 36, 19, 21, 18, 23, 13, 26, 19, 17, 23, 11, 22, 18, 29, 27, 22, 25, 25, 24, 21, 23, 19, 19, 21, 17, 25, 19, 17, 22, 19, 11, 23, 26, 27, 23, 24, 22, 18, 26, 25, 25])",0.10475799550401052
36,42.16,0.29431288020177987,"{0: 0.015666820678376964, 1: 0.012085492284110795, 2: 0.007293389416210085, 3: 0.014171401710205827, 4: 0.012100621850784511, 5: 0.007911424937698317, 6: 0.01148494642664509, 7: 0.013758115099126313, 8: 0.00677651654822881, 9: 0.01712508496344461, 10: 0.013808830353546537, 11: 0.008655902301506585, 12: 0.008863763793294621, 13: 0.006113532877775863, 14: 0.013549088275513922, 15: 0.012364000329228044, 16: 0.003410623787336116, 17: 0.014486517576431952, 18: 0.008315977802462474, 19: 0.013017030236942631, 20: 0.015253715025894753, 21: 0.006912778488120956, 22: 0.015217698039357063, 23: 0.005539414871606653, 24: 0.010427280100467487, 25: 0.006852735701902951, 26: 0.00978882017743174, 27: 0.012831381799392154, 28: 0.011720196212393735, 29: 0.015018885130171963, 30: 0.008232850278118582, 31: 0.010228769414584707, 32: 0.0045413404668332834, 33: 0.012340016737142379, 34: 0.007011645979519205, 35: 0.009640229770250667, 36: 0.017744220335680204, 37: 0.005614738229564983, 38: 0.006585026712486799, 39: 0.006278068596763199, 40: 0.00722690404504731, 41: 0.0061757023542146, 42: 0.009633445133887026, 43: 0.008871692402793752, 44: 0.011607683587478549, 45: 0.0066525724362146614, 46: 0.013046413804212911, 47: 0.0046852680414324254, 48: 0.004545876187970453, 49: 0.01604203146314825, 50: 0.006118209423056957, 51: 0.01456361704919907, 52: 0.009401574935964918, 53: 0.007976256497147347, 54: 0.011721672265112205, 55: 0.013671202150290954, 56: 0.009341918041383459, 57: 0.008786168480864071, 58: 0.016308447106735218, 59: 0.010049873149624295, 60: 0.005110796634769237, 61: 0.008684955622908885, 62: 0.009392383420871883, 63: 0.011912254816248316, 64: 0.008125504328086373, 65: 0.010385118144671137, 66: 0.007734384887202247, 67: 0.006318711275452443, 68: 0.008994825643353582, 69: 0.006566450548118558, 70: 0.006028901834976762, 71: 0.00416609736078331, 72: 0.007113316100177284, 73: 0.009397260704739063, 74: 0.011112428356586298}","[56, 55, 55, 54, 53, 53, 52, 51, 51, 51, 51, 50, 49, 49, 49, 48, 48, 48, 48, 48, 47, 46, 46, 45, 45, 45, 45, 45, 44, 44, 44, 43, 43, 43, 42, 42, 42, 41, 41, 41, 41, 41, 40, 40, 40, 40, 40, 40, 40, 40, 39, 39, 38, 38, 38, 37, 36, 36, 36, 36, 36, 35, 35, 35, 34, 34, 34, 34, 33, 32, 32, 31, 31, 30, 28]","dict_values([27, 22, 25, 20, 23, 22, 29, 18, 25, 22, 21, 20, 24, 26, 17, 25, 19, 19, 20, 9, 11, 19, 24, 24, 20, 23, 22, 13, 28, 23, 14, 25, 16, 23, 36, 19, 21, 18, 23, 13, 26, 19, 17, 23, 11, 22, 18, 29, 27, 22, 25, 25, 24, 21, 23, 19, 19, 21, 17, 25, 19, 17, 22, 19, 11, 23, 26, 27, 23, 24, 22, 18, 26, 25, 25])",0.10580697970563627
36,42.0,0.2934406281421087,"{0: 0.01594907647119163, 1: 0.012311823657760984, 2: 0.007700254018832531, 3: 0.014447774477352609, 4: 0.012568942082204012, 5: 0.0075470203148503305, 6: 0.010967466424879788, 7: 0.014510644269211802, 8: 0.006864109595128868, 9: 0.017460180829331685, 10: 0.014439653042594222, 11: 0.008686048501886688, 12: 0.009376915549029918, 13: 0.006118497564997471, 14: 0.013105651626001283, 15: 0.011953860559437554, 16: 0.00346395962834319, 17: 0.014554331673224303, 18: 0.008794031254560625, 19: 0.011869710329032517, 20: 0.014563803693344604, 21: 0.007121517385417466, 22: 0.015467221267092008, 23: 0.005535225753606313, 24: 0.009659393581719435, 25: 0.0065543412792112175, 26: 0.009871662418746492, 27: 0.012972615181328459, 28: 0.011786887482062232, 29: 0.015260224326184171, 30: 0.008498441991057766, 31: 0.010738850156366131, 32: 0.0045036244767929935, 33: 0.011868647776082727, 34: 0.007248272203577521, 35: 0.009956661111866617, 36: 0.017933739691812594, 37: 0.005668578946177657, 38: 0.006577851159187372, 39: 0.006306430440193534, 40: 0.006757365127631043, 41: 0.005659419674048405, 42: 0.00974827684910775, 43: 0.00894605322265296, 44: 0.01178894519757242, 45: 0.006692047477506059, 46: 0.013250612898074625, 47: 0.004974494903789101, 48: 0.004751249509782131, 49: 0.016314038757128526, 50: 0.005780119969991966, 51: 0.01472010972406671, 52: 0.00952659495372083, 53: 0.008104848407358159, 54: 0.011993475355829546, 55: 0.013281129675793028, 56: 0.009975599513883436, 57: 0.008924810908454846, 58: 0.015657049068504878, 59: 0.009306201985294733, 60: 0.00517243634849051, 61: 0.008119904737353648, 62: 0.008988925451501406, 63: 0.012079978916583646, 64: 0.008117406930532754, 65: 0.010645790708141272, 66: 0.007780925567853031, 67: 0.006312863675877375, 68: 0.009166985862919995, 69: 0.006680024745093239, 70: 0.005550024784786255, 71: 0.004166947478792765, 72: 0.007201958667812757, 73: 0.009451326574614245, 74: 0.011132742093363486}","[56, 55, 55, 54, 54, 52, 51, 51, 51, 51, 50, 50, 49, 49, 48, 48, 48, 47, 47, 47, 47, 46, 45, 45, 45, 45, 45, 45, 44, 44, 44, 43, 43, 42, 42, 42, 41, 41, 41, 41, 40, 40, 40, 40, 40, 40, 40, 40, 39, 39, 39, 39, 39, 38, 38, 37, 37, 36, 36, 36, 36, 36, 35, 35, 34, 34, 34, 33, 32, 32, 32, 31, 31, 30, 28]","dict_values([27, 22, 25, 20, 23, 22, 29, 18, 25, 22, 21, 20, 24, 26, 17, 25, 19, 19, 20, 9, 11, 19, 24, 24, 20, 23, 22, 13, 28, 23, 14, 25, 16, 23, 36, 19, 21, 18, 23, 13, 26, 19, 17, 23, 11, 22, 18, 29, 27, 22, 25, 25, 24, 21, 23, 19, 19, 21, 17, 25, 19, 17, 22, 19, 11, 23, 26, 27, 23, 24, 22, 18, 26, 25, 25])",0.10483527336860672
36,42.08,0.293379181553119,"{0: 0.01581917679169953, 1: 0.011694431916482291, 2: 0.008005689008004678, 3: 0.013845262908616509, 4: 0.012096034724189821, 5: 0.00756002484447287, 6: 0.011035061077420036, 7: 0.01356035747966495, 8: 0.006886066398347929, 9: 0.01738286562713202, 10: 0.014362119668551786, 11: 0.008714328329349586, 12: 0.00901663022178107, 13: 0.006188244571560971, 14: 0.013538330185143768, 15: 0.012297476170313883, 16: 0.0033820461902653687, 17: 0.014378346478875422, 18: 0.008630361122094707, 19: 0.011946294105198083, 20: 0.014518277936748546, 21: 0.007073481697325093, 22: 0.015855780877217125, 23: 0.005527654757106812, 24: 0.009289591347363834, 25: 0.006485216724416061, 26: 0.00988463941050148, 27: 0.013584649251276556, 28: 0.012297343876784817, 29: 0.014819389283596088, 30: 0.009066625288248562, 31: 0.010584762921263143, 32: 0.004873505161228946, 33: 0.011843580462733153, 34: 0.006990280745937716, 35: 0.009541843990911764, 36: 0.017850442314649117, 37: 0.005675050014292562, 38: 0.006590682712553284, 39: 0.006240269232086177, 40: 0.006728834277182385, 41: 0.00556513603079311, 42: 0.010029294333772674, 43: 0.00887032427633095, 44: 0.011769815574163402, 45: 0.0066087624206077064, 46: 0.013282763686964254, 47: 0.004881301316670457, 48: 0.005249344172348424, 49: 0.016047334226326416, 50: 0.006325414469928161, 51: 0.014819099912392358, 52: 0.009443007376403691, 53: 0.008903043529309165, 54: 0.011944854261266482, 55: 0.01329269378928818, 56: 0.010029180864849859, 57: 0.008797668813499485, 58: 0.015429431466857452, 59: 0.00975197274357681, 60: 0.005080636330636329, 61: 0.008095677616225563, 62: 0.009085310242804625, 63: 0.01198159106756178, 64: 0.008135926886806415, 65: 0.010573989886071356, 66: 0.007630865712698083, 67: 0.006256799277583406, 68: 0.009008159677559566, 69: 0.006689506603890166, 70: 0.005632513723527645, 71: 0.004155441645369123, 72: 0.007814998804590178, 73: 0.009128522672490858, 74: 0.010977844529415843}","[56, 55, 55, 54, 53, 52, 52, 51, 51, 51, 51, 50, 49, 49, 48, 48, 48, 47, 47, 47, 47, 46, 46, 45, 45, 45, 44, 44, 44, 44, 43, 43, 43, 43, 42, 42, 41, 41, 41, 41, 41, 40, 40, 40, 40, 40, 40, 40, 40, 39, 39, 38, 38, 38, 38, 38, 38, 37, 36, 36, 36, 36, 35, 35, 34, 34, 34, 33, 33, 33, 32, 32, 31, 30, 28]","dict_values([27, 22, 25, 20, 23, 22, 29, 18, 25, 22, 21, 20, 24, 26, 17, 25, 19, 19, 20, 9, 11, 19, 24, 24, 20, 23, 22, 13, 28, 23, 14, 25, 16, 23, 36, 19, 21, 18, 23, 13, 26, 19, 17, 23, 11, 22, 18, 29, 27, 22, 25, 25, 24, 21, 23, 19, 19, 21, 17, 25, 19, 17, 22, 19, 11, 23, 26, 27, 23, 24, 22, 18, 26, 25, 25])",0.10317965177078364
36,42.10666666666667,0.29335837333757564,"{0: 0.015623553465863834, 1: 0.011591732498072098, 2: 0.008477428029235526, 3: 0.014379807834307961, 4: 0.012344243363141326, 5: 0.006914903889391386, 6: 0.011105951713270888, 7: 0.013374212596049196, 8: 0.006942019536492849, 9: 0.017239126146932772, 10: 0.014163444718440693, 11: 0.008842815475995382, 12: 0.008416224931301095, 13: 0.006204120320760129, 14: 0.013647976132013745, 15: 0.013119421326875604, 16: 0.0033377350158172074, 17: 0.01360746499238228, 18: 0.00797098090437722, 19: 0.011597599448848335, 20: 0.014500895903358383, 21: 0.006995663988114898, 22: 0.01588057565925968, 23: 0.005152404294248831, 24: 0.008657369045980606, 25: 0.006570093643307196, 26: 0.010441760838123065, 27: 0.013401647730269299, 28: 0.012458562597906023, 29: 0.014838648706918858, 30: 0.009185112511266233, 31: 0.011268009601576914, 32: 0.0051548378313801225, 33: 0.011647432730583203, 34: 0.007056855074216546, 35: 0.00977320853037939, 36: 0.01726574494688598, 37: 0.0061249562005001165, 38: 0.006550006559669259, 39: 0.0062469750635067225, 40: 0.006644430625910842, 41: 0.005449260281595468, 42: 0.01022741749328212, 43: 0.008357399464817181, 44: 0.011901621605301662, 45: 0.006980267168708694, 46: 0.014065790696368067, 47: 0.005154545236642132, 48: 0.005251848455674626, 49: 0.015769245532240007, 50: 0.006184301121398625, 51: 0.014991599693990363, 52: 0.009776421743139495, 53: 0.00883963543050832, 54: 0.01212855380094678, 55: 0.012947954343272828, 56: 0.010042221792513689, 57: 0.00804516984009329, 58: 0.015302760610815423, 59: 0.009342922997951858, 60: 0.005103505338554016, 61: 0.008020637568466686, 62: 0.008554892736324917, 63: 0.011949519643302011, 64: 0.008240750768676107, 65: 0.011179764826988261, 66: 0.007966282967742976, 67: 0.006449004898896753, 68: 0.008885637900598247, 69: 0.00673314760121122, 70: 0.006039708033090193, 71: 0.00415050540581482, 72: 0.00790875733112745, 73: 0.009275799782533008, 74: 0.011201588133122298}","[55, 55, 55, 54, 53, 52, 52, 52, 51, 51, 51, 50, 50, 49, 49, 48, 48, 48, 47, 47, 46, 46, 46, 46, 45, 45, 45, 44, 44, 43, 43, 43, 43, 43, 42, 42, 41, 41, 41, 41, 41, 41, 40, 40, 40, 40, 40, 40, 39, 39, 39, 39, 38, 38, 38, 37, 37, 37, 37, 36, 36, 35, 35, 35, 35, 34, 34, 34, 33, 32, 32, 32, 30, 30, 28]","dict_values([27, 22, 25, 20, 23, 22, 29, 18, 25, 22, 21, 20, 24, 26, 17, 25, 19, 19, 20, 9, 11, 19, 24, 24, 20, 23, 22, 13, 28, 23, 14, 25, 16, 23, 36, 19, 21, 18, 23, 13, 26, 19, 17, 23, 11, 22, 18, 29, 27, 22, 25, 25, 24, 21, 23, 19, 19, 21, 17, 25, 19, 17, 22, 19, 11, 23, 26, 27, 23, 24, 22, 18, 26, 25, 25])",0.10267719807270942
36,42.08,0.2928838187153586,"{0: 0.01590130620340571, 1: 0.01143321236783425, 2: 0.008635816436767769, 3: 0.013912665284465095, 4: 0.012285040220529767, 5: 0.006925655355622306, 6: 0.010928533074283096, 7: 0.013475751102675763, 8: 0.007128226854357084, 9: 0.0161204916604895, 10: 0.014222092308160315, 11: 0.009033415166845188, 12: 0.007988562950354045, 13: 0.006637954328468891, 14: 0.013600097220503166, 15: 0.01243705096089245, 16: 0.003420143654097786, 17: 0.013510851525690046, 18: 0.008103793160092354, 19: 0.012324985382417625, 20: 0.014882488921586817, 21: 0.00699477785709178, 22: 0.015721816867842704, 23: 0.005232747330956344, 24: 0.008344460560262109, 25: 0.006525471966778995, 26: 0.010448781015991327, 27: 0.013391858679384359, 28: 0.012009556538132895, 29: 0.015113331379968084, 30: 0.009080047009181752, 31: 0.010732943395812131, 32: 0.005233579438006565, 33: 0.011339257997931187, 34: 0.007722002895005106, 35: 0.010536613588546294, 36: 0.01735135447411279, 37: 0.005889373442901705, 38: 0.00642675587991173, 39: 0.006240737728502265, 40: 0.006608851686112886, 41: 0.00549251840371084, 42: 0.009390880229355294, 43: 0.008349390895164777, 44: 0.011371597873416043, 45: 0.006625194205115287, 46: 0.014052643273117902, 47: 0.005159711234757598, 48: 0.00541714451138164, 49: 0.015809285286745734, 50: 0.006119568993310331, 51: 0.01584929062594541, 52: 0.0097374688187202, 53: 0.009335953747276735, 54: 0.012008209978186734, 55: 0.013402325760444382, 56: 0.010609100265082785, 57: 0.007916729147497987, 58: 0.015087299025876126, 59: 0.009245125445551058, 60: 0.0052098018715623145, 61: 0.00798758859984248, 62: 0.008572096331407288, 63: 0.011927959176536067, 64: 0.008785489091667854, 65: 0.011767471921059269, 66: 0.007782515362747991, 67: 0.0062191635385336124, 68: 0.009015954035072896, 69: 0.006659188272005474, 70: 0.006027366536693955, 71: 0.004113142908370183, 72: 0.007841117739270638, 73: 0.009081718432227305, 74: 0.011682162505960646}","[55, 55, 55, 53, 53, 53, 52, 52, 52, 51, 51, 50, 49, 49, 48, 48, 48, 48, 47, 47, 47, 46, 46, 46, 46, 45, 45, 44, 44, 43, 43, 43, 43, 43, 42, 41, 41, 41, 41, 41, 41, 40, 40, 40, 40, 40, 40, 40, 39, 39, 39, 39, 38, 38, 38, 37, 37, 37, 36, 36, 36, 36, 35, 35, 35, 34, 34, 33, 33, 32, 32, 32, 30, 30, 28]","dict_values([27, 22, 25, 20, 23, 22, 29, 18, 25, 22, 21, 20, 24, 26, 17, 25, 19, 19, 20, 9, 11, 19, 24, 24, 20, 23, 22, 13, 28, 23, 14, 25, 16, 23, 36, 19, 21, 18, 23, 13, 26, 19, 17, 23, 11, 22, 18, 29, 27, 22, 25, 25, 24, 21, 23, 19, 19, 21, 17, 25, 19, 17, 22, 19, 11, 23, 26, 27, 23, 24, 22, 18, 26, 25, 25])",0.10275195535572298
36,42.24,0.29418783201391546,"{0: 0.01560129263867491, 1: 0.011523261247646686, 2: 0.009242846870372199, 3: 0.01422346367393092, 4: 0.01227148209441463, 5: 0.007107009317511502, 6: 0.01076580370561657, 7: 0.012755883652498527, 8: 0.0070813662655639185, 9: 0.016845762029516535, 10: 0.014044403419651786, 11: 0.009416021225994324, 12: 0.007929239908048712, 13: 0.006210554703263853, 14: 0.012970448188476303, 15: 0.013595373622751667, 16: 0.003449410160917949, 17: 0.013641050836008386, 18: 0.008264493208230979, 19: 0.012060360638251732, 20: 0.014290068796491001, 21: 0.007441437808077614, 22: 0.016568598607148346, 23: 0.005403476593545086, 24: 0.008912576765414956, 25: 0.006375480726403883, 26: 0.010719063973404648, 27: 0.012448862739958629, 28: 0.01252123614305985, 29: 0.015055214991002663, 30: 0.008746997821350726, 31: 0.010556236882940792, 32: 0.00502769046660062, 33: 0.011832810335889652, 34: 0.007771460384998505, 35: 0.01066312970978259, 36: 0.01716665046083666, 37: 0.005837705372354849, 38: 0.006345427449780336, 39: 0.006140853904753985, 40: 0.006483943351640773, 41: 0.005062816960983762, 42: 0.009287880545483036, 43: 0.007972737365771063, 44: 0.01130363843292421, 45: 0.006728965519561087, 46: 0.014571004513842953, 47: 0.004948026462163031, 48: 0.005746141680583951, 49: 0.017092422639383435, 50: 0.005920425010785442, 51: 0.015740959439080483, 52: 0.009643922136057049, 53: 0.009227230827685607, 54: 0.011884805016244237, 55: 0.012922230507235401, 56: 0.010757048554187958, 57: 0.007492521065744852, 58: 0.014274370002374774, 59: 0.009020499121716093, 60: 0.005139044736825324, 61: 0.00799740374590445, 62: 0.009501664369676055, 63: 0.010818545259479694, 64: 0.008793880410429989, 65: 0.011790653190136943, 66: 0.007740566480900742, 67: 0.006116779319516923, 68: 0.008800853358278316, 69: 0.006322414562996755, 70: 0.00543916817228152, 71: 0.004351747278318592, 72: 0.007619694678229242, 73: 0.00922168631190408, 74: 0.011648613181812052}","[56, 55, 55, 54, 53, 53, 52, 52, 52, 50, 50, 50, 50, 49, 48, 48, 48, 48, 48, 47, 47, 47, 46, 46, 46, 46, 45, 45, 44, 44, 43, 43, 43, 43, 42, 42, 42, 41, 41, 41, 41, 41, 40, 40, 40, 40, 40, 40, 39, 39, 39, 39, 39, 38, 38, 38, 37, 37, 36, 36, 35, 35, 35, 35, 35, 34, 34, 33, 33, 33, 32, 32, 31, 31, 28]","dict_values([27, 22, 25, 20, 23, 22, 29, 18, 25, 22, 21, 20, 24, 26, 17, 25, 19, 19, 20, 9, 11, 19, 24, 24, 20, 23, 22, 13, 28, 23, 14, 25, 16, 23, 36, 19, 21, 18, 23, 13, 26, 19, 17, 23, 11, 22, 18, 29, 27, 22, 25, 25, 24, 21, 23, 19, 19, 21, 17, 25, 19, 17, 22, 19, 11, 23, 26, 27, 23, 24, 22, 18, 26, 25, 25])",0.10303795531068258
36,42.18666666666667,0.29312545338183177,"{0: 0.015399668744800081, 1: 0.011728787458732529, 2: 0.009209056257884185, 3: 0.014312617157769165, 4: 0.01181266023712974, 5: 0.007373278562465236, 6: 0.010745233217177427, 7: 0.013315997472142932, 8: 0.0073895182626633, 9: 0.016742648829678713, 10: 0.013986165384681396, 11: 0.00941760979967115, 12: 0.007796134703080589, 13: 0.006194239413660207, 14: 0.012215707789049403, 15: 0.013328196760055068, 16: 0.0035007451005908425, 17: 0.013896119766987394, 18: 0.008256864370131563, 19: 0.011940400868933112, 20: 0.014929315709186593, 21: 0.007588066653336598, 22: 0.01651701696264733, 23: 0.005412192965597278, 24: 0.008908696471270683, 25: 0.007057847182771769, 26: 0.011516436799883083, 27: 0.012705847615452586, 28: 0.012848317229083365, 29: 0.014010132914339363, 30: 0.008634383271993182, 31: 0.01063512292232826, 32: 0.005033306140485754, 33: 0.012075841751357253, 34: 0.007708361207559847, 35: 0.010092719233629859, 36: 0.016834557243372947, 37: 0.006486092998985829, 38: 0.006700454095507972, 39: 0.0058852901217929425, 40: 0.006631901817236226, 41: 0.0051309098297414165, 42: 0.00913119625304887, 43: 0.008133666205523254, 44: 0.011465715056102449, 45: 0.006796530287468322, 46: 0.014594660946870333, 47: 0.00527889058604098, 48: 0.005993311926027479, 49: 0.016777998725780483, 50: 0.005359008232720739, 51: 0.015277892161554727, 52: 0.009650188800491014, 53: 0.009712957398218994, 54: 0.01188967182225202, 55: 0.013105703017106798, 56: 0.011478032459112938, 57: 0.007601228846415619, 58: 0.014221944261016273, 59: 0.009075693288588062, 60: 0.00453841719524742, 61: 0.007498380205117778, 62: 0.009171643817442385, 63: 0.010518861770611504, 64: 0.008895343164722489, 65: 0.0116774082118375, 66: 0.007506718979877283, 67: 0.006220160257530981, 68: 0.008807684158216086, 69: 0.006333444775225599, 70: 0.005456308730606567, 71: 0.004194440656970874, 72: 0.007710880162581346, 73: 0.009185490089907745, 74: 0.011229994429671042}","[55, 55, 54, 54, 53, 53, 53, 53, 51, 50, 50, 50, 49, 49, 48, 48, 48, 48, 47, 47, 47, 46, 46, 46, 46, 46, 45, 44, 44, 44, 43, 43, 43, 43, 42, 42, 42, 42, 41, 41, 40, 40, 40, 40, 40, 40, 40, 40, 40, 39, 39, 39, 39, 38, 38, 38, 37, 37, 37, 36, 36, 36, 35, 35, 35, 34, 34, 34, 33, 33, 31, 31, 31, 30, 28]","dict_values([27, 22, 25, 20, 23, 22, 29, 18, 25, 22, 21, 20, 24, 26, 17, 25, 19, 19, 20, 9, 11, 19, 24, 24, 20, 23, 22, 13, 28, 23, 14, 25, 16, 23, 36, 19, 21, 18, 23, 13, 26, 19, 17, 23, 11, 22, 18, 29, 27, 22, 25, 25, 24, 21, 23, 19, 19, 21, 17, 25, 19, 17, 22, 19, 11, 23, 26, 27, 23, 24, 22, 18, 26, 25, 25])",0.10260899723661097
36,42.42666666666667,0.2946698447448244,"{0: 0.015282044956113298, 1: 0.011390612641357134, 2: 0.009218946767516898, 3: 0.01420069131338584, 4: 0.011608271227643234, 5: 0.008393792459062402, 6: 0.01077258253215468, 7: 0.01309166857924364, 8: 0.00731188714271562, 9: 0.017024222305304915, 10: 0.01370206789741596, 11: 0.009211582076207378, 12: 0.00797020545413778, 13: 0.006036193687281519, 14: 0.011945840089766685, 15: 0.013728390935113842, 16: 0.0034666173364803496, 17: 0.013793480397590149, 18: 0.00819482003167328, 19: 0.010966381422289487, 20: 0.014713485406260201, 21: 0.007750261507312273, 22: 0.01648758275299668, 23: 0.005354792597943283, 24: 0.008719529997570603, 25: 0.006953710306037808, 26: 0.011290114363710878, 27: 0.01245007681173658, 28: 0.013268083382910138, 29: 0.0138962454214473, 30: 0.008387750611763506, 31: 0.0099384077049354, 32: 0.004751253139649594, 33: 0.012045649564149802, 34: 0.007975266027478561, 35: 0.009863601667212016, 36: 0.0172411885516364, 37: 0.007223385164561636, 38: 0.007171090315452676, 39: 0.0064414434176722655, 40: 0.006619293071750766, 41: 0.005084883806680745, 42: 0.008988299280139661, 43: 0.008011171890160922, 44: 0.01124520906434556, 45: 0.00667586539866959, 46: 0.01429247314928568, 47: 0.005169566632096849, 48: 0.0065017367495207945, 49: 0.016682365923530215, 50: 0.005320727747911748, 51: 0.015554487221435957, 52: 0.00912200250404564, 53: 0.00962965859218881, 54: 0.011640060620653144, 55: 0.013546796837796382, 56: 0.011249742222747864, 57: 0.007767797979934056, 58: 0.013952620711589108, 59: 0.008860317987774808, 60: 0.0044057258567863945, 61: 0.007877499829554626, 62: 0.009149843676500123, 63: 0.010959485187150184, 64: 0.008624141085196541, 65: 0.012134291062574704, 66: 0.006986584063163341, 67: 0.006124659090854407, 68: 0.00870146492449656, 69: 0.006797883253362705, 70: 0.005388937056946727, 71: 0.004193474902580463, 72: 0.007602682712533951, 73: 0.009032760435469288, 74: 0.01141503344570227}","[55, 55, 55, 55, 53, 53, 53, 53, 52, 51, 50, 50, 49, 49, 49, 48, 48, 48, 48, 47, 47, 47, 46, 46, 46, 45, 45, 44, 44, 44, 44, 43, 43, 43, 42, 42, 42, 42, 42, 41, 41, 41, 40, 40, 40, 40, 40, 40, 40, 40, 39, 39, 39, 39, 38, 38, 38, 37, 37, 37, 37, 36, 36, 35, 35, 35, 35, 34, 33, 33, 31, 31, 31, 30, 28]","dict_values([27, 22, 25, 20, 23, 22, 29, 18, 25, 22, 21, 20, 24, 26, 17, 25, 19, 19, 20, 9, 11, 19, 24, 24, 20, 23, 22, 13, 28, 23, 14, 25, 16, 23, 36, 19, 21, 18, 23, 13, 26, 19, 17, 23, 11, 22, 18, 29, 27, 22, 25, 25, 24, 21, 23, 19, 19, 21, 17, 25, 19, 17, 22, 19, 11, 23, 26, 27, 23, 24, 22, 18, 26, 25, 25])",0.10550784365702584
36,42.373333333333335,0.2947119404879713,"{0: 0.015292988244773393, 1: 0.011594890574099303, 2: 0.009121693111857072, 3: 0.014440510052889065, 4: 0.010733970673855555, 5: 0.008249436835254725, 6: 0.011301636480923957, 7: 0.012543042881479626, 8: 0.00693682007002839, 9: 0.017172956859304308, 10: 0.013630208249588473, 11: 0.009350696848252061, 12: 0.008378333896490099, 13: 0.006248347837791835, 14: 0.011573350632573644, 15: 0.01400195416449643, 16: 0.003544358753661853, 17: 0.01294560624468076, 18: 0.007751285609598685, 19: 0.010902763296150177, 20: 0.01469023833263752, 21: 0.007599998010956917, 22: 0.016690160748869014, 23: 0.00578231313406504, 24: 0.008975178656886958, 25: 0.006962410253543039, 26: 0.011246572626630615, 27: 0.011735625166238628, 28: 0.013568865911496114, 29: 0.015531549681847188, 30: 0.008996600321322788, 31: 0.010330820939814389, 32: 0.0047782882528976745, 33: 0.012307620303889093, 34: 0.008034041131090824, 35: 0.0098665048322816, 36: 0.01641409545292173, 37: 0.007581780214737508, 38: 0.007108993635081044, 39: 0.006374522289107301, 40: 0.006139364956071047, 41: 0.0051245570484087805, 42: 0.008997669243958357, 43: 0.00755496816105443, 44: 0.011448576036039219, 45: 0.006829800151717961, 46: 0.014338191752990719, 47: 0.005120534203523964, 48: 0.006519523240714439, 49: 0.016601460861931483, 50: 0.005420354162164764, 51: 0.015441439987299499, 52: 0.009421241554889269, 53: 0.00973877049427464, 54: 0.011700565969193716, 55: 0.013498857873338408, 56: 0.012028056562154936, 57: 0.007671661331440986, 58: 0.013845222527527398, 59: 0.008420158432373863, 60: 0.004192621420643763, 61: 0.007899243686914921, 62: 0.009126289461810478, 63: 0.011108620226232043, 64: 0.008666919709031612, 65: 0.012129085695268967, 66: 0.006276594435479394, 67: 0.006293187251310657, 68: 0.00856177059843458, 69: 0.006865846934340084, 70: 0.0056621397274096725, 71: 0.004179081566269318, 72: 0.00793900203913167, 73: 0.009018496328647683, 74: 0.0112123235878563}","[55, 55, 55, 54, 53, 53, 53, 52, 52, 51, 51, 50, 49, 49, 48, 48, 48, 48, 48, 48, 47, 47, 46, 46, 46, 45, 45, 45, 44, 44, 43, 43, 43, 42, 42, 42, 42, 42, 41, 41, 41, 41, 41, 41, 41, 40, 40, 40, 40, 39, 39, 39, 39, 39, 38, 38, 38, 38, 37, 36, 36, 36, 35, 35, 35, 35, 34, 34, 33, 33, 32, 31, 30, 30, 28]","dict_values([27, 22, 25, 20, 23, 22, 29, 18, 25, 22, 21, 20, 24, 26, 17, 25, 19, 19, 20, 9, 11, 19, 24, 24, 20, 23, 22, 13, 28, 23, 14, 25, 16, 23, 36, 19, 21, 18, 23, 13, 26, 19, 17, 23, 11, 22, 18, 29, 27, 22, 25, 25, 24, 21, 23, 19, 19, 21, 17, 25, 19, 17, 22, 19, 11, 23, 26, 27, 23, 24, 22, 18, 26, 25, 25])",0.10356284414443062
36,42.56,0.29602117991407745,"{0: 0.015030048446438215, 1: 0.011696011597676522, 2: 0.009505064226230537, 3: 0.013242633630964036, 4: 0.010704157491536019, 5: 0.00858697626348208, 6: 0.012232636252809445, 7: 0.012302506899782146, 8: 0.007304262698098316, 9: 0.01716221954365882, 10: 0.012738325067365646, 11: 0.009208050246863032, 12: 0.008038216952381844, 13: 0.0073689785628419865, 14: 0.0112829672874482, 15: 0.014465630591971345, 16: 0.0037973688087843335, 17: 0.012727012595351122, 18: 0.007873113432474163, 19: 0.010836240867078573, 20: 0.014044166678995567, 21: 0.00759121855012266, 22: 0.016615998848036516, 23: 0.005656723225779114, 24: 0.008755307554380176, 25: 0.006841487175108391, 26: 0.011640970815748513, 27: 0.012134481072837235, 28: 0.012632032354148963, 29: 0.015676804569002306, 30: 0.008932133369888485, 31: 0.010828118673112968, 32: 0.0046418949789887205, 33: 0.012184993014706082, 34: 0.008058852064115558, 35: 0.009719274147882158, 36: 0.01647208391821336, 37: 0.007605852458793636, 38: 0.007344466310291739, 39: 0.006328347756631398, 40: 0.006100589252097009, 41: 0.005064504393002917, 42: 0.00899700194903396, 43: 0.0074431040271221, 44: 0.010956693238626494, 45: 0.006806632785483792, 46: 0.013941375537914094, 47: 0.00508630863365279, 48: 0.006468300553531115, 49: 0.017364270925622965, 50: 0.004984196331524207, 51: 0.015796009368560373, 52: 0.00916433048857836, 53: 0.009699770726203295, 54: 0.011680861688554759, 55: 0.013507527255493014, 56: 0.011801811019890108, 57: 0.00764055190080153, 58: 0.013368663157831605, 59: 0.008376937575711155, 60: 0.004957790625598844, 61: 0.007910450670123597, 62: 0.009101697458917766, 63: 0.01087802836235482, 64: 0.009445256801109133, 65: 0.011873575440610436, 66: 0.006218759244247678, 67: 0.006156266310287045, 68: 0.008319865106094379, 69: 0.0067596251621231465, 70: 0.0056466180056026945, 71: 0.004107312054532039, 72: 0.007868883161945306, 73: 0.008963099270313003, 74: 0.011723114586488427}","[56, 55, 55, 55, 53, 53, 53, 52, 52, 52, 50, 50, 49, 49, 49, 48, 48, 48, 47, 47, 47, 47, 47, 46, 46, 46, 45, 45, 44, 44, 44, 43, 43, 43, 43, 42, 42, 42, 42, 42, 41, 41, 41, 41, 41, 41, 40, 40, 40, 39, 39, 39, 39, 39, 39, 39, 38, 38, 38, 36, 36, 36, 36, 35, 35, 35, 34, 34, 33, 33, 32, 31, 30, 30, 29]","dict_values([27, 22, 25, 20, 23, 22, 29, 18, 25, 22, 21, 20, 24, 26, 17, 25, 19, 19, 20, 9, 11, 19, 24, 24, 20, 23, 22, 13, 28, 23, 14, 25, 16, 23, 36, 19, 21, 18, 23, 13, 26, 19, 17, 23, 11, 22, 18, 29, 27, 22, 25, 25, 24, 21, 23, 19, 19, 21, 17, 25, 19, 17, 22, 19, 11, 23, 26, 27, 23, 24, 22, 18, 26, 25, 25])",0.108717910063379
36,42.56,0.29581845694826037,"{0: 0.014998506912103684, 1: 0.01121724047523393, 2: 0.00965742582015339, 3: 0.014517643437523433, 4: 0.011187925704041236, 5: 0.008652867585298686, 6: 0.012945975944347463, 7: 0.012409648835494627, 8: 0.0073244133899676295, 9: 0.016212420445214874, 10: 0.013285391197017746, 11: 0.009244721708452438, 12: 0.007905271802497253, 13: 0.007944027552868271, 14: 0.011358255230134633, 15: 0.013914290935324833, 16: 0.003953594664368293, 17: 0.01330744315061953, 18: 0.007915174373540803, 19: 0.010657691508336547, 20: 0.013819447503586203, 21: 0.008107406984320765, 22: 0.015987534998701782, 23: 0.006499761513209018, 24: 0.00877221163597572, 25: 0.007016222087172966, 26: 0.011708496266432295, 27: 0.012014312870477255, 28: 0.012235624996661044, 29: 0.015186495133543877, 30: 0.00880377540192166, 31: 0.010202076509489887, 32: 0.004686493681032913, 33: 0.012104883146847394, 34: 0.008420139714406184, 35: 0.009564552582995156, 36: 0.0158448768972705, 37: 0.007641073927147215, 38: 0.007288423415482249, 39: 0.006402632797962187, 40: 0.006456774459002441, 41: 0.004654221334318032, 42: 0.00888879350067962, 43: 0.007573165497117325, 44: 0.010917106312844047, 45: 0.006847108201862432, 46: 0.01393637835492876, 47: 0.005240519620369288, 48: 0.006686114118873062, 49: 0.017305537178687058, 50: 0.004514234363991325, 51: 0.015291786568141903, 52: 0.009708065709664855, 53: 0.010396129175401022, 54: 0.012353137336418404, 55: 0.015273333089490713, 56: 0.011858707085809312, 57: 0.008032265327979769, 58: 0.0130503598005735, 59: 0.007740454373951169, 60: 0.004257740463531384, 61: 0.007930934807469111, 62: 0.009037855505336775, 63: 0.010326562893344804, 64: 0.009529332350341266, 65: 0.010178163057199173, 66: 0.006357618280833855, 67: 0.005500049151875433, 68: 0.008349670342266096, 69: 0.007018298879700975, 70: 0.005522648377013762, 71: 0.003575999194452056, 72: 0.007982654574567965, 73: 0.008977867221463631, 74: 0.011801452822927987}","[56, 55, 54, 54, 53, 52, 52, 52, 52, 52, 52, 51, 49, 49, 49, 48, 48, 47, 47, 47, 47, 47, 47, 46, 46, 45, 45, 45, 44, 44, 44, 43, 43, 43, 43, 43, 42, 42, 42, 42, 41, 41, 41, 41, 41, 40, 40, 40, 40, 40, 40, 40, 39, 39, 39, 39, 39, 38, 38, 37, 36, 36, 36, 36, 35, 35, 34, 34, 33, 33, 32, 30, 29, 29, 29]","dict_values([27, 22, 25, 20, 23, 22, 29, 18, 25, 22, 21, 20, 24, 26, 17, 25, 19, 19, 20, 9, 11, 19, 24, 24, 20, 23, 22, 13, 28, 23, 14, 25, 16, 23, 36, 19, 21, 18, 23, 13, 26, 19, 17, 23, 11, 22, 18, 29, 27, 22, 25, 25, 24, 21, 23, 19, 19, 21, 17, 25, 19, 17, 22, 19, 11, 23, 26, 27, 23, 24, 22, 18, 26, 25, 25])",0.10195130683852492
36,42.53333333333333,0.29639769786747994,"{0: 0.015155131034384428, 1: 0.01123446509472868, 2: 0.010132339682273117, 3: 0.014494993723501857, 4: 0.010381148638942121, 5: 0.008992186817425507, 6: 0.012866501251308927, 7: 0.012336670960550382, 8: 0.0072765814384415685, 9: 0.01643649293508183, 10: 0.01347084803273692, 11: 0.008575517876166758, 12: 0.00731898172717296, 13: 0.008250166832406721, 14: 0.011438189353964333, 15: 0.013514476666537453, 16: 0.00405460553712176, 17: 0.013302575114384332, 18: 0.007963733801873672, 19: 0.010631288587742557, 20: 0.014784336530145485, 21: 0.008128650228346995, 22: 0.015346433462502803, 23: 0.006482087910145333, 24: 0.008729330796693052, 25: 0.007032444564290541, 26: 0.011861325941340326, 27: 0.012913195704291594, 28: 0.012291666155649592, 29: 0.015417706447871708, 30: 0.008854557847285852, 31: 0.010343285261502397, 32: 0.004794126110716398, 33: 0.012016167816414122, 34: 0.00840611329388526, 35: 0.009829545020949362, 36: 0.015605771580701831, 37: 0.007596970600596708, 38: 0.00723283836776848, 39: 0.006474196604205158, 40: 0.006133906475395043, 41: 0.004855277524548911, 42: 0.009202042093056481, 43: 0.00764853138750848, 44: 0.010869880473533874, 45: 0.0068959641709560515, 46: 0.013982973056079744, 47: 0.004607607448228965, 48: 0.007449901043081342, 49: 0.018669981141245177, 50: 0.0045468718888537225, 51: 0.01583580253916145, 52: 0.009673823063127666, 53: 0.010447044862162856, 54: 0.012639654055583082, 55: 0.014538704601255864, 56: 0.011772134800512002, 57: 0.008534197698609485, 58: 0.013221146645218068, 59: 0.007770482226442527, 60: 0.004072462341207835, 61: 0.00796987448799585, 62: 0.008714404822141898, 63: 0.010538206758943828, 64: 0.008439117964796676, 65: 0.01016045074655918, 66: 0.006361124277490536, 67: 0.005537695510231667, 68: 0.008131089973645849, 69: 0.006977715975109147, 70: 0.005175350460207401, 71: 0.0033377774792077174, 72: 0.007754494647734672, 73: 0.00899395626739596, 74: 0.010745234433798774}","[57, 55, 54, 54, 53, 53, 53, 52, 52, 51, 51, 51, 50, 49, 49, 48, 48, 48, 47, 47, 47, 47, 46, 46, 46, 45, 45, 45, 45, 44, 44, 44, 44, 43, 43, 43, 42, 42, 41, 41, 41, 41, 41, 41, 40, 40, 40, 40, 40, 40, 40, 39, 39, 39, 39, 38, 38, 38, 38, 37, 37, 36, 36, 35, 35, 34, 34, 34, 34, 33, 32, 30, 29, 29, 28]","dict_values([27, 22, 25, 20, 23, 22, 29, 18, 25, 22, 21, 20, 24, 26, 17, 25, 19, 19, 20, 9, 11, 19, 24, 24, 20, 23, 22, 13, 28, 23, 14, 25, 16, 23, 36, 19, 21, 18, 23, 13, 26, 19, 17, 23, 11, 22, 18, 29, 27, 22, 25, 25, 24, 21, 23, 19, 19, 21, 17, 25, 19, 17, 22, 19, 11, 23, 26, 27, 23, 24, 22, 18, 26, 25, 25])",0.0998555438724069
36,42.32,0.29443465179778083,"{0: 0.01525044620581846, 1: 0.011393114081225283, 2: 0.010237112732251644, 3: 0.014698307363422081, 4: 0.01086944596902026, 5: 0.00907079442662657, 6: 0.013020671454318627, 7: 0.011987869530481168, 8: 0.0073131445827003365, 9: 0.01654448341211213, 10: 0.014470681234729577, 11: 0.008666394737895745, 12: 0.007091009733528206, 13: 0.008239573830817875, 14: 0.010343645596425867, 15: 0.013789597459917658, 16: 0.0036807536780115785, 17: 0.013826340933805394, 18: 0.00794232100882978, 19: 0.010891121452111832, 20: 0.015018852389661346, 21: 0.008168876737571341, 22: 0.014612303161035754, 23: 0.006586648166673664, 24: 0.008806963981337868, 25: 0.007154039769518746, 26: 0.011622444911343854, 27: 0.013119847880121856, 28: 0.012352623289351862, 29: 0.015463344543849738, 30: 0.00893314866544566, 31: 0.010662021858910646, 32: 0.0048349448474347715, 33: 0.012187289808235042, 34: 0.008483884364945382, 35: 0.009969272033502653, 36: 0.015827264686751424, 37: 0.007697987996134653, 38: 0.0075190820214134655, 39: 0.0062511347476137446, 40: 0.006141213263922269, 41: 0.004581899246291862, 42: 0.009126318892247492, 43: 0.007447524251569836, 44: 0.011135703671669096, 45: 0.007003693342877843, 46: 0.014169712728548044, 47: 0.004691367867246197, 48: 0.00760904020128727, 49: 0.017634182360598338, 50: 0.004914011190068367, 51: 0.01572562535014902, 52: 0.009925197442714674, 53: 0.01044275972698735, 54: 0.012747324424001128, 55: 0.014623462588078416, 56: 0.011824278064099324, 57: 0.008291905338534472, 58: 0.013355141377774707, 59: 0.007430567067719158, 60: 0.004122401837450767, 61: 0.007878355414506391, 62: 0.008913666367024477, 63: 0.010388768450066546, 64: 0.008406687759331139, 65: 0.010226572426758142, 66: 0.0064544070033123934, 67: 0.005469913075003103, 68: 0.007310340500659107, 69: 0.007089810305505686, 70: 0.005266282531673523, 71: 0.003329828900206808, 72: 0.007901091797756478, 73: 0.009037092272145646, 74: 0.010253392734697537}","[55, 55, 54, 54, 53, 53, 52, 52, 51, 51, 51, 50, 49, 49, 49, 49, 48, 48, 47, 47, 47, 47, 46, 45, 45, 45, 45, 45, 45, 44, 44, 44, 43, 43, 43, 43, 42, 42, 41, 41, 41, 41, 40, 40, 40, 40, 40, 40, 40, 40, 39, 39, 39, 39, 39, 38, 38, 38, 38, 37, 36, 36, 35, 35, 34, 34, 34, 34, 33, 33, 32, 30, 29, 28, 28]","dict_values([27, 22, 25, 20, 23, 22, 29, 18, 25, 22, 21, 20, 24, 26, 17, 25, 19, 19, 20, 9, 11, 19, 24, 24, 20, 23, 22, 13, 28, 23, 14, 25, 16, 23, 36, 19, 21, 18, 23, 13, 26, 19, 17, 23, 11, 22, 18, 29, 27, 22, 25, 25, 24, 21, 23, 19, 19, 21, 17, 25, 19, 17, 22, 19, 11, 23, 26, 27, 23, 24, 22, 18, 26, 25, 25])",0.10185863480412885
36,42.45333333333333,0.2943146413443986,"{0: 0.014545344118269181, 1: 0.011316659682061999, 2: 0.011471864235253792, 3: 0.015671084583663897, 4: 0.010156978023394825, 5: 0.00902794335006261, 6: 0.0124732062699609, 7: 0.011914793935341882, 8: 0.007273717890156246, 9: 0.015797070341916523, 10: 0.01422387774415786, 11: 0.008484144100582458, 12: 0.006555144314180795, 13: 0.008175028715215355, 14: 0.00963178198924219, 15: 0.013830660196618383, 16: 0.004485153714605769, 17: 0.013668946860901914, 18: 0.007918766309177268, 19: 0.010813171017256876, 20: 0.014956402093791296, 21: 0.007890214365397327, 22: 0.014700119206142732, 23: 0.006890400994436539, 24: 0.008607614420149606, 25: 0.00670823080094492, 26: 0.010660644393521105, 27: 0.01262366382229396, 28: 0.01124051022686992, 29: 0.016201873081405714, 30: 0.008703675741346974, 31: 0.009972796638915987, 32: 0.00475743817013286, 33: 0.0121435308337856, 34: 0.008029974680592187, 35: 0.009965442842893552, 36: 0.015655616370765443, 37: 0.007513309558031557, 38: 0.00749084561615868, 39: 0.00633270135687541, 40: 0.0061276915326162465, 41: 0.004509032067452697, 42: 0.008660834940045253, 43: 0.007399731530772321, 44: 0.010707208976241755, 45: 0.006994406502991602, 46: 0.015153822446328492, 47: 0.005168852879492775, 48: 0.007743469147742076, 49: 0.017372177649795525, 50: 0.0056246377257658485, 51: 0.015369833818279064, 52: 0.011005230241636849, 53: 0.010236682487700627, 54: 0.012521595861644214, 55: 0.013892526666118149, 56: 0.011889562695422271, 57: 0.008233523235912896, 58: 0.013931537907785924, 59: 0.007120408759332297, 60: 0.004662435880769526, 61: 0.008687098863492185, 62: 0.008596073559495128, 63: 0.010195948554426897, 64: 0.00896695517968685, 65: 0.010752594251761227, 66: 0.006406851098631921, 67: 0.005413809578933606, 68: 0.007627239219704973, 69: 0.007046358920537943, 70: 0.005504703493786536, 71: 0.004501636044565201, 72: 0.007423275261712007, 73: 0.009126936924297469, 74: 0.010932385558253453}","[55, 55, 54, 54, 54, 53, 53, 52, 51, 50, 50, 50, 50, 50, 49, 49, 48, 48, 48, 46, 46, 46, 46, 46, 45, 45, 45, 45, 44, 44, 44, 43, 43, 43, 43, 43, 42, 42, 42, 42, 41, 41, 41, 41, 40, 40, 40, 40, 40, 40, 40, 39, 39, 39, 39, 39, 38, 37, 37, 37, 36, 35, 35, 35, 35, 34, 34, 34, 34, 33, 32, 31, 30, 30, 30]","dict_values([27, 22, 25, 20, 23, 22, 29, 18, 25, 22, 21, 20, 24, 26, 17, 25, 19, 19, 20, 9, 11, 19, 24, 24, 20, 23, 22, 13, 28, 23, 14, 25, 16, 23, 36, 19, 21, 18, 23, 13, 26, 19, 17, 23, 11, 22, 18, 29, 27, 22, 25, 25, 24, 21, 23, 19, 19, 21, 17, 25, 19, 17, 22, 19, 11, 23, 26, 27, 23, 24, 22, 18, 26, 25, 25])",0.1003841443397894
36,42.373333333333335,0.29344612369878886,"{0: 0.014593393718320245, 1: 0.011205228610438695, 2: 0.012620210538392015, 3: 0.015483049592887, 4: 0.010073729489136863, 5: 0.009162990282047496, 6: 0.012522380184478803, 7: 0.01153417369170794, 8: 0.007326851293801687, 9: 0.015887759425214275, 10: 0.014421813597413987, 11: 0.007888613959900037, 12: 0.0069310151811007295, 13: 0.008201502283895516, 14: 0.009639037892462553, 15: 0.01391713168062692, 16: 0.004600855344804008, 17: 0.012492922585589789, 18: 0.00832670910307564, 19: 0.011277510106926658, 20: 0.014142172710314949, 21: 0.007949759544805519, 22: 0.014629350320096416, 23: 0.006967693484595763, 24: 0.00875470120099948, 25: 0.006742041063630139, 26: 0.010445360436461415, 27: 0.013312141394333175, 28: 0.011230883161654109, 29: 0.016447699472707845, 30: 0.008159657849609973, 31: 0.010546023753238992, 32: 0.004850743338571221, 33: 0.012250438656082937, 34: 0.007898380944194709, 35: 0.009957938595420138, 36: 0.015951374397826183, 37: 0.0071479759735198906, 38: 0.007528372562231757, 39: 0.006366606578129543, 40: 0.006695634244672251, 41: 0.0038639533401821882, 42: 0.00868558393618564, 43: 0.007353687772379775, 44: 0.010044299237172859, 45: 0.006945677772756023, 46: 0.015450323967305491, 47: 0.005271562008990901, 48: 0.008019416940901867, 49: 0.017374611993677486, 50: 0.006144934282362476, 51: 0.015046310666048475, 52: 0.010449867626861842, 53: 0.010060091909406977, 54: 0.012783648429115084, 55: 0.013675849254426532, 56: 0.012079702951821012, 57: 0.00832770190747134, 58: 0.013995958746358193, 59: 0.007081400329957073, 60: 0.004984631170713187, 61: 0.00859314945447428, 62: 0.00860051082219186, 63: 0.009646058361811786, 64: 0.008433993012961591, 65: 0.010319449280747328, 66: 0.005788196317189535, 67: 0.0058339725615959145, 68: 0.007593606309359734, 69: 0.007015365910092876, 70: 0.006214964991719266, 71: 0.004850881030056022, 72: 0.00726526460618374, 73: 0.009590934014667553, 74: 0.011075372777559095}","[55, 55, 54, 54, 54, 53, 52, 51, 51, 50, 50, 50, 50, 50, 49, 49, 48, 48, 47, 47, 46, 46, 46, 45, 45, 45, 45, 45, 44, 44, 44, 43, 43, 43, 43, 42, 42, 42, 42, 42, 41, 41, 40, 40, 40, 40, 40, 40, 40, 40, 39, 39, 39, 39, 39, 39, 38, 37, 37, 37, 36, 35, 35, 35, 34, 34, 34, 34, 34, 33, 32, 31, 31, 31, 30]","dict_values([27, 22, 25, 20, 23, 22, 29, 18, 25, 22, 21, 20, 24, 26, 17, 25, 19, 19, 20, 9, 11, 19, 24, 24, 20, 23, 22, 13, 28, 23, 14, 25, 16, 23, 36, 19, 21, 18, 23, 13, 26, 19, 17, 23, 11, 22, 18, 29, 27, 22, 25, 25, 24, 21, 23, 19, 19, 21, 17, 25, 19, 17, 22, 19, 11, 23, 26, 27, 23, 24, 22, 18, 26, 25, 25])",0.10261627987568717
36,42.373333333333335,0.2940892981886835,"{0: 0.01405428873201395, 1: 0.011167032091778677, 2: 0.01332444685699947, 3: 0.015502203338420898, 4: 0.008735464825183996, 5: 0.00963233668990716, 6: 0.013513621513795268, 7: 0.011619853071709891, 8: 0.007375622370476733, 9: 0.01598087059969129, 10: 0.01471277904955874, 11: 0.0078086589998554515, 12: 0.006995971947400344, 13: 0.008369653589752021, 14: 0.009668033031511479, 15: 0.013391852142095075, 16: 0.0039548043176352715, 17: 0.011772441763610565, 18: 0.007719354955624319, 19: 0.011493509682542256, 20: 0.01434867321233025, 21: 0.008005750241489355, 22: 0.014788835612701482, 23: 0.007024367370152958, 24: 0.008686718754875684, 25: 0.006749007302761758, 26: 0.010434872914635698, 27: 0.012981386854564052, 28: 0.0110697284504894, 29: 0.01665123009791851, 30: 0.008142890173836823, 31: 0.010533612593409094, 32: 0.0048657662666334945, 33: 0.012970807911618119, 34: 0.008174295180139655, 35: 0.009938285046505825, 36: 0.016653222309022928, 37: 0.007336319300738983, 38: 0.007867955038054894, 39: 0.006383626020664873, 40: 0.0066636557974188914, 41: 0.0038390877529109976, 42: 0.008715637619416955, 43: 0.0074843418150574515, 44: 0.010011115498345815, 45: 0.007047890217452186, 46: 0.015528387551990963, 47: 0.005432790880313777, 48: 0.008446234810711694, 49: 0.016228066244637167, 50: 0.0065331049431310104, 51: 0.015319138110426529, 52: 0.009154771138323189, 53: 0.010380787374821846, 54: 0.012681889447088776, 55: 0.014741414329446065, 56: 0.01204137467305325, 57: 0.008571964009071849, 58: 0.014178711517865152, 59: 0.006976217701399517, 60: 0.0037657524645894006, 61: 0.00854334391674206, 62: 0.00883507993434752, 63: 0.00978357553085823, 64: 0.00877678082450758, 65: 0.010358465559309282, 66: 0.0060826500521369104, 67: 0.00601705383390034, 68: 0.0075169964772376875, 69: 0.007166774575244742, 70: 0.005785639944811789, 71: 0.0049999606287638755, 72: 0.0071954707870803755, 73: 0.009567101566731274, 74: 0.01106720055308093}","[55, 55, 54, 54, 53, 53, 52, 52, 51, 50, 50, 50, 50, 50, 49, 49, 48, 48, 47, 46, 46, 46, 46, 45, 45, 45, 45, 45, 45, 45, 44, 44, 43, 43, 43, 42, 42, 42, 42, 41, 41, 41, 41, 40, 40, 40, 40, 40, 40, 40, 39, 39, 39, 39, 39, 39, 38, 38, 37, 37, 36, 35, 35, 35, 35, 34, 34, 34, 33, 33, 33, 31, 31, 29, 28]","dict_values([27, 22, 25, 20, 23, 22, 29, 18, 25, 22, 21, 20, 24, 26, 17, 25, 19, 19, 20, 9, 11, 19, 24, 24, 20, 23, 22, 13, 28, 23, 14, 25, 16, 23, 36, 19, 21, 18, 23, 13, 26, 19, 17, 23, 11, 22, 18, 29, 27, 22, 25, 25, 24, 21, 23, 19, 19, 21, 17, 25, 19, 17, 22, 19, 11, 23, 26, 27, 23, 24, 22, 18, 26, 25, 25])",0.10465594765143146
36,42.61333333333334,0.29608018198319724,"{0: 0.01382193969950819, 1: 0.011318324714687059, 2: 0.013152508268053307, 3: 0.015386462079695752, 4: 0.008923515309933345, 5: 0.009491927889389611, 6: 0.014842680426963841, 7: 0.01136456493799858, 8: 0.007698968829105815, 9: 0.017080953504408095, 10: 0.014636779283301314, 11: 0.0077737778080243835, 12: 0.0068240195724407525, 13: 0.008197251769287501, 14: 0.009450921530130944, 15: 0.01331371536850989, 16: 0.003928707096515316, 17: 0.011373898237508957, 18: 0.0078027966726596865, 19: 0.010935864551404639, 20: 0.014201017187520006, 21: 0.008035289970221477, 22: 0.014544338767564367, 23: 0.007259828964564879, 24: 0.008375122244985257, 25: 0.0064342342414007575, 26: 0.010719626387434605, 27: 0.012846328789780178, 28: 0.010380604030787792, 29: 0.01631543489420202, 30: 0.008144244295434505, 31: 0.01040694597987434, 32: 0.004783010861777986, 33: 0.012331570829002336, 34: 0.008019067706417082, 35: 0.009559276354193662, 36: 0.016267818984737357, 37: 0.007413891114238534, 38: 0.007838758530476707, 39: 0.005991015056285, 40: 0.006644785779801797, 41: 0.0038227631448824032, 42: 0.008901700446375385, 43: 0.006668942056571252, 44: 0.009404995535132523, 45: 0.007491196831248482, 46: 0.01603574539070768, 47: 0.005369330369330369, 48: 0.008075974069191508, 49: 0.01638698743401383, 50: 0.006412872615783574, 51: 0.015317072778157338, 52: 0.009102681207442044, 53: 0.010188396063771943, 54: 0.012864097817008776, 55: 0.014731464657817748, 56: 0.01212045527322841, 57: 0.00980718318497812, 58: 0.014646681515208078, 59: 0.006552604947296728, 60: 0.00395338879927921, 61: 0.008421294037732395, 62: 0.00953082467738813, 63: 0.01009195543817996, 64: 0.00861248445857632, 65: 0.010271264764001916, 66: 0.006420806569582676, 67: 0.005595821351751856, 68: 0.007409148054499504, 69: 0.007132009656992813, 70: 0.005682386753169561, 71: 0.005366816278991297, 72: 0.007203495795105384, 73: 0.00928575411744473, 74: 0.010906794211588732}","[56, 55, 55, 54, 54, 53, 53, 52, 51, 51, 50, 50, 50, 50, 49, 49, 49, 48, 47, 47, 46, 46, 46, 45, 45, 45, 45, 45, 44, 44, 44, 44, 44, 44, 43, 43, 43, 42, 42, 42, 41, 41, 41, 41, 41, 41, 40, 40, 40, 40, 40, 40, 39, 39, 39, 39, 39, 38, 37, 37, 36, 36, 35, 35, 35, 34, 34, 33, 33, 33, 33, 32, 31, 29, 29]","dict_values([27, 22, 25, 20, 23, 22, 29, 18, 25, 22, 21, 20, 24, 26, 17, 25, 19, 19, 20, 9, 11, 19, 24, 24, 20, 23, 22, 13, 28, 23, 14, 25, 16, 23, 36, 19, 21, 18, 23, 13, 26, 19, 17, 23, 11, 22, 18, 29, 27, 22, 25, 25, 24, 21, 23, 19, 19, 21, 17, 25, 19, 17, 22, 19, 11, 23, 26, 27, 23, 24, 22, 18, 26, 25, 25])",0.10285345730974732
36,42.666666666666664,0.296453432750895,"{0: 0.013828173771181333, 1: 0.011188467420445224, 2: 0.013125908054735042, 3: 0.015326586223804985, 4: 0.00889052152890497, 5: 0.009464460909867837, 6: 0.014234350457742932, 7: 0.01098517388793291, 8: 0.008284602545295726, 9: 0.01682441460106258, 10: 0.014658703118277897, 11: 0.007814147875405833, 12: 0.00691634956463159, 13: 0.007943563803744799, 14: 0.009483653844264636, 15: 0.013314742855738852, 16: 0.003915257425531398, 17: 0.011411781822381315, 18: 0.007967329081087271, 19: 0.01086183501015213, 20: 0.013199568352279535, 21: 0.007982204517753428, 22: 0.013993705880987858, 23: 0.007188514933387174, 24: 0.009358775195974145, 25: 0.006369320154214657, 26: 0.010719808482928299, 27: 0.012982772834567826, 28: 0.009715985870848555, 29: 0.016129932807704493, 30: 0.008160741704297562, 31: 0.010370087678336389, 32: 0.004625988943710342, 33: 0.012297255783819202, 34: 0.00807141545979267, 35: 0.009450942231683074, 36: 0.016348594353095096, 37: 0.007665619017209625, 38: 0.007717843145959647, 39: 0.006161092609152442, 40: 0.00665783286705652, 41: 0.003796062329545663, 42: 0.008776724631186091, 43: 0.006536273836738191, 44: 0.009471111429436725, 45: 0.0074052512830730085, 46: 0.016055612695370463, 47: 0.005377278322483803, 48: 0.007985106672454787, 49: 0.015521736630058585, 50: 0.006220028838620881, 51: 0.016565519204549916, 52: 0.008974089796619749, 53: 0.011149380847066251, 54: 0.01281502260543932, 55: 0.014595045555865153, 56: 0.011964228463144242, 57: 0.010322683065333096, 58: 0.014769130767221342, 59: 0.006731008882920557, 60: 0.00434968916663881, 61: 0.008406005674248844, 62: 0.009625591018472459, 63: 0.010041608024875684, 64: 0.008676654966987616, 65: 0.010224294309902585, 66: 0.006691905560803884, 67: 0.005323272223417787, 68: 0.007713849409054888, 69: 0.007358254518441668, 70: 0.005602918411436595, 71: 0.005366561836674342, 72: 0.007138232057529072, 73: 0.009335238247513465, 74: 0.010753547665639433}","[56, 55, 54, 54, 54, 53, 53, 53, 51, 51, 50, 50, 49, 49, 49, 49, 49, 48, 47, 46, 46, 46, 46, 45, 45, 45, 45, 45, 45, 44, 44, 44, 44, 44, 43, 43, 43, 43, 42, 42, 41, 41, 41, 41, 41, 41, 41, 41, 41, 40, 40, 40, 39, 39, 39, 39, 39, 39, 37, 37, 37, 36, 35, 35, 35, 35, 33, 33, 33, 33, 32, 32, 31, 30, 29]","dict_values([27, 22, 25, 20, 23, 22, 29, 18, 25, 22, 21, 20, 24, 26, 17, 25, 19, 19, 20, 9, 11, 19, 24, 24, 20, 23, 22, 13, 28, 23, 14, 25, 16, 23, 36, 19, 21, 18, 23, 13, 26, 19, 17, 23, 11, 22, 18, 29, 27, 22, 25, 25, 24, 21, 23, 19, 19, 21, 17, 25, 19, 17, 22, 19, 11, 23, 26, 27, 23, 24, 22, 18, 26, 25, 25])",0.10373554687499999
36,42.666666666666664,0.29680257143292715,"{0: 0.014904284824763902, 1: 0.01117997799605374, 2: 0.012458724871293955, 3: 0.015491359406061429, 4: 0.00847820395829388, 5: 0.008937349338235721, 6: 0.01486479487724222, 7: 0.011309218793152975, 8: 0.008429293465887154, 9: 0.016833553564567196, 10: 0.014712306685522807, 11: 0.008331886179512376, 12: 0.006664101500152302, 13: 0.007974194146159333, 14: 0.009564295901862533, 15: 0.012934110941498905, 16: 0.004041972107040601, 17: 0.011136057161725842, 18: 0.008212046108659275, 19: 0.010850398318926494, 20: 0.012967813930114678, 21: 0.00795427364554227, 22: 0.01356706998383212, 23: 0.0072049901102904995, 24: 0.009314352034251096, 25: 0.006477421164875757, 26: 0.01016670438107772, 27: 0.01301689078728539, 28: 0.009740142849371402, 29: 0.015570544970294344, 30: 0.008149031776242462, 31: 0.009741665242724221, 32: 0.004464886678778192, 33: 0.01246740937555788, 34: 0.007906340657757416, 35: 0.008960915026389725, 36: 0.01665895358953745, 37: 0.008124298664232449, 38: 0.007701594875241992, 39: 0.005899377680447961, 40: 0.006594920797177043, 41: 0.003875044207264398, 42: 0.00880231491792347, 43: 0.006560997674005051, 44: 0.009373926786906801, 45: 0.007025071945673418, 46: 0.016129146288599912, 47: 0.005301315671001881, 48: 0.008625090188536263, 49: 0.015526891726259252, 50: 0.006177950597420384, 51: 0.016187577546704142, 52: 0.008209318500351165, 53: 0.011693293479275838, 54: 0.01267873702727035, 55: 0.014708341586424614, 56: 0.012127251764231765, 57: 0.009901796849254026, 58: 0.014797559104827418, 59: 0.006455930035704412, 60: 0.004321125013797185, 61: 0.008361880288083488, 62: 0.009605618252648223, 63: 0.010823030610982377, 64: 0.009088529968868405, 65: 0.010252725003694474, 66: 0.006873141004154888, 67: 0.005254461081415877, 68: 0.007746404898605664, 69: 0.007507551511474525, 70: 0.005928432711799267, 71: 0.005739953616905809, 72: 0.00714129590087803, 73: 0.009830279408928104, 74: 0.010842348661679949}","[56, 55, 54, 54, 54, 54, 53, 52, 51, 51, 50, 50, 50, 49, 49, 49, 48, 47, 47, 47, 46, 46, 46, 46, 45, 45, 45, 44, 44, 44, 44, 44, 43, 43, 43, 43, 43, 43, 43, 43, 43, 42, 41, 41, 41, 41, 41, 41, 40, 40, 40, 40, 40, 40, 39, 39, 39, 38, 37, 37, 36, 35, 35, 35, 35, 34, 34, 33, 33, 33, 32, 32, 31, 30, 29]","dict_values([27, 22, 25, 20, 23, 22, 29, 18, 25, 22, 21, 20, 24, 26, 17, 25, 19, 19, 20, 9, 11, 19, 24, 24, 20, 23, 22, 13, 28, 23, 14, 25, 16, 23, 36, 19, 21, 18, 23, 13, 26, 19, 17, 23, 11, 22, 18, 29, 27, 22, 25, 25, 24, 21, 23, 19, 19, 21, 17, 25, 19, 17, 22, 19, 11, 23, 26, 27, 23, 24, 22, 18, 26, 25, 25])",0.10407578124999997
36,42.77333333333333,0.2973607786484069,"{0: 0.014967050233657984, 1: 0.011318831729534103, 2: 0.012244517721830665, 3: 0.015385128366151718, 4: 0.008400988924110293, 5: 0.008942725199775969, 6: 0.013954891938451938, 7: 0.011274518712596524, 8: 0.007870562854825323, 9: 0.01669593119651335, 10: 0.01449467683032194, 11: 0.008310571857476662, 12: 0.0072647776682154865, 13: 0.007916506037500928, 14: 0.01007843557481852, 15: 0.013423427056064217, 16: 0.003922160514626268, 17: 0.011008126555686967, 18: 0.008834550803176522, 19: 0.011341025116962927, 20: 0.012920117378670574, 21: 0.0078776055366918, 22: 0.013582580516053573, 23: 0.007689639253245532, 24: 0.00926727893020028, 25: 0.006418434764986077, 26: 0.010109576944908478, 27: 0.012939450586427025, 28: 0.009763314802820215, 29: 0.015193142372713776, 30: 0.00808942119139688, 31: 0.009693625880026481, 32: 0.004701702741159719, 33: 0.012440838553173909, 34: 0.008392474119570836, 35: 0.008995052559017565, 36: 0.016520050168521767, 37: 0.00801290278774387, 38: 0.00769653374453605, 39: 0.005909850383478225, 40: 0.006556063549223288, 41: 0.004386335399837748, 42: 0.008640146607243882, 43: 0.0063317351812967135, 44: 0.009393364925436931, 45: 0.0064231560468467975, 46: 0.015878011596188294, 47: 0.005312866743121568, 48: 0.008558574797104831, 49: 0.015431560933579237, 50: 0.006516017485416884, 51: 0.016126369995677764, 52: 0.008503490941248597, 53: 0.011581749414863238, 54: 0.012998389383321278, 55: 0.014567362798629307, 56: 0.011701303613976049, 57: 0.009823126881972979, 58: 0.014714786695772817, 59: 0.0064599449873422475, 60: 0.004316451602222276, 61: 0.008011923899733852, 62: 0.009450815776359693, 63: 0.010715271811970791, 64: 0.008974884766903089, 65: 0.010187166736692354, 66: 0.007040713026819015, 67: 0.004792913249310692, 68: 0.007213726905507727, 69: 0.008466859329042311, 70: 0.005844739709917303, 71: 0.005666355096408786, 72: 0.0070456913677331675, 73: 0.009739777831600752, 74: 0.011456948509331174}","[56, 55, 54, 54, 54, 54, 53, 52, 51, 51, 50, 50, 50, 50, 49, 49, 49, 48, 47, 47, 46, 46, 46, 46, 46, 45, 44, 44, 44, 44, 44, 44, 43, 43, 43, 43, 43, 43, 43, 43, 43, 43, 41, 41, 41, 41, 40, 40, 40, 40, 40, 40, 40, 39, 39, 39, 39, 39, 38, 37, 36, 36, 36, 35, 35, 35, 34, 34, 33, 33, 33, 32, 31, 30, 29]","dict_values([27, 22, 25, 20, 23, 22, 29, 18, 25, 22, 21, 20, 24, 26, 17, 25, 19, 19, 20, 9, 11, 19, 24, 24, 20, 23, 22, 13, 28, 23, 14, 25, 16, 23, 36, 19, 21, 18, 23, 13, 26, 19, 17, 23, 11, 22, 18, 29, 27, 22, 25, 25, 24, 21, 23, 19, 19, 21, 17, 25, 19, 17, 22, 19, 11, 23, 26, 27, 23, 24, 22, 18, 26, 25, 25])",0.10498574324786536
36,42.77333333333333,0.29797697724172223,"{0: 0.015041991457268712, 1: 0.011692643420502613, 2: 0.012292862439845467, 3: 0.015499325795996312, 4: 0.00785003314510733, 5: 0.008981467464545628, 6: 0.013797958059340691, 7: 0.011086767114164375, 8: 0.00809921949280621, 9: 0.016762389137074386, 10: 0.013700463867526672, 11: 0.008414277421126737, 12: 0.00781292247290949, 13: 0.007926743873878714, 14: 0.01006808778949588, 15: 0.013559993177761931, 16: 0.003932464805752477, 17: 0.01103541872138559, 18: 0.008783258902569552, 19: 0.011436897165140517, 20: 0.013523491899289374, 21: 0.007792411541859178, 22: 0.012664867271702416, 23: 0.007910173165775893, 24: 0.009286087757146112, 25: 0.006272228431777183, 26: 0.010040669318981364, 27: 0.01341585960666981, 28: 0.009394761409942096, 29: 0.01530723795539192, 30: 0.008691650120616094, 31: 0.009193371112131303, 32: 0.004971516631923174, 33: 0.012463061460520586, 34: 0.008334931398805244, 35: 0.008430766365541154, 36: 0.016334267921592323, 37: 0.007630121120932382, 38: 0.007244841356386, 39: 0.006446650991372989, 40: 0.006596633520297857, 41: 0.004255689660442591, 42: 0.008509378594995034, 43: 0.006060040882644315, 44: 0.009747260654242538, 45: 0.006417093232161726, 46: 0.015857609202330192, 47: 0.005288576248645277, 48: 0.008564462501001546, 49: 0.015542147053979357, 50: 0.00585135184450253, 51: 0.015850781313119417, 52: 0.008474811995167822, 53: 0.011926547455378295, 54: 0.01301828812036879, 55: 0.015160552580478215, 56: 0.011911938707631995, 57: 0.010466037354946875, 58: 0.015406722975553283, 59: 0.006367484792142326, 60: 0.004349499024156558, 61: 0.008216594483717771, 62: 0.00949665711349837, 63: 0.010106890616192094, 64: 0.008940167491738807, 65: 0.010190358151042113, 66: 0.007128136892399394, 67: 0.004256857452800497, 68: 0.007199488107022353, 69: 0.008743761962387681, 70: 0.0058010618335187815, 71: 0.005694214166661694, 72: 0.007071982726534207, 73: 0.00912473406765593, 74: 0.011973630363382264}","[56, 55, 54, 54, 54, 54, 54, 53, 52, 51, 51, 50, 50, 50, 49, 49, 48, 48, 48, 47, 46, 46, 46, 46, 45, 45, 45, 44, 44, 44, 44, 44, 44, 43, 43, 43, 43, 43, 43, 42, 42, 41, 41, 41, 41, 41, 40, 40, 40, 40, 40, 40, 39, 39, 39, 39, 39, 39, 38, 37, 37, 37, 36, 35, 35, 35, 35, 34, 33, 33, 32, 31, 30, 30, 29]","dict_values([27, 22, 25, 20, 23, 22, 29, 18, 25, 22, 21, 20, 24, 26, 17, 25, 19, 19, 20, 9, 11, 19, 24, 24, 20, 23, 22, 13, 28, 23, 14, 25, 16, 23, 36, 19, 21, 18, 23, 13, 26, 19, 17, 23, 11, 22, 18, 29, 27, 22, 25, 25, 24, 21, 23, 19, 19, 21, 17, 25, 19, 17, 22, 19, 11, 23, 26, 27, 23, 24, 22, 18, 26, 25, 25])",0.10457335464331688
36,43.04,0.2984067160587615,"{0: 0.014817745319860555, 1: 0.011645949488415243, 2: 0.011849082270678575, 3: 0.014855942520601038, 4: 0.007568626876392789, 5: 0.00885689210125149, 6: 0.013525778885014026, 7: 0.011016562312378679, 8: 0.007968460644552833, 9: 0.01595411465979556, 10: 0.013519808394153681, 11: 0.007894154469496935, 12: 0.009067066953851807, 13: 0.008427835558990687, 14: 0.009971289916898298, 15: 0.013165697328391701, 16: 0.003946782628289477, 17: 0.010788293654933463, 18: 0.008612485153581043, 19: 0.01198691578425664, 20: 0.01322824321540075, 21: 0.008588618033921516, 22: 0.011948095568234897, 23: 0.008202665993761883, 24: 0.009738370483233498, 25: 0.0062468540072150944, 26: 0.009561362661079268, 27: 0.013903880850899384, 28: 0.009111508426576922, 29: 0.014682554971622748, 30: 0.008524655935337166, 31: 0.00880489593177024, 32: 0.004820215265420745, 33: 0.012898488831013822, 34: 0.008111310980618645, 35: 0.009280203629518695, 36: 0.016021111356750935, 37: 0.007587420737098419, 38: 0.006962706203489847, 39: 0.0063207367649349925, 40: 0.0072547091030169195, 41: 0.004224660551021159, 42: 0.008351131724419395, 43: 0.006287266047540021, 44: 0.010440710709129811, 45: 0.006384737711098319, 46: 0.015090179855034108, 47: 0.0052301222791251, 48: 0.008527992069388778, 49: 0.015241008991008989, 50: 0.006278808923084192, 51: 0.015498921412887104, 52: 0.00825576611862873, 53: 0.01181071613182814, 54: 0.013056552133037967, 55: 0.014895642732554988, 56: 0.01151745100173787, 57: 0.010573696923387669, 58: 0.01469373857694768, 59: 0.006918714281727981, 60: 0.004640596701407512, 61: 0.008058861825985116, 62: 0.009332537137734562, 63: 0.009646578975068425, 64: 0.008671420391616615, 65: 0.010075570178309907, 66: 0.007728465130748054, 67: 0.004362671518354597, 68: 0.008323689659306098, 69: 0.008652705582083592, 70: 0.005830838450701465, 71: 0.005539777029503057, 72: 0.007696832868065745, 73: 0.00886624687616831, 74: 0.011972141981860604}","[55, 55, 54, 54, 54, 54, 53, 53, 52, 51, 51, 51, 50, 50, 50, 49, 49, 48, 48, 47, 47, 46, 46, 46, 46, 45, 45, 44, 44, 44, 44, 44, 44, 44, 43, 43, 43, 43, 43, 42, 42, 42, 41, 41, 41, 41, 41, 41, 40, 40, 40, 40, 40, 40, 39, 39, 39, 39, 39, 39, 38, 38, 37, 36, 35, 35, 35, 34, 34, 33, 33, 31, 31, 31, 29]","dict_values([27, 22, 25, 20, 23, 22, 29, 18, 25, 22, 21, 20, 24, 26, 17, 25, 19, 19, 20, 9, 11, 19, 24, 24, 20, 23, 22, 13, 28, 23, 14, 25, 16, 23, 36, 19, 21, 18, 23, 13, 26, 19, 17, 23, 11, 22, 18, 29, 27, 22, 25, 25, 24, 21, 23, 19, 19, 21, 17, 25, 19, 17, 22, 19, 11, 23, 26, 27, 23, 24, 22, 18, 26, 25, 25])",0.09873757963543899
36,43.04,0.29856907839557245,"{0: 0.014014074598734856, 1: 0.011699993720541669, 2: 0.010563869119812582, 3: 0.015367611221421608, 4: 0.007555759007620864, 5: 0.00875366277763538, 6: 0.013777157754236071, 7: 0.011495298995298995, 8: 0.007515835960048854, 9: 0.014865843460958086, 10: 0.014231441186787283, 11: 0.007648048915172202, 12: 0.009240621533503841, 13: 0.00835792253322317, 14: 0.009544404361372246, 15: 0.013607795675727034, 16: 0.00366969074160855, 17: 0.010768843745102412, 18: 0.008838560239611664, 19: 0.012044644122550867, 20: 0.012857942644242622, 21: 0.008970955196941535, 22: 0.01217402059043191, 23: 0.008065313284857024, 24: 0.009716660936013722, 25: 0.005527940116981213, 26: 0.009376926995825317, 27: 0.013834214649207345, 28: 0.009075942066193105, 29: 0.014456901889167833, 30: 0.008815488671163819, 31: 0.008643477715541185, 32: 0.004875776964818061, 33: 0.012982223513045432, 34: 0.008238130135793312, 35: 0.009179149083736732, 36: 0.01597923720751095, 37: 0.007727496120353263, 38: 0.007090334280324656, 39: 0.006210194774284794, 40: 0.007255477497649709, 41: 0.003711978198279569, 42: 0.008763299290820335, 43: 0.006244561102814312, 44: 0.01096592483578785, 45: 0.006502585612174654, 46: 0.015474210924256644, 47: 0.0051444459726342805, 48: 0.008724260829123118, 49: 0.015381644134297037, 50: 0.0062444923060257255, 51: 0.015547667604485296, 52: 0.008916130989419456, 53: 0.011795157587721188, 54: 0.013107096814711158, 55: 0.01527078152453058, 56: 0.011426518958526071, 57: 0.01035908814659454, 58: 0.014555360667225245, 59: 0.006495736854318644, 60: 0.005097457922800389, 61: 0.007773276468605732, 62: 0.009180185140716314, 63: 0.01017471380771, 64: 0.00868765397874987, 65: 0.010003664089563666, 66: 0.007679905945871603, 67: 0.004384046746572511, 68: 0.008425340959587534, 69: 0.008320613069807267, 70: 0.006702537288236248, 71: 0.006082624986420659, 72: 0.007856725473566731, 73: 0.0087282233462874, 74: 0.011942284016854727}","[55, 55, 55, 55, 54, 53, 52, 52, 52, 51, 51, 51, 51, 51, 50, 50, 49, 48, 47, 47, 47, 47, 46, 46, 46, 45, 45, 45, 44, 44, 44, 44, 44, 44, 43, 43, 43, 43, 42, 42, 42, 42, 41, 41, 41, 41, 41, 40, 40, 40, 40, 40, 40, 39, 39, 39, 39, 39, 39, 39, 38, 38, 37, 36, 35, 35, 34, 34, 34, 34, 33, 32, 31, 30, 29]","dict_values([27, 22, 25, 20, 23, 22, 29, 18, 25, 22, 21, 20, 24, 26, 17, 25, 19, 19, 20, 9, 11, 19, 24, 24, 20, 23, 22, 13, 28, 23, 14, 25, 16, 23, 36, 19, 21, 18, 23, 13, 26, 19, 17, 23, 11, 22, 18, 29, 27, 22, 25, 25, 24, 21, 23, 19, 19, 21, 17, 25, 19, 17, 22, 19, 11, 23, 26, 27, 23, 24, 22, 18, 26, 25, 25])",0.09845389397910782
36,42.96,0.29792744137206184,"{0: 0.014298011193963287, 1: 0.011631734904935754, 2: 0.010883732623002351, 3: 0.015456000522047493, 4: 0.007742472779737411, 5: 0.008756002163536409, 6: 0.014419775860282638, 7: 0.011944937801102186, 8: 0.007574675175822039, 9: 0.015025482798582807, 10: 0.01435128021367702, 11: 0.007712545897477405, 12: 0.009338136840639912, 13: 0.00838131957904849, 14: 0.00959530598803798, 15: 0.01367855803299028, 16: 0.0036480781164597662, 17: 0.010532653283415584, 18: 0.008934891672228404, 19: 0.011955208206689702, 20: 0.012554912879290654, 21: 0.008861103100339891, 22: 0.012346418964640138, 23: 0.00791410755372208, 24: 0.009798364466713425, 25: 0.005542802171370971, 26: 0.009485238806825464, 27: 0.014092821184763571, 28: 0.00895165783864414, 29: 0.01461766554128796, 30: 0.008823874618543075, 31: 0.008606924360349018, 32: 0.004936477453600741, 33: 0.012126203566017986, 34: 0.0077820498836319784, 35: 0.009282438986773502, 36: 0.016457141056032167, 37: 0.0077685460220275684, 38: 0.007089346147748811, 39: 0.006208317801238659, 40: 0.007238159928962278, 41: 0.003737340552409046, 42: 0.00965766754669092, 43: 0.0062871249748642465, 44: 0.010776657451553916, 45: 0.006384262463029587, 46: 0.0155250351217803, 47: 0.005197682764184834, 48: 0.008751826038159395, 49: 0.015514600802091794, 50: 0.006251226702702683, 51: 0.015569951546662573, 52: 0.00899595675855176, 53: 0.011523310139225126, 54: 0.012195915355011574, 55: 0.01463574061282805, 56: 0.011570628386211864, 57: 0.010431449525827205, 58: 0.014703303658783112, 59: 0.006147026687736703, 60: 0.005524789343282494, 61: 0.007787449613332814, 62: 0.009202444028868328, 63: 0.010096002729006869, 64: 0.008130728557217883, 65: 0.010021409336477828, 66: 0.007546254770689304, 67: 0.004336698514780707, 68: 0.008459334486731746, 69: 0.008356456581019878, 70: 0.0066623082890206195, 71: 0.006027899451362337, 72: 0.00794072048231029, 73: 0.008863742725057697, 74: 0.011867224110374795}","[56, 55, 55, 54, 54, 53, 52, 52, 52, 51, 51, 51, 51, 50, 50, 49, 49, 48, 47, 47, 47, 47, 46, 46, 46, 45, 45, 45, 44, 44, 44, 44, 44, 43, 43, 43, 43, 42, 42, 42, 42, 42, 41, 41, 41, 41, 40, 40, 40, 40, 40, 40, 40, 39, 39, 39, 39, 39, 39, 38, 38, 38, 37, 35, 35, 35, 34, 34, 34, 34, 33, 33, 31, 30, 29]","dict_values([27, 22, 25, 20, 23, 22, 29, 18, 25, 22, 21, 20, 24, 26, 17, 25, 19, 19, 20, 9, 11, 19, 24, 24, 20, 23, 22, 13, 28, 23, 14, 25, 16, 23, 36, 19, 21, 18, 23, 13, 26, 19, 17, 23, 11, 22, 18, 29, 27, 22, 25, 25, 24, 21, 23, 19, 19, 21, 17, 25, 19, 17, 22, 19, 11, 23, 26, 27, 23, 24, 22, 18, 26, 25, 25])",0.09925130648578731
36,43.12,0.29879737488005137,"{0: 0.01488230060437633, 1: 0.011446823670070104, 2: 0.01059242096938283, 3: 0.0157404904584491, 4: 0.007724873904202834, 5: 0.010172899941107653, 6: 0.013698562922650752, 7: 0.011839032140285916, 8: 0.00748781242404294, 9: 0.014855472643999135, 10: 0.01420536229134266, 11: 0.00811614204927416, 12: 0.009242519229962236, 13: 0.008424364286984993, 14: 0.010052887490147976, 15: 0.013861071656542965, 16: 0.0038531650352923667, 17: 0.010374283397447118, 18: 0.00883056087994594, 19: 0.012018661970344735, 20: 0.012422940273301842, 21: 0.008227760604392611, 22: 0.012155068840491676, 23: 0.0082419879840178, 24: 0.00970209149694052, 25: 0.005402639511107682, 26: 0.009177532767325376, 27: 0.013957619773211244, 28: 0.008865742482940624, 29: 0.014801189347271074, 30: 0.008884261772059844, 31: 0.008964398260998352, 32: 0.0049706382894242635, 33: 0.012062926140022353, 34: 0.007437679072209929, 35: 0.009124639977708173, 36: 0.016525105407083265, 37: 0.007753340632619239, 38: 0.007309686050505092, 39: 0.006642625863305395, 40: 0.007401560442495687, 41: 0.004099527986514287, 42: 0.009360598422360351, 43: 0.005833349691570643, 44: 0.010624852560875512, 45: 0.00635280198636363, 46: 0.015286112955393673, 47: 0.0058082109549354105, 48: 0.008637520905132893, 49: 0.014996670694686054, 50: 0.006145605546290477, 51: 0.016229126615247978, 52: 0.008699932292590988, 53: 0.012228163046458195, 54: 0.01199499465197691, 55: 0.013751471466608415, 56: 0.011508200550571305, 57: 0.010335949003851234, 58: 0.01444606133864869, 59: 0.006249255508905349, 60: 0.005924549855940615, 61: 0.007801077012800334, 62: 0.008733159832903, 63: 0.00979979016770567, 64: 0.008022070578164108, 65: 0.009877980172909634, 66: 0.007534369502648679, 67: 0.004312637211880183, 68: 0.008450207594043213, 69: 0.008438598459516016, 70: 0.006608774312512414, 71: 0.006310548298603419, 72: 0.007107361360285531, 73: 0.008792603249862842, 74: 0.012346686232632922}","[57, 55, 55, 54, 53, 53, 52, 52, 52, 52, 51, 51, 51, 51, 50, 50, 49, 48, 48, 47, 46, 46, 46, 46, 46, 46, 46, 45, 45, 45, 44, 44, 44, 44, 43, 43, 43, 42, 42, 42, 42, 41, 41, 41, 41, 41, 41, 40, 40, 40, 40, 40, 39, 39, 39, 39, 39, 39, 39, 39, 38, 37, 37, 36, 36, 36, 35, 34, 34, 34, 34, 32, 31, 31, 30]","dict_values([27, 22, 25, 20, 23, 22, 29, 18, 25, 22, 21, 20, 24, 26, 17, 25, 19, 19, 20, 9, 11, 19, 24, 24, 20, 23, 22, 13, 28, 23, 14, 25, 16, 23, 36, 19, 21, 18, 23, 13, 26, 19, 17, 23, 11, 22, 18, 29, 27, 22, 25, 25, 24, 21, 23, 19, 19, 21, 17, 25, 19, 17, 22, 19, 11, 23, 26, 27, 23, 24, 22, 18, 26, 25, 25])",0.10023027595251291
36,43.2,0.2994357277287766,"{0: 0.014797188718572765, 1: 0.01067024530831919, 2: 0.010413481449856618, 3: 0.01611065446458143, 4: 0.007581069844886567, 5: 0.009116961586319913, 6: 0.014182691770250742, 7: 0.011701353616964944, 8: 0.007457417750897898, 9: 0.014840488730401157, 10: 0.014293754304444708, 11: 0.008018094348486732, 12: 0.009181705696288109, 13: 0.008413915922306744, 14: 0.010623293842471924, 15: 0.014066534744967786, 16: 0.0037722750719035836, 17: 0.010365191615191616, 18: 0.00829822718173078, 19: 0.01195505330989212, 20: 0.012113422977698395, 21: 0.00828528328598248, 22: 0.0119376935577092, 23: 0.008213238492013854, 24: 0.010021462228061646, 25: 0.005370728650673435, 26: 0.009034555594120627, 27: 0.013774279784553757, 28: 0.008854763200043202, 29: 0.014786890259766875, 30: 0.00824789269536634, 31: 0.008858606167648999, 32: 0.004900857393891988, 33: 0.011932031577952562, 34: 0.0073869191045426935, 35: 0.009108970475596495, 36: 0.016729418442467094, 37: 0.008284805661519993, 38: 0.007310504807321998, 39: 0.006658860083517618, 40: 0.008139488704557198, 41: 0.0037481947877300746, 42: 0.009319165960472334, 43: 0.0059036931546581385, 44: 0.010679696631179791, 45: 0.00629674488266477, 46: 0.01596963168190719, 47: 0.00563046728258836, 48: 0.008614424015722225, 49: 0.014615261533219872, 50: 0.006117580069876712, 51: 0.01640196579389547, 52: 0.00865259909669985, 53: 0.012441319119401311, 54: 0.012065707253691285, 55: 0.014351813734597152, 56: 0.011363311041511325, 57: 0.010473998318564054, 58: 0.014477832029201892, 59: 0.0064315208961928496, 60: 0.005837413687436317, 61: 0.007742226714949548, 62: 0.009530128625952417, 63: 0.009012546151858664, 64: 0.008096151029001733, 65: 0.009871694554637551, 66: 0.00794081456254163, 67: 0.004266967828975247, 68: 0.008355641746052704, 69: 0.00826801021543458, 70: 0.006608660082729379, 71: 0.0062561271796799855, 72: 0.007146323066319089, 73: 0.008941540908792232, 74: 0.012305167044379482}","[57, 56, 56, 54, 54, 53, 52, 52, 52, 52, 51, 51, 51, 50, 50, 50, 49, 49, 48, 47, 47, 47, 46, 46, 46, 46, 46, 45, 45, 45, 45, 44, 44, 43, 43, 43, 42, 42, 42, 42, 42, 42, 41, 41, 41, 41, 41, 40, 40, 40, 40, 40, 40, 40, 40, 39, 39, 39, 39, 39, 38, 37, 36, 36, 36, 36, 35, 34, 34, 34, 34, 32, 31, 30, 30]","dict_values([27, 22, 25, 20, 23, 22, 29, 18, 25, 22, 21, 20, 24, 26, 17, 25, 19, 19, 20, 9, 11, 19, 24, 24, 20, 23, 22, 13, 28, 23, 14, 25, 16, 23, 36, 19, 21, 18, 23, 13, 26, 19, 17, 23, 11, 22, 18, 29, 27, 22, 25, 25, 24, 21, 23, 19, 19, 21, 17, 25, 19, 17, 22, 19, 11, 23, 26, 27, 23, 24, 22, 18, 26, 25, 25])",0.09932403597012648
36,43.22666666666667,0.2994309214368412,"{0: 0.013691569222715807, 1: 0.011364953537273995, 2: 0.010446681093240989, 3: 0.016085130680100233, 4: 0.007420142073732674, 5: 0.009231435330930645, 6: 0.014112497579006523, 7: 0.011832521502866535, 8: 0.007486378670798175, 9: 0.014756332483263688, 10: 0.014341130856148574, 11: 0.008344056489517368, 12: 0.00916684938674586, 13: 0.008215941291893692, 14: 0.010710573124956692, 15: 0.013265680152633557, 16: 0.0037704385974643706, 17: 0.01036752894629607, 18: 0.008530806267049593, 19: 0.0117573112889562, 20: 0.01210109920857222, 21: 0.008095385561224565, 22: 0.011921951336404417, 23: 0.00862424609480228, 24: 0.00986977020745385, 25: 0.00532016628101814, 26: 0.008968197406026675, 27: 0.013638075202126822, 28: 0.008982044533814543, 29: 0.014673875088738735, 30: 0.008353217452535833, 31: 0.008701199633670515, 32: 0.004852160769852899, 33: 0.012004195453122611, 34: 0.007531113129855493, 35: 0.009575881077455052, 36: 0.01763221124971998, 37: 0.008698171559080658, 38: 0.007337928500829348, 39: 0.0065690284868367066, 40: 0.008163784876113644, 41: 0.0037644679659439456, 42: 0.009038500033051408, 43: 0.005780325461349719, 44: 0.010799610653087797, 45: 0.005675693860625367, 46: 0.016458473362399466, 47: 0.005621650826260719, 48: 0.008618959208092344, 49: 0.014438347928141467, 50: 0.006002719181180573, 51: 0.01546142722381169, 52: 0.008669589837644374, 53: 0.012304159906899632, 54: 0.012013960755173008, 55: 0.014278132563087976, 56: 0.011088147163063864, 57: 0.010475845741218058, 58: 0.014654852213458794, 59: 0.006508122213530748, 60: 0.005789754668810872, 61: 0.007555712120112159, 62: 0.009612239131266838, 63: 0.009049176600149455, 64: 0.0077772170339928115, 65: 0.010739687926008492, 66: 0.008374116253559709, 67: 0.00437566250800617, 68: 0.00839840694292749, 69: 0.008676914670501433, 70: 0.00663062910718218, 71: 0.006361140881256097, 72: 0.007048598108875571, 73: 0.008656262165394987, 74: 0.012149330581872746}","[58, 57, 56, 54, 53, 53, 52, 52, 52, 51, 51, 51, 50, 50, 50, 50, 49, 49, 48, 47, 47, 47, 47, 46, 46, 46, 46, 46, 45, 45, 44, 44, 44, 44, 44, 43, 43, 42, 42, 42, 42, 41, 41, 41, 41, 41, 41, 41, 40, 40, 40, 40, 40, 40, 40, 39, 39, 39, 39, 39, 37, 37, 36, 36, 36, 36, 35, 34, 34, 34, 34, 32, 31, 30, 30]","dict_values([27, 22, 25, 20, 23, 22, 29, 18, 25, 22, 21, 20, 24, 26, 17, 25, 19, 19, 20, 9, 11, 19, 24, 24, 20, 23, 22, 13, 28, 23, 14, 25, 16, 23, 36, 19, 21, 18, 23, 13, 26, 19, 17, 23, 11, 22, 18, 29, 27, 22, 25, 25, 24, 21, 23, 19, 19, 21, 17, 25, 19, 17, 22, 19, 11, 23, 26, 27, 23, 24, 22, 18, 26, 25, 25])",0.10040945471622645
36,43.28,0.29886626472492556,"{0: 0.014581233178916131, 1: 0.011352992904409684, 2: 0.010287761045041508, 3: 0.015741026454384455, 4: 0.007284738973420584, 5: 0.009909848736484667, 6: 0.0140177941404158, 7: 0.011801445705555295, 8: 0.007033914910627239, 9: 0.014828230865059642, 10: 0.01421180416726822, 11: 0.008244874340764752, 12: 0.009082963013119024, 13: 0.00817095411107784, 14: 0.010610713279592282, 15: 0.013428378007447138, 16: 0.0037586082106630054, 17: 0.010878826035474116, 18: 0.009152968435082677, 19: 0.01176917978799951, 20: 0.012177059044125856, 21: 0.007717919602428156, 22: 0.011858954084701421, 23: 0.009023433175554254, 24: 0.00950119678577478, 25: 0.005630805932222709, 26: 0.008434516122609204, 27: 0.01357999824473882, 28: 0.008666243015005718, 29: 0.014697683176693151, 30: 0.008149159861488627, 31: 0.008657842854340658, 32: 0.004877365836269946, 33: 0.011961893342077243, 34: 0.0083410725200974, 35: 0.009020587032825303, 36: 0.017483183693188905, 37: 0.008716563727295373, 38: 0.007849470140390644, 39: 0.006612265296218329, 40: 0.00816693311800944, 41: 0.0037470163326327713, 42: 0.00890704304462106, 43: 0.005795863218797504, 44: 0.010330179765111273, 45: 0.00573730128524649, 46: 0.016356351475981107, 47: 0.006344006417082697, 48: 0.008434486902927392, 49: 0.013688805533149325, 50: 0.005928661056264735, 51: 0.015305007240049006, 52: 0.008582471932497017, 53: 0.011780356374289841, 54: 0.011899774403197439, 55: 0.014046655024165482, 56: 0.011111717211000717, 57: 0.0104320922713221, 58: 0.014135048141801408, 59: 0.0066745902536716065, 60: 0.005810660862030725, 61: 0.0076089944406338575, 62: 0.010360817794420427, 63: 0.00881896678129555, 64: 0.007652648063606967, 65: 0.010679735875825137, 66: 0.008351625326819701, 67: 0.004426901279103231, 68: 0.008475518835107875, 69: 0.008674107230744382, 70: 0.006507825343441782, 71: 0.006569390080873283, 72: 0.00669837518135874, 73: 0.009075796586689031, 74: 0.012027602267328297}","[58, 57, 55, 54, 54, 52, 52, 52, 52, 51, 51, 51, 50, 50, 50, 50, 49, 49, 48, 47, 47, 47, 47, 47, 46, 46, 46, 46, 45, 44, 44, 44, 44, 44, 43, 43, 43, 42, 42, 42, 41, 41, 41, 41, 41, 41, 41, 41, 41, 41, 40, 40, 40, 40, 40, 39, 39, 39, 39, 38, 38, 37, 37, 37, 36, 36, 36, 35, 34, 34, 34, 32, 32, 30, 30]","dict_values([27, 22, 25, 20, 23, 22, 29, 18, 25, 22, 21, 20, 24, 26, 17, 25, 19, 19, 20, 9, 11, 19, 24, 24, 20, 23, 22, 13, 28, 23, 14, 25, 16, 23, 36, 19, 21, 18, 23, 13, 26, 19, 17, 23, 11, 22, 18, 29, 27, 22, 25, 25, 24, 21, 23, 19, 19, 21, 17, 25, 19, 17, 22, 19, 11, 23, 26, 27, 23, 24, 22, 18, 26, 25, 25])",0.10286360311131307
36,43.28,0.299350256254706,"{0: 0.014549229907979218, 1: 0.011494793738688915, 2: 0.010350740970403826, 3: 0.016646175514857826, 4: 0.007883546045416778, 5: 0.011561586766914423, 6: 0.014011260227750394, 7: 0.012128401083880533, 8: 0.00708621102456719, 9: 0.014136281511438151, 10: 0.01419488300991625, 11: 0.008187387296976338, 12: 0.009104855688317494, 13: 0.00792585023011838, 14: 0.01031675382467392, 15: 0.013402161971529178, 16: 0.0037570528051994612, 17: 0.010638299253851445, 18: 0.00922510515105501, 19: 0.011690109080781793, 20: 0.012573866116489495, 21: 0.007661031607385446, 22: 0.011826838891680595, 23: 0.009186848654239677, 24: 0.009419705410516673, 25: 0.004856922921991415, 26: 0.00844601432908745, 27: 0.01348888185608815, 28: 0.00873796550816254, 29: 0.014515350168603365, 30: 0.008498666964621837, 31: 0.008381677167216066, 32: 0.004917898315360041, 33: 0.012509408774254797, 34: 0.008446199520106385, 35: 0.008902195955833478, 36: 0.017790637480046837, 37: 0.008553445400170391, 38: 0.00791528270620321, 39: 0.006673761761824386, 40: 0.00825173875781105, 41: 0.0038487108591862824, 42: 0.008932440493339557, 43: 0.005797056790095952, 44: 0.01030621338840517, 45: 0.005526973410736505, 46: 0.016349380019707822, 47: 0.0061918807575053764, 48: 0.008415072938154298, 49: 0.013401050236263777, 50: 0.005869976328582642, 51: 0.015007673391312445, 52: 0.008663871924261591, 53: 0.010689121207712204, 54: 0.011813053338248267, 55: 0.014561025741490019, 56: 0.010964187598094586, 57: 0.010396292292493734, 58: 0.013462743688282165, 59: 0.006706233268540123, 60: 0.0057482408409080445, 61: 0.007505403214508776, 62: 0.010338516081623726, 63: 0.008853499178841645, 64: 0.0077766956191613725, 65: 0.009857949582189917, 66: 0.008885797998991942, 67: 0.004403027111393448, 68: 0.009030892078837284, 69: 0.008778481737300408, 70: 0.007107847518806423, 71: 0.00663354123769967, 72: 0.006273353758325953, 73: 0.008961931262959605, 74: 0.011345638475976912}","[58, 57, 56, 55, 54, 53, 52, 52, 51, 51, 51, 51, 51, 50, 50, 49, 49, 49, 48, 48, 47, 47, 46, 46, 46, 46, 46, 45, 45, 45, 44, 44, 44, 43, 43, 43, 43, 43, 43, 42, 42, 41, 41, 41, 41, 41, 41, 41, 41, 41, 41, 40, 40, 40, 40, 40, 39, 39, 38, 38, 38, 37, 37, 36, 36, 36, 35, 34, 34, 34, 33, 32, 32, 30, 30]","dict_values([27, 22, 25, 20, 23, 22, 29, 18, 25, 22, 21, 20, 24, 26, 17, 25, 19, 19, 20, 9, 11, 19, 24, 24, 20, 23, 22, 13, 28, 23, 14, 25, 16, 23, 36, 19, 21, 18, 23, 13, 26, 19, 17, 23, 11, 22, 18, 29, 27, 22, 25, 25, 24, 21, 23, 19, 19, 21, 17, 25, 19, 17, 22, 19, 11, 23, 26, 27, 23, 24, 22, 18, 26, 25, 25])",0.10013025178341686
36,43.14666666666667,0.29863890034763685,"{0: 0.014546676182719572, 1: 0.011658264216684845, 2: 0.00979569377206973, 3: 0.01593236413568441, 4: 0.007854864708438995, 5: 0.01163834738763846, 6: 0.014017370992564246, 7: 0.01234251191442972, 8: 0.007245910841801252, 9: 0.014157054117892838, 10: 0.01465560559834211, 11: 0.008372624126048785, 12: 0.009161587007279733, 13: 0.007881842733824283, 14: 0.009680638019679116, 15: 0.013434201119025003, 16: 0.003972359013656355, 17: 0.010752772310991488, 18: 0.009281425719781885, 19: 0.011614462018226506, 20: 0.013227505118365892, 21: 0.0074258325096618885, 22: 0.011615998993651596, 23: 0.008902068232472953, 24: 0.00944449658583824, 25: 0.004903237523100536, 26: 0.008831988634214263, 27: 0.013628663943032662, 28: 0.00823483623790998, 29: 0.014467575434326236, 30: 0.008605462961828795, 31: 0.008292450843820708, 32: 0.00497997115140548, 33: 0.012703189042834491, 34: 0.0084178933342914, 35: 0.008916954094719645, 36: 0.017769222575195445, 37: 0.008627997776993837, 38: 0.00774333265771622, 39: 0.0067406980078212955, 40: 0.008202665298757161, 41: 0.0038487108591862824, 42: 0.008722652339922492, 43: 0.005849750978264433, 44: 0.010484484970786339, 45: 0.005553839362259991, 46: 0.01726473202808295, 47: 0.006322310511222802, 48: 0.008480943836876413, 49: 0.013735057487886074, 50: 0.005262713773995, 51: 0.014453927015220363, 52: 0.008268903056911523, 53: 0.010800557375899841, 54: 0.011956392964583442, 55: 0.01526470018434745, 56: 0.010045506386283268, 57: 0.009705836050110496, 58: 0.013627897071321306, 59: 0.006708943090893132, 60: 0.005793269139361, 61: 0.007126543986179941, 62: 0.010039346671126045, 63: 0.008938704914732311, 64: 0.008240555672062522, 65: 0.009415334639420441, 66: 0.009598265321048304, 67: 0.00447603172691551, 68: 0.009244974142234418, 69: 0.009062781621574794, 70: 0.007133564839044291, 71: 0.006788989392303385, 72: 0.006600636703748976, 73: 0.008964157101572013, 74: 0.011529631125722986}","[58, 58, 56, 55, 54, 53, 52, 52, 52, 51, 51, 51, 50, 50, 50, 49, 49, 49, 47, 47, 47, 47, 46, 46, 46, 45, 45, 45, 45, 44, 44, 44, 43, 43, 43, 43, 43, 43, 42, 42, 42, 42, 42, 41, 41, 41, 41, 41, 40, 40, 40, 40, 40, 40, 39, 39, 39, 38, 38, 38, 38, 37, 37, 37, 36, 36, 36, 34, 34, 33, 32, 32, 32, 30, 30]","dict_values([27, 22, 25, 20, 23, 22, 29, 18, 25, 22, 21, 20, 24, 26, 17, 25, 19, 19, 20, 9, 11, 19, 24, 24, 20, 23, 22, 13, 28, 23, 14, 25, 16, 23, 36, 19, 21, 18, 23, 13, 26, 19, 17, 23, 11, 22, 18, 29, 27, 22, 25, 25, 24, 21, 23, 19, 19, 21, 17, 25, 19, 17, 22, 19, 11, 23, 26, 27, 23, 24, 22, 18, 26, 25, 25])",0.10163664033027696
36,43.28,0.29960449460184047,"{0: 0.014538830624648516, 1: 0.011556800084197343, 2: 0.009858286303693235, 3: 0.015802491787080833, 4: 0.008685036167912883, 5: 0.011625026265437224, 6: 0.013271401327908178, 7: 0.012242565581606676, 8: 0.007693636631992796, 9: 0.01397450738204163, 10: 0.014900985695707693, 11: 0.008381793142067114, 12: 0.00918867644038877, 13: 0.00788347761806666, 14: 0.009556519830492435, 15: 0.014588405084980426, 16: 0.003988299611788734, 17: 0.010482114762936682, 18: 0.009751322765021395, 19: 0.012287108948067853, 20: 0.013873825432044611, 21: 0.007738152462668982, 22: 0.01141973706186035, 23: 0.008813713565425894, 24: 0.008993028213918626, 25: 0.005203085768154261, 26: 0.008809885864680388, 27: 0.013466470487018435, 28: 0.0076956547746233495, 29: 0.014215731767101633, 30: 0.008889266327823941, 31: 0.008225518413874578, 32: 0.0051546432438857905, 33: 0.012507657531831586, 34: 0.008614837638810241, 35: 0.00879349367211978, 36: 0.017007026253601593, 37: 0.007861585943777727, 38: 0.007359160955051366, 39: 0.006635798587853382, 40: 0.008900748017387826, 41: 0.0037481349125184746, 42: 0.008545127509168608, 43: 0.006024370750398148, 44: 0.010534670808643412, 45: 0.005525717930028971, 46: 0.01662016019892732, 47: 0.006157170402234866, 48: 0.008311644441781429, 49: 0.013539986303886387, 50: 0.005054150773328855, 51: 0.014328915099463045, 52: 0.008024663332882515, 53: 0.01082266852814798, 54: 0.011854852950743362, 55: 0.016038297235416492, 56: 0.009756334157019089, 57: 0.00973609402547759, 58: 0.01342619801523911, 59: 0.006613504558710038, 60: 0.005232980232980233, 61: 0.0071435002941852245, 62: 0.010453047686125847, 63: 0.009966055556808979, 64: 0.00746140095455164, 65: 0.009742098654769887, 66: 0.00953508522001673, 67: 0.004421993762747187, 68: 0.008975660174290311, 69: 0.00905437917424219, 70: 0.0071180716728661934, 71: 0.0067933254577090185, 72: 0.006564105964790896, 73: 0.008794272492902629, 74: 0.01152361622244781}","[57, 57, 57, 55, 54, 53, 53, 52, 52, 52, 51, 51, 50, 50, 50, 49, 49, 49, 48, 47, 47, 46, 46, 46, 46, 46, 46, 45, 45, 45, 45, 44, 44, 43, 43, 43, 43, 43, 42, 42, 42, 42, 42, 42, 41, 41, 41, 40, 40, 40, 40, 40, 40, 40, 39, 39, 39, 39, 39, 38, 38, 38, 37, 37, 36, 36, 36, 34, 34, 33, 33, 32, 32, 30, 30]","dict_values([27, 22, 25, 20, 23, 22, 29, 18, 25, 22, 21, 20, 24, 26, 17, 25, 19, 19, 20, 9, 11, 19, 24, 24, 20, 23, 22, 13, 28, 23, 14, 25, 16, 23, 36, 19, 21, 18, 23, 13, 26, 19, 17, 23, 11, 22, 18, 29, 27, 22, 25, 25, 24, 21, 23, 19, 19, 21, 17, 25, 19, 17, 22, 19, 11, 23, 26, 27, 23, 24, 22, 18, 26, 25, 25])",0.09908512453262544
36,43.306666666666665,0.30007322156896155,"{0: 0.014598527064770503, 1: 0.011382103896858781, 2: 0.008991090656148035, 3: 0.01745484747252649, 4: 0.008691622304636005, 5: 0.012395082885587494, 6: 0.013057568802487672, 7: 0.012066472415988936, 8: 0.007650536246426656, 9: 0.01403059162108849, 10: 0.014929902770326796, 11: 0.008320560763147385, 12: 0.009592345153065472, 13: 0.007909304320013149, 14: 0.010236276468145929, 15: 0.014550520472619042, 16: 0.0039172455318708345, 17: 0.01049479183040827, 18: 0.009513037554939248, 19: 0.012663331841094869, 20: 0.013952122462042534, 21: 0.007704592566112752, 22: 0.01165828594941695, 23: 0.009446577351006482, 24: 0.0089918584545415, 25: 0.005359034070758485, 26: 0.009092146441058609, 27: 0.013303505930419714, 28: 0.007439122684926958, 29: 0.014292661982515416, 30: 0.0087913193876127, 31: 0.00823540532444642, 32: 0.0054589057056824986, 33: 0.012394494524479063, 34: 0.009051204541709146, 35: 0.00881275149240755, 36: 0.016874260390550653, 37: 0.007358375055796492, 38: 0.006854192641863876, 39: 0.006302877878220343, 40: 0.009467038652171607, 41: 0.0037679013605685643, 42: 0.007930227931919515, 43: 0.005905434093429599, 44: 0.010493300818643286, 45: 0.0055173276819126945, 46: 0.01647335848026769, 47: 0.0064075529934889755, 48: 0.008593931574526998, 49: 0.013472503823027594, 50: 0.005141340512499343, 51: 0.01431541425164195, 52: 0.007882684294921368, 53: 0.011158653271868423, 54: 0.011925178678777563, 55: 0.015852876000101917, 56: 0.009281351747105173, 57: 0.010519191389951074, 58: 0.013490870833739486, 59: 0.00711292207497317, 60: 0.004849768709559201, 61: 0.007178253944974332, 62: 0.010373181379787754, 63: 0.009167471516224103, 64: 0.007509369666903912, 65: 0.009319418501043442, 66: 0.009454476064065106, 67: 0.003863993076321843, 68: 0.008497550923014258, 69: 0.009087307302429154, 70: 0.0062394340395952, 71: 0.00626046319244241, 72: 0.0065451218152015244, 73: 0.00919256908242469, 74: 0.011626552284287982}","[57, 57, 57, 57, 54, 53, 53, 52, 52, 52, 51, 51, 50, 50, 50, 50, 49, 49, 49, 49, 47, 47, 47, 46, 46, 46, 46, 46, 45, 44, 44, 43, 43, 43, 43, 43, 43, 42, 42, 42, 42, 42, 42, 42, 41, 41, 41, 41, 41, 40, 40, 39, 39, 39, 39, 39, 39, 39, 39, 39, 38, 38, 38, 36, 36, 36, 35, 35, 34, 33, 32, 32, 31, 30, 30]","dict_values([27, 22, 25, 20, 23, 22, 29, 18, 25, 22, 21, 20, 24, 26, 17, 25, 19, 19, 20, 9, 11, 19, 24, 24, 20, 23, 22, 13, 28, 23, 14, 25, 16, 23, 36, 19, 21, 18, 23, 13, 26, 19, 17, 23, 11, 22, 18, 29, 27, 22, 25, 25, 24, 21, 23, 19, 19, 21, 17, 25, 19, 17, 22, 19, 11, 23, 26, 27, 23, 24, 22, 18, 26, 25, 25])",0.09980981096362446
36,43.306666666666665,0.2992710874412047,"{0: 0.014700365647380318, 1: 0.011284897992031551, 2: 0.008994814036111376, 3: 0.01604636244039951, 4: 0.008753443941800106, 5: 0.011868076867524504, 6: 0.013356039651856015, 7: 0.011984627323778894, 8: 0.0074423755930605245, 9: 0.01395831076266041, 10: 0.015091981478095767, 11: 0.00895055973215496, 12: 0.009592419744648311, 13: 0.007830534976469577, 14: 0.01025195137269817, 15: 0.014401371345115212, 16: 0.003909712292812551, 17: 0.011093128558881985, 18: 0.008846563221287037, 19: 0.012602902234057363, 20: 0.013854083355302945, 21: 0.007615171748382478, 22: 0.011718899605330558, 23: 0.00937736399057914, 24: 0.008401620387921761, 25: 0.0053993469288431736, 26: 0.009223770863057599, 27: 0.013278774912538009, 28: 0.007813904564216488, 29: 0.014394003546094767, 30: 0.008930078283129934, 31: 0.008318950271005066, 32: 0.005072923470385194, 33: 0.012403469223383416, 34: 0.009109771737860498, 35: 0.008804996232446847, 36: 0.016869444856764372, 37: 0.008743500192903639, 38: 0.006362460300816467, 39: 0.00613066255189543, 40: 0.009477372994697733, 41: 0.004222897543028291, 42: 0.007730402454578686, 43: 0.0059420470610770494, 44: 0.010653347896498582, 45: 0.005685934014902589, 46: 0.01647058601278066, 47: 0.007091524227878955, 48: 0.008350961545645923, 49: 0.01341935213000431, 50: 0.005221177064938635, 51: 0.014209809717600948, 52: 0.007873326289145997, 53: 0.010497603381366474, 54: 0.01229622495641494, 55: 0.015680226376761922, 56: 0.009607957039463889, 57: 0.010532638229220142, 58: 0.012784220838664444, 59: 0.006852139997271432, 60: 0.005245454721683571, 61: 0.007152265733242314, 62: 0.011293171387107536, 63: 0.009186155246306206, 64: 0.008390987586193067, 65: 0.009446613641819122, 66: 0.009390807935328486, 67: 0.004194074753067241, 68: 0.008528911448155815, 69: 0.008631093661284004, 70: 0.0060006888884485, 71: 0.006170810194782798, 72: 0.006539395218991187, 73: 0.00912419007568952, 74: 0.010830323748333419}","[57, 57, 57, 55, 54, 53, 53, 52, 52, 52, 52, 51, 51, 50, 50, 49, 49, 49, 48, 48, 47, 47, 47, 47, 46, 46, 46, 46, 45, 44, 43, 43, 43, 43, 43, 43, 42, 42, 42, 42, 42, 42, 42, 42, 42, 42, 41, 41, 41, 41, 41, 40, 40, 40, 39, 39, 39, 39, 39, 38, 38, 37, 37, 36, 36, 36, 34, 34, 33, 33, 33, 32, 32, 31, 30]","dict_values([27, 22, 25, 20, 23, 22, 29, 18, 25, 22, 21, 20, 24, 26, 17, 25, 19, 19, 20, 9, 11, 19, 24, 24, 20, 23, 22, 13, 28, 23, 14, 25, 16, 23, 36, 19, 21, 18, 23, 13, 26, 19, 17, 23, 11, 22, 18, 29, 27, 22, 25, 25, 24, 21, 23, 19, 19, 21, 17, 25, 19, 17, 22, 19, 11, 23, 26, 27, 23, 24, 22, 18, 26, 25, 25])",0.10024888373898905
36,43.25333333333333,0.2992192671993913,"{0: 0.014506947899194935, 1: 0.011359751770710679, 2: 0.009072101711984347, 3: 0.01794540416856006, 4: 0.008619054029946992, 5: 0.011429633140379265, 6: 0.013239768989039218, 7: 0.011981306159388354, 8: 0.007402255689926923, 9: 0.01333661660191106, 10: 0.015652516786160406, 11: 0.008835189400257893, 12: 0.010031232115767084, 13: 0.007822702671098929, 14: 0.0102834567731828, 15: 0.014263866517409097, 16: 0.0038246263316770975, 17: 0.011295494685905644, 18: 0.009214858529927024, 19: 0.012615431509627616, 20: 0.013853861448616856, 21: 0.00701650520848748, 22: 0.011864209377595875, 23: 0.009310289265970169, 24: 0.008059006964787119, 25: 0.005231559084298811, 26: 0.007892676782625362, 27: 0.012445076971774455, 28: 0.00806054837581832, 29: 0.014456399833463862, 30: 0.008776059365301913, 31: 0.00794128225635075, 32: 0.004902829978373894, 33: 0.011564120448084992, 34: 0.008353297736859382, 35: 0.008825075409974487, 36: 0.017143612265563487, 37: 0.008126908162407662, 38: 0.0064200387830524825, 39: 0.007837741989688635, 40: 0.009182446501141103, 41: 0.0045558724396355344, 42: 0.007866150674369852, 43: 0.005885075852499842, 44: 0.010569143873938395, 45: 0.00578993857096194, 46: 0.01703874265893979, 47: 0.0076408758145698, 48: 0.007475673803723566, 49: 0.013414014844804333, 50: 0.005152420905845564, 51: 0.0141890410298882, 52: 0.0079783660082867, 53: 0.011798561874105794, 54: 0.012104948964238289, 55: 0.015101835126009178, 56: 0.009643104472706878, 57: 0.010589592852372674, 58: 0.012103483046907278, 59: 0.007634766710109177, 60: 0.005327014221051289, 61: 0.0072669818409878545, 62: 0.011706448236570383, 63: 0.008994673288112365, 64: 0.008112706999693303, 65: 0.009304255111137838, 66: 0.010205351711299802, 67: 0.004210861745108321, 68: 0.008573308145225954, 69: 0.008430994193975463, 70: 0.006809960063384721, 71: 0.006092076623316183, 72: 0.0060275458934830805, 73: 0.009041953054077836, 74: 0.011061944527899404}","[57, 57, 57, 56, 54, 53, 53, 53, 52, 52, 51, 51, 50, 50, 49, 49, 49, 49, 48, 48, 47, 47, 47, 47, 47, 46, 46, 45, 45, 45, 44, 44, 43, 43, 42, 42, 42, 42, 42, 42, 42, 42, 42, 41, 41, 41, 41, 41, 41, 41, 40, 40, 40, 39, 39, 39, 39, 39, 38, 38, 38, 38, 37, 36, 36, 36, 35, 34, 33, 33, 32, 32, 32, 32, 30]","dict_values([27, 22, 25, 20, 23, 22, 29, 18, 25, 22, 21, 20, 24, 26, 17, 25, 19, 19, 20, 9, 11, 19, 24, 24, 20, 23, 22, 13, 28, 23, 14, 25, 16, 23, 36, 19, 21, 18, 23, 13, 26, 19, 17, 23, 11, 22, 18, 29, 27, 22, 25, 25, 24, 21, 23, 19, 19, 21, 17, 25, 19, 17, 22, 19, 11, 23, 26, 27, 23, 24, 22, 18, 26, 25, 25])",0.0976812356607133
36,43.22666666666667,0.2988435006091368,"{0: 0.015492067194323441, 1: 0.011372693906940486, 2: 0.009121571022255956, 3: 0.017179764344349358, 4: 0.008728184841198536, 5: 0.012319905042507783, 6: 0.01309571121214957, 7: 0.011767051749928462, 8: 0.007478123402780938, 9: 0.013360424747411047, 10: 0.01605738616717666, 11: 0.009433374587484177, 12: 0.010054753804753807, 13: 0.007800679718487939, 14: 0.011160416725485218, 15: 0.014243802932360543, 16: 0.0037846974490810107, 17: 0.011541809315781918, 18: 0.008560768492275342, 19: 0.012186802768994549, 20: 0.013514398435832763, 21: 0.006952633322496336, 22: 0.011941247386452867, 23: 0.009237339877952286, 24: 0.007960390323404022, 25: 0.005165428025017067, 26: 0.008214195276040564, 27: 0.013074329331380098, 28: 0.007970929888738107, 29: 0.014410965181513125, 30: 0.008749507465260889, 31: 0.00824078580927896, 32: 0.005209360860045792, 33: 0.011590876906146852, 34: 0.0082330566919608, 35: 0.008903006163280134, 36: 0.01711803689543416, 37: 0.008138137675808909, 38: 0.006432747186171844, 39: 0.007869813862964549, 40: 0.009260079979258061, 41: 0.004565741370737342, 42: 0.007869836979426023, 43: 0.005861340621614594, 44: 0.00950202328626986, 45: 0.0061554164293890325, 46: 0.016559666987749178, 47: 0.007562032562032562, 48: 0.007447563773107691, 49: 0.013563487964172899, 50: 0.005167693695090955, 51: 0.01426497170352932, 52: 0.007964402827416525, 53: 0.011154766110447014, 54: 0.011585613031019962, 55: 0.015136153235468302, 56: 0.009726246027615893, 57: 0.010046021176158163, 58: 0.011297234917299384, 59: 0.0076624561213602315, 60: 0.005352437705378883, 61: 0.007295846251325704, 62: 0.011746753955658067, 63: 0.008961228310543377, 64: 0.00863919288576823, 65: 0.009330468320194348, 66: 0.010293375019402418, 67: 0.004189093230189121, 68: 0.008330696515628025, 69: 0.008420263119094709, 70: 0.00623910367061052, 71: 0.006118068703685141, 72: 0.006079789641433479, 73: 0.009871981961023058, 74: 0.01099033941499695}","[57, 56, 56, 56, 55, 53, 53, 52, 52, 52, 52, 50, 50, 50, 50, 49, 49, 48, 48, 48, 48, 47, 47, 47, 46, 45, 45, 45, 45, 44, 44, 43, 43, 43, 43, 43, 43, 42, 42, 42, 42, 42, 42, 41, 41, 41, 41, 41, 41, 41, 40, 40, 40, 39, 39, 39, 39, 39, 38, 38, 38, 38, 37, 36, 36, 36, 35, 34, 33, 33, 33, 32, 32, 32, 30]","dict_values([27, 22, 25, 20, 23, 22, 29, 18, 25, 22, 21, 20, 24, 26, 17, 25, 19, 19, 20, 9, 11, 19, 24, 24, 20, 23, 22, 13, 28, 23, 14, 25, 16, 23, 36, 19, 21, 18, 23, 13, 26, 19, 17, 23, 11, 22, 18, 29, 27, 22, 25, 25, 24, 21, 23, 19, 19, 21, 17, 25, 19, 17, 22, 19, 11, 23, 26, 27, 23, 24, 22, 18, 26, 25, 25])",0.10201279398517529
36,43.28,0.299196457232888,"{0: 0.01568087427856714, 1: 0.011152764406189064, 2: 0.009207262325503132, 3: 0.017748862350520606, 4: 0.008668232122630102, 5: 0.012426277521807444, 6: 0.012907416453739454, 7: 0.01182337680625352, 8: 0.007410543198214431, 9: 0.013260276895821238, 10: 0.015671760863721934, 11: 0.009918197161347845, 12: 0.009860171760856693, 13: 0.007843909799569497, 14: 0.01050996881476334, 15: 0.014662246065454429, 16: 0.003742805797600318, 17: 0.012063637748569254, 18: 0.008493767226643939, 19: 0.012137300150998781, 20: 0.01298913893091975, 21: 0.006925380041818399, 22: 0.011872799192554061, 23: 0.009329261127206332, 24: 0.007898228265928337, 25: 0.00515468349372459, 26: 0.00885861437862159, 27: 0.01320453015658495, 28: 0.007404877610357063, 29: 0.013952973235597608, 30: 0.008690150556588913, 31: 0.008326692230801819, 32: 0.005160566119470229, 33: 0.01181038715285291, 34: 0.008182233867165373, 35: 0.00890716480118066, 36: 0.016627636481637925, 37: 0.008082240138837111, 38: 0.006415462751079189, 39: 0.008256875893862195, 40: 0.009121293367868709, 41: 0.004471207810248907, 42: 0.007394851230467671, 43: 0.0061749654125284985, 44: 0.009506308564527742, 45: 0.006468794482493113, 46: 0.016206473979545357, 47: 0.007123562075797115, 48: 0.007525129429419263, 49: 0.01350690938380196, 50: 0.00494623285719176, 51: 0.015042457580309055, 52: 0.0079819066120436, 53: 0.011505590187097035, 54: 0.011523036464456796, 55: 0.015203969227941833, 56: 0.009772690675718797, 57: 0.010097710854740415, 58: 0.011148279555813802, 59: 0.007736589585904654, 60: 0.005362140379263668, 61: 0.007152377475016264, 62: 0.011627717021552637, 63: 0.009585066091915406, 64: 0.009351480413124249, 65: 0.009368712910529781, 66: 0.009728725653383188, 67: 0.003670619766510178, 68: 0.008073284956846602, 69: 0.008151470723568777, 70: 0.006750393565462058, 71: 0.006649564481215528, 72: 0.006291535387606044, 73: 0.009076890403494587, 74: 0.010600610258144504}","[57, 56, 56, 55, 55, 53, 53, 52, 52, 52, 51, 51, 50, 50, 49, 49, 49, 49, 49, 48, 47, 47, 47, 47, 46, 45, 45, 45, 45, 44, 44, 44, 44, 43, 43, 43, 43, 42, 42, 42, 42, 42, 42, 41, 41, 41, 41, 41, 41, 40, 40, 40, 39, 39, 39, 39, 39, 39, 39, 38, 38, 38, 38, 37, 37, 36, 36, 34, 34, 33, 33, 33, 32, 30, 30]","dict_values([27, 22, 25, 20, 23, 22, 29, 18, 25, 22, 21, 20, 24, 26, 17, 25, 19, 19, 20, 9, 11, 19, 24, 24, 20, 23, 22, 13, 28, 23, 14, 25, 16, 23, 36, 19, 21, 18, 23, 13, 26, 19, 17, 23, 11, 22, 18, 29, 27, 22, 25, 25, 24, 21, 23, 19, 19, 21, 17, 25, 19, 17, 22, 19, 11, 23, 26, 27, 23, 24, 22, 18, 26, 25, 25])",0.1050723028371048
36,43.306666666666665,0.29830863997534224,"{0: 0.015586358908276714, 1: 0.011089233691973418, 2: 0.009453402946553632, 3: 0.017662196086853627, 4: 0.009092112431153525, 5: 0.012450949950949952, 6: 0.013591350492035428, 7: 0.011834841030046511, 8: 0.007425281740350232, 9: 0.013231197306539771, 10: 0.01499513408759984, 11: 0.009781584011036064, 12: 0.009432264483634347, 13: 0.007854046381443642, 14: 0.010497944145204424, 15: 0.014574568598541202, 16: 0.00372915372915373, 17: 0.012039396285971627, 18: 0.008450947320810335, 19: 0.011512371272645247, 20: 0.01367869629855931, 21: 0.007230620073085827, 22: 0.011901904196424744, 23: 0.009211860324874024, 24: 0.007891812515100188, 25: 0.00518435424257342, 26: 0.008887940137940139, 27: 0.01321399095371698, 28: 0.0074565726962987225, 29: 0.013873516955708742, 30: 0.008276275998878738, 31: 0.008905253083335278, 32: 0.005175471613827779, 33: 0.011948942085928388, 34: 0.008195274119931654, 35: 0.009379302872453556, 36: 0.01630519353122093, 37: 0.007953125590111892, 38: 0.006425684850342384, 39: 0.00814588605684496, 40: 0.008636088088142882, 41: 0.004473981271926477, 42: 0.007419144062979682, 43: 0.006608720478583492, 44: 0.009393480198274719, 45: 0.006482242098680456, 46: 0.01597940733214706, 47: 0.007121482378331694, 48: 0.0075209949353784965, 49: 0.013405025648176335, 50: 0.004968286475135789, 51: 0.015059214203049823, 52: 0.008008588145574449, 53: 0.011596249866797812, 54: 0.011479249749797693, 55: 0.01511336759624431, 56: 0.010377514315870482, 57: 0.009905888673011962, 58: 0.010998790536461769, 59: 0.007757690291936868, 60: 0.005262371786344388, 61: 0.007137422205915357, 62: 0.011391168326099835, 63: 0.009514249582742731, 64: 0.009369771698538825, 65: 0.009397543815352034, 66: 0.009497033983335354, 67: 0.003739228396762643, 68: 0.007986952678733502, 69: 0.008153056783193769, 70: 0.006771369442602318, 71: 0.0066458403787170925, 72: 0.006673463779628163, 73: 0.009025205943014161, 74: 0.0105568821322246}","[57, 56, 55, 55, 54, 53, 52, 52, 52, 52, 52, 51, 50, 50, 49, 49, 49, 49, 49, 48, 47, 47, 47, 47, 46, 45, 45, 44, 44, 44, 44, 44, 44, 44, 43, 43, 43, 43, 43, 43, 42, 42, 41, 41, 41, 41, 41, 41, 40, 40, 40, 40, 40, 39, 39, 39, 39, 39, 39, 39, 38, 38, 38, 37, 37, 37, 36, 35, 34, 33, 33, 33, 32, 30, 30]","dict_values([27, 22, 25, 20, 23, 22, 29, 18, 25, 22, 21, 20, 24, 26, 17, 25, 19, 19, 20, 9, 11, 19, 24, 24, 20, 23, 22, 13, 28, 23, 14, 25, 16, 23, 36, 19, 21, 18, 23, 13, 26, 19, 17, 23, 11, 22, 18, 29, 27, 22, 25, 25, 24, 21, 23, 19, 19, 21, 17, 25, 19, 17, 22, 19, 11, 23, 26, 27, 23, 24, 22, 18, 26, 25, 25])",0.10398441481229832
36,43.306666666666665,0.2985538934354396,"{0: 0.015639798033757434, 1: 0.011191857938433282, 2: 0.009367012927026451, 3: 0.017733589659499113, 4: 0.009734078333475924, 5: 0.012427430412266514, 6: 0.013459879340181372, 7: 0.011905251992538994, 8: 0.007620393408064641, 9: 0.01304537957657284, 10: 0.014925201478489473, 11: 0.00989560826889594, 12: 0.009526516975147115, 13: 0.007206039630944732, 14: 0.010432966854199734, 15: 0.014501240469035807, 16: 0.0036479194013440586, 17: 0.012709268702419388, 18: 0.008350856776349594, 19: 0.01147590212909291, 20: 0.013344982713091633, 21: 0.007804027994261028, 22: 0.012649001990296336, 23: 0.00904284382191165, 24: 0.007916402599327415, 25: 0.004878516265502566, 26: 0.008341064601379837, 27: 0.013255914454544592, 28: 0.00691475057913414, 29: 0.013851706110349775, 30: 0.008148767138493166, 31: 0.009307963931251603, 32: 0.0051655567066525975, 33: 0.011915209743475697, 34: 0.008200819502189366, 35: 0.008746453980413542, 36: 0.01593410369450045, 37: 0.007818865726523756, 38: 0.005787931234807279, 39: 0.008734586303079453, 40: 0.0086541461917339, 41: 0.0042228809205922474, 42: 0.00788769675755977, 43: 0.006505737379231355, 44: 0.009241062066404532, 45: 0.006538102157046362, 46: 0.01518644997482667, 47: 0.007248262714304966, 48: 0.007490713973838252, 49: 0.014177927631482918, 50: 0.005478165238439211, 51: 0.015304340658580877, 52: 0.008025697409259054, 53: 0.011596334627156547, 54: 0.01235369555946384, 55: 0.015047395169764034, 56: 0.01028645295438496, 57: 0.009879547270205796, 58: 0.010856415736552723, 59: 0.008160940661775945, 60: 0.0053811167012804174, 61: 0.007053985308869196, 62: 0.011213258337798935, 63: 0.009229203528401656, 64: 0.00888656371867197, 65: 0.009187254515309135, 66: 0.010253216075133886, 67: 0.003751863340904436, 68: 0.007942768901673012, 69: 0.0082107683753995, 70: 0.006830857758021139, 71: 0.006299400487797913, 72: 0.006664709572573907, 73: 0.008943993336239905, 74: 0.01059151059151059}","[57, 56, 55, 54, 53, 53, 53, 52, 52, 52, 51, 51, 51, 50, 50, 49, 49, 49, 49, 48, 48, 47, 47, 47, 46, 45, 45, 44, 44, 44, 44, 44, 44, 44, 44, 44, 43, 43, 42, 42, 42, 42, 41, 41, 41, 41, 41, 41, 40, 40, 40, 40, 40, 39, 39, 39, 39, 39, 39, 39, 39, 38, 38, 37, 37, 36, 36, 35, 34, 33, 33, 33, 31, 30, 30]","dict_values([27, 22, 25, 20, 23, 22, 29, 18, 25, 22, 21, 20, 24, 26, 17, 25, 19, 19, 20, 9, 11, 19, 24, 24, 20, 23, 22, 13, 28, 23, 14, 25, 16, 23, 36, 19, 21, 18, 23, 13, 26, 19, 17, 23, 11, 22, 18, 29, 27, 22, 25, 25, 24, 21, 23, 19, 19, 21, 17, 25, 19, 17, 22, 19, 11, 23, 26, 27, 23, 24, 22, 18, 26, 25, 25])",0.10462103242010243
36,43.14666666666667,0.2973371355242071,"{0: 0.015803867344963238, 1: 0.011967484570224297, 2: 0.009412528289405662, 3: 0.018233996943354928, 4: 0.00972597402391923, 5: 0.011963919368194001, 6: 0.013799232720465598, 7: 0.012616139284112546, 8: 0.007686279432854775, 9: 0.013078235680975407, 10: 0.014898808176370478, 11: 0.00970747520405055, 12: 0.009104334874882821, 13: 0.006846218490054107, 14: 0.009998804262502894, 15: 0.01450089373736015, 16: 0.0037262266714321508, 17: 0.012416919951166528, 18: 0.008576987193508074, 19: 0.011593845046147409, 20: 0.012914564582537844, 21: 0.007837603769275663, 22: 0.012717796844715478, 23: 0.009033410358917868, 24: 0.008083620100867172, 25: 0.004939700915728313, 26: 0.007843963751498, 27: 0.01344983074435129, 28: 0.006868709779668685, 29: 0.014304573431492065, 30: 0.00837546359806634, 31: 0.009420080310491269, 32: 0.005109158191349972, 33: 0.012528196686061017, 34: 0.008056746412910796, 35: 0.008992327848574753, 36: 0.01623581820190172, 37: 0.007710419696721067, 38: 0.005736396531082124, 39: 0.008642482101386208, 40: 0.008588035896585163, 41: 0.004295671737700127, 42: 0.008056634940196586, 43: 0.006485717273388507, 44: 0.009100114322717063, 45: 0.006165061192706017, 46: 0.015263405852818301, 47: 0.007259178406438681, 48: 0.007551481438467742, 49: 0.01369002596412235, 50: 0.004827245238204142, 51: 0.015373847254108019, 52: 0.008052516614160449, 53: 0.01121732893993168, 54: 0.012145478498218227, 55: 0.015404403394376988, 56: 0.01026916951574486, 57: 0.009457283429886172, 58: 0.011261974018823333, 59: 0.008555220733385445, 60: 0.005458431612706246, 61: 0.007671182359662307, 62: 0.011283695304367033, 63: 0.009893729958922235, 64: 0.009119277866183297, 65: 0.009257752470328803, 66: 0.009454256200831545, 67: 0.0037714835660041133, 68: 0.008128103847281928, 69: 0.008300923026950425, 70: 0.0068792530027882385, 71: 0.005977706320172073, 72: 0.006661165308425582, 73: 0.008946497857621805, 74: 0.010151624877652277}","[57, 56, 55, 54, 54, 53, 52, 52, 52, 51, 51, 50, 50, 50, 50, 49, 48, 48, 48, 48, 48, 48, 47, 46, 46, 45, 45, 44, 44, 44, 44, 44, 44, 44, 44, 44, 43, 43, 42, 42, 42, 42, 41, 41, 41, 41, 40, 40, 40, 40, 40, 40, 40, 40, 39, 39, 39, 39, 39, 39, 39, 37, 37, 37, 37, 36, 35, 35, 33, 33, 33, 32, 31, 30, 30]","dict_values([27, 22, 25, 20, 23, 22, 29, 18, 25, 22, 21, 20, 24, 26, 17, 25, 19, 19, 20, 9, 11, 19, 24, 24, 20, 23, 22, 13, 28, 23, 14, 25, 16, 23, 36, 19, 21, 18, 23, 13, 26, 19, 17, 23, 11, 22, 18, 29, 27, 22, 25, 25, 24, 21, 23, 19, 19, 21, 17, 25, 19, 17, 22, 19, 11, 23, 26, 27, 23, 24, 22, 18, 26, 25, 25])",0.10663602151934122
36,43.17333333333333,0.29731133064158555,"{0: 0.015784605414163586, 1: 0.01246418695048832, 2: 0.009420272226703885, 3: 0.018136621292158064, 4: 0.009498416083646646, 5: 0.011785031515541894, 6: 0.013666519559583425, 7: 0.012942145279977672, 8: 0.007763789441871633, 9: 0.013363000149127871, 10: 0.014338301709415984, 11: 0.009534006708664243, 12: 0.009162294008184422, 13: 0.006964273745095664, 14: 0.009579823021603845, 15: 0.014869036915447126, 16: 0.0036960304083591762, 17: 0.014258629498355529, 18: 0.009375603755136392, 19: 0.012535145331277484, 20: 0.012801931612366747, 21: 0.007877249190337228, 22: 0.012703034767532958, 23: 0.00912924061090862, 24: 0.008096739225088695, 25: 0.005534817777968463, 26: 0.007148320843333385, 27: 0.013471894636278197, 28: 0.006850972261931167, 29: 0.014165877073033954, 30: 0.008338177259410134, 31: 0.008951412033603813, 32: 0.005102704589005959, 33: 0.01239377484341223, 34: 0.00820305409346505, 35: 0.009083139146638598, 36: 0.01665047909713729, 37: 0.007732375957824541, 38: 0.0060163352870846835, 39: 0.008690310573872219, 40: 0.008578874453169377, 41: 0.003926287664200638, 42: 0.007994488131474433, 43: 0.0064025519287915595, 44: 0.009200543532735313, 45: 0.006631037201141956, 46: 0.015382466174435963, 47: 0.006453008250953456, 48: 0.007618955799305017, 49: 0.013615351056972992, 50: 0.004357390316294426, 51: 0.014529801029642138, 52: 0.007838608181073936, 53: 0.010183985612067804, 54: 0.012223822732939073, 55: 0.014948317179380846, 56: 0.010009007344044966, 57: 0.009896044120913888, 58: 0.010828996017352183, 59: 0.00835707294208503, 60: 0.005422529883649948, 61: 0.007738531909605897, 62: 0.0118137375439954, 63: 0.009926497043741201, 64: 0.009066911756275173, 65: 0.00873843706804404, 66: 0.009379408180778046, 67: 0.0037365859283667504, 68: 0.008602768534275385, 69: 0.008305147413771764, 70: 0.007248832339485038, 71: 0.006109360472181233, 72: 0.0063245407990246885, 73: 0.008998486955410608, 74: 0.009595720725857713}","[57, 56, 55, 55, 54, 53, 52, 52, 52, 51, 50, 50, 50, 50, 50, 50, 48, 48, 48, 48, 48, 47, 47, 45, 45, 45, 45, 45, 45, 44, 44, 44, 44, 44, 44, 43, 43, 43, 42, 42, 42, 42, 42, 41, 41, 41, 41, 40, 40, 40, 40, 40, 40, 39, 39, 39, 39, 39, 39, 38, 38, 38, 38, 38, 38, 36, 35, 35, 35, 33, 33, 31, 30, 30, 30]","dict_values([27, 22, 25, 20, 23, 22, 29, 18, 25, 22, 21, 20, 24, 26, 17, 25, 19, 19, 20, 9, 11, 19, 24, 24, 20, 23, 22, 13, 28, 23, 14, 25, 16, 23, 36, 19, 21, 18, 23, 13, 26, 19, 17, 23, 11, 22, 18, 29, 27, 22, 25, 25, 24, 21, 23, 19, 19, 21, 17, 25, 19, 17, 22, 19, 11, 23, 26, 27, 23, 24, 22, 18, 26, 25, 25])",0.10823524384805051
36,43.2,0.29682102838117075,"{0: 0.0157064938634493, 1: 0.013230049905742803, 2: 0.009320179907049322, 3: 0.017878118894298807, 4: 0.009389636694045338, 5: 0.01187793813848806, 6: 0.013669232918461165, 7: 0.013064542223908265, 8: 0.007823046179210563, 9: 0.013254421102192666, 10: 0.013719987674502433, 11: 0.009509691787089046, 12: 0.009201000211274185, 13: 0.007044991805265777, 14: 0.009626389335293445, 15: 0.014741100408605759, 16: 0.0037364996269105863, 17: 0.014274055883644927, 18: 0.009344686980876853, 19: 0.012596182268052293, 20: 0.012347099211944702, 21: 0.007894530960659493, 22: 0.012689240155655401, 23: 0.009199014334009556, 24: 0.007830968024400042, 25: 0.005840315686206098, 26: 0.00716235150804898, 27: 0.013471807821122889, 28: 0.006765252313197519, 29: 0.014113881738024173, 30: 0.008309615073313703, 31: 0.009217547231245859, 32: 0.005097649275731466, 33: 0.012381947755474352, 34: 0.008084626920243356, 35: 0.009105008161068002, 36: 0.016585495810399236, 37: 0.00774516449801034, 38: 0.005925388714493524, 39: 0.008612230358805702, 40: 0.008536586547099448, 41: 0.004022293523328884, 42: 0.008138209336839473, 43: 0.006393149179662782, 44: 0.009196191473588735, 45: 0.006667467829462096, 46: 0.01594687723324389, 47: 0.006168635192607795, 48: 0.007643117124836206, 49: 0.013615555565451024, 50: 0.004662458772047813, 51: 0.014432736999469028, 52: 0.007452429712703686, 53: 0.010562448319297636, 54: 0.01218736910059503, 55: 0.014958135623554551, 56: 0.00966909929865747, 57: 0.009885532809032711, 58: 0.010928753308890296, 59: 0.008312154389726866, 60: 0.005487720263524661, 61: 0.007737137905813226, 62: 0.011735427761630373, 63: 0.009835981769718628, 64: 0.008176010091429013, 65: 0.008772076255216574, 66: 0.009881342073122894, 67: 0.003783820050943339, 68: 0.009222543982817957, 69: 0.00818069198109715, 70: 0.007276354397252772, 71: 0.00587680270537689, 72: 0.006613027560114191, 73: 0.008954677568751308, 74: 0.009578366427681494}","[57, 56, 55, 55, 54, 54, 52, 52, 52, 51, 50, 50, 50, 50, 49, 49, 48, 48, 48, 48, 48, 48, 47, 46, 45, 45, 45, 45, 45, 45, 44, 44, 44, 44, 44, 44, 43, 42, 42, 42, 42, 42, 41, 41, 41, 41, 40, 40, 40, 40, 40, 40, 40, 39, 39, 39, 39, 39, 38, 38, 38, 38, 38, 38, 37, 37, 36, 35, 35, 33, 33, 32, 31, 30, 30]","dict_values([27, 22, 25, 20, 23, 22, 29, 18, 25, 22, 21, 20, 24, 26, 17, 25, 19, 19, 20, 9, 11, 19, 24, 24, 20, 23, 22, 13, 28, 23, 14, 25, 16, 23, 36, 19, 21, 18, 23, 13, 26, 19, 17, 23, 11, 22, 18, 29, 27, 22, 25, 25, 24, 21, 23, 19, 19, 21, 17, 25, 19, 17, 22, 19, 11, 23, 26, 27, 23, 24, 22, 18, 26, 25, 25])",0.10403368388965095
36,43.093333333333334,0.2962288617610079,"{0: 0.015761753764599613, 1: 0.012757708990585705, 2: 0.009276261491436098, 3: 0.018103441298260907, 4: 0.00988770731197897, 5: 0.011994650243492616, 6: 0.013861149120651341, 7: 0.013186772604580824, 8: 0.007785630902069258, 9: 0.01337391420113782, 10: 0.013765613148210105, 11: 0.008880366157763421, 12: 0.009290902698436947, 13: 0.007045566120908586, 14: 0.009357452165671343, 15: 0.014688820135713829, 16: 0.003798157137198233, 17: 0.01388256165653426, 18: 0.009411320712690577, 19: 0.01268943657642288, 20: 0.012472324715475401, 21: 0.007857003476094736, 22: 0.012648330099613138, 23: 0.009247363613801969, 24: 0.007857473514428946, 25: 0.0058987844090583825, 26: 0.007311989500152726, 27: 0.013507414877277893, 28: 0.006766365499242212, 29: 0.014029226090291112, 30: 0.008361208703674456, 31: 0.008847885731447373, 32: 0.004913504314189245, 33: 0.012438988723235298, 34: 0.008064432379500872, 35: 0.009177572430032395, 36: 0.016602545437197185, 37: 0.007203337757553462, 38: 0.005963616580054936, 39: 0.008299876108095286, 40: 0.008573008144925953, 41: 0.00403663169074128, 42: 0.008188969490339353, 43: 0.0065786264199345435, 44: 0.00926038254805378, 45: 0.006701070999016206, 46: 0.016050892391814644, 47: 0.006179523816510118, 48: 0.007707026435320859, 49: 0.013192459492864664, 50: 0.004346426949166675, 51: 0.014475297505154732, 52: 0.007832417078992421, 53: 0.010588129680595434, 54: 0.012240090043726934, 55: 0.014972487917693397, 56: 0.009699596075729589, 57: 0.009592020786068634, 58: 0.010636146166968088, 59: 0.008406916626094708, 60: 0.005602576749837025, 61: 0.007834595915823006, 62: 0.011694327618985154, 63: 0.009925541774856845, 64: 0.0083189014695864, 65: 0.008801384129379499, 66: 0.0102966724542067, 67: 0.003783820050943339, 68: 0.009862844537502071, 69: 0.00802929379887705, 70: 0.007356780986917973, 71: 0.005908665922171613, 72: 0.007040848022181228, 73: 0.008944740608352417, 74: 0.00969148529080036}","[57, 56, 55, 55, 54, 54, 52, 52, 51, 50, 50, 50, 50, 50, 49, 49, 48, 48, 48, 48, 48, 48, 46, 45, 45, 45, 45, 45, 45, 44, 44, 44, 44, 44, 44, 43, 43, 43, 42, 42, 42, 42, 41, 41, 41, 40, 40, 40, 40, 40, 40, 40, 39, 39, 39, 39, 39, 39, 38, 38, 38, 38, 38, 38, 38, 37, 36, 35, 35, 33, 32, 31, 31, 30, 30]","dict_values([27, 22, 25, 20, 23, 22, 29, 18, 25, 22, 21, 20, 24, 26, 17, 25, 19, 19, 20, 9, 11, 19, 24, 24, 20, 23, 22, 13, 28, 23, 14, 25, 16, 23, 36, 19, 21, 18, 23, 13, 26, 19, 17, 23, 11, 22, 18, 29, 27, 22, 25, 25, 24, 21, 23, 19, 19, 21, 17, 25, 19, 17, 22, 19, 11, 23, 26, 27, 23, 24, 22, 18, 26, 25, 25])",0.10527881764042744
36,43.25333333333333,0.2972903492194015,"{0: 0.01654874179620849, 1: 0.012498464004928527, 2: 0.009274432101550939, 3: 0.01792475915644723, 4: 0.010159431500208383, 5: 0.011942007185478354, 6: 0.013753746846259511, 7: 0.01319508526103878, 8: 0.007721278782922618, 9: 0.013946245424946867, 10: 0.013560407890957714, 11: 0.008842234270316465, 12: 0.009221993554185338, 13: 0.007117758316388454, 14: 0.009546982492187973, 15: 0.015434622655012572, 16: 0.003613550103276131, 17: 0.013586326257559135, 18: 0.009533444453407515, 19: 0.012645716629285968, 20: 0.011931146753949583, 21: 0.008305223823279048, 22: 0.012491639390909023, 23: 0.00924338806726832, 24: 0.007877469665839852, 25: 0.0060068071198208185, 26: 0.007717195870461027, 27: 0.012746735863174222, 28: 0.006607573388395306, 29: 0.01380897079127664, 30: 0.008154136578794114, 31: 0.008732648629908904, 32: 0.0048767013664273925, 33: 0.012542044944499927, 34: 0.007618093576997688, 35: 0.008587223854201659, 36: 0.016514374951356405, 37: 0.0071585071491245275, 38: 0.006279610360339928, 39: 0.008867046195813319, 40: 0.008158108717020522, 41: 0.004055858387665376, 42: 0.008185913494132674, 43: 0.006503361107883531, 44: 0.009137616671863249, 45: 0.007096334710041037, 46: 0.015326409376218458, 47: 0.00638669611272351, 48: 0.007675524694430681, 49: 0.013048332307616357, 50: 0.004370892898290159, 51: 0.014415872347892083, 52: 0.00827744286648396, 53: 0.010518573275422594, 54: 0.01158349019228171, 55: 0.014923959238642938, 56: 0.00969392989002672, 57: 0.009379387185964403, 58: 0.010469859699311756, 59: 0.008089733066645486, 60: 0.005614930163760394, 61: 0.007727386735400971, 62: 0.011643721557912724, 63: 0.009787056173850079, 64: 0.008985887375913541, 65: 0.00837855205287171, 66: 0.01058775031377771, 67: 0.0037086694620941194, 68: 0.009687476359594261, 69: 0.008151183677783414, 70: 0.007400196910977441, 71: 0.005832337393136792, 72: 0.006916179693670779, 73: 0.008837060913335318, 74: 0.010818878199015182}","[57, 57, 55, 55, 54, 54, 53, 51, 51, 51, 50, 50, 50, 49, 49, 48, 48, 48, 48, 48, 48, 48, 47, 47, 46, 46, 45, 45, 45, 45, 44, 44, 44, 44, 43, 43, 43, 42, 42, 42, 42, 42, 41, 41, 41, 41, 41, 40, 40, 40, 40, 40, 39, 39, 39, 39, 39, 39, 39, 39, 39, 39, 39, 38, 38, 38, 37, 35, 35, 33, 32, 31, 31, 30, 29]","dict_values([27, 22, 25, 20, 23, 22, 29, 18, 25, 22, 21, 20, 24, 26, 17, 25, 19, 19, 20, 9, 11, 19, 24, 24, 20, 23, 22, 13, 28, 23, 14, 25, 16, 23, 36, 19, 21, 18, 23, 13, 26, 19, 17, 23, 11, 22, 18, 29, 27, 22, 25, 25, 24, 21, 23, 19, 19, 21, 17, 25, 19, 17, 22, 19, 11, 23, 26, 27, 23, 24, 22, 18, 26, 25, 25])",0.10114927149961761
36,43.22666666666667,0.29713489514915636,"{0: 0.016495390544227103, 1: 0.012519695225174677, 2: 0.009172060104458302, 3: 0.017943386972520018, 4: 0.010121426496449953, 5: 0.011856472197295992, 6: 0.012704084837693395, 7: 0.013368808060588884, 8: 0.007779970451203328, 9: 0.01344559989005476, 10: 0.012920777970505877, 11: 0.008357483100633783, 12: 0.009048403312101945, 13: 0.007494598248022905, 14: 0.009502531077873543, 15: 0.015478740707442155, 16: 0.004217523138756015, 17: 0.013475156112142414, 18: 0.009601256347831691, 19: 0.012423132371762508, 20: 0.011805512918526617, 21: 0.007678746678793592, 22: 0.012538021315465489, 23: 0.00944433435871792, 24: 0.00839191831404254, 25: 0.006022729738483164, 26: 0.007827825090679285, 27: 0.013229772818813917, 28: 0.006654936449456998, 29: 0.013858128232307256, 30: 0.00817793060943746, 31: 0.008801312739668905, 32: 0.004900061321294198, 33: 0.013947535094795373, 34: 0.007681689017305456, 35: 0.008018508576774667, 36: 0.01659230059492773, 37: 0.007390423819397361, 38: 0.007658520158520158, 39: 0.009344910201074584, 40: 0.008113559740272069, 41: 0.0039160855085512624, 42: 0.008264078469557921, 43: 0.006140473758694814, 44: 0.009089262685153096, 45: 0.00706192769548934, 46: 0.015143667630062826, 47: 0.006438705068842055, 48: 0.007682282920366989, 49: 0.012981419929252544, 50: 0.004475340263011496, 51: 0.014137942115752212, 52: 0.007824247721507997, 53: 0.010519799988978071, 54: 0.011588834718174183, 55: 0.015149913951283813, 56: 0.009649640804641743, 57: 0.009458887779163629, 58: 0.010556915265819375, 59: 0.008023166927276518, 60: 0.00522838801948391, 61: 0.007763417622209141, 62: 0.011085798072099442, 63: 0.01053678262582372, 64: 0.008983533641067886, 65: 0.007937056440528015, 66: 0.010665988748180527, 67: 0.003739508876495178, 68: 0.00960812168003949, 69: 0.008142446682745049, 70: 0.00734902223689989, 71: 0.005920318645501607, 72: 0.006947693595047695, 73: 0.0089070349789997, 74: 0.01077056684933397}","[57, 57, 55, 55, 54, 54, 53, 52, 52, 51, 50, 50, 50, 49, 48, 48, 48, 48, 48, 48, 48, 47, 47, 47, 46, 46, 46, 45, 45, 44, 44, 44, 44, 44, 43, 43, 42, 42, 42, 42, 42, 42, 41, 41, 41, 40, 40, 40, 40, 40, 40, 40, 40, 40, 39, 39, 39, 39, 39, 39, 39, 39, 39, 39, 38, 38, 37, 35, 34, 32, 32, 31, 30, 30, 30]","dict_values([27, 22, 25, 20, 23, 22, 29, 18, 25, 22, 21, 20, 24, 26, 17, 25, 19, 19, 20, 9, 11, 19, 24, 24, 20, 23, 22, 13, 28, 23, 14, 25, 16, 23, 36, 19, 21, 18, 23, 13, 26, 19, 17, 23, 11, 22, 18, 29, 27, 22, 25, 25, 24, 21, 23, 19, 19, 21, 17, 25, 19, 17, 22, 19, 11, 23, 26, 27, 23, 24, 22, 18, 26, 25, 25])",0.1065860975681229
36,43.2,0.2966238372149544,"{0: 0.016468299698978502, 1: 0.01248582238269786, 2: 0.009128881281879431, 3: 0.017895204060905685, 4: 0.010021161741157652, 5: 0.011686677937870659, 6: 0.012470151526581706, 7: 0.013462427137969694, 8: 0.007877176712793152, 9: 0.013711196536794578, 10: 0.012914120718145516, 11: 0.008306180556382005, 12: 0.009084683903378505, 13: 0.007533618321289555, 14: 0.009626676749964423, 15: 0.015518003537344843, 16: 0.004264737816309131, 17: 0.013972437431341541, 18: 0.009520125775705275, 19: 0.012388321584421142, 20: 0.011824991853274134, 21: 0.007696391925141453, 22: 0.012652519056393176, 23: 0.009204452754360404, 24: 0.008750145468010659, 25: 0.006049596279249785, 26: 0.007883219873354816, 27: 0.012794002862496013, 28: 0.006627019983184367, 29: 0.014353615017354193, 30: 0.00874035052117244, 31: 0.00880057147180435, 32: 0.0048437722994532015, 33: 0.013404544265903356, 34: 0.007779102299650247, 35: 0.007875782531335382, 36: 0.016860918118157393, 37: 0.007864957358925874, 38: 0.0076785451496856755, 39: 0.009369445499582485, 40: 0.008146032753091214, 41: 0.0035036184518637964, 42: 0.008251358765057394, 43: 0.005295018651183034, 44: 0.008659442906018248, 45: 0.006783563930640862, 46: 0.015254976198373725, 47: 0.0064643977315210184, 48: 0.007711628710657541, 49: 0.01306364534289478, 50: 0.0047075613755710455, 51: 0.014114419519712783, 52: 0.007640604900878874, 53: 0.010615810872660189, 54: 0.01161538697702059, 55: 0.014688723558201775, 56: 0.009575429103644192, 57: 0.010011869524389521, 58: 0.010589010160927968, 59: 0.008028603895927277, 60: 0.005222523606970275, 61: 0.007773000053995415, 62: 0.011087924255540081, 63: 0.010550324739565927, 64: 0.008989689263277074, 65: 0.00798702714581226, 66: 0.010684498355731233, 67: 0.0038287615342409865, 68: 0.009499321794928817, 69: 0.008321940532889214, 70: 0.007279862479334569, 71: 0.005894018312235447, 72: 0.006953163823074944, 73: 0.008945724862629106, 74: 0.010749829404140444}","[57, 57, 55, 54, 54, 54, 53, 51, 51, 51, 51, 50, 50, 49, 49, 48, 48, 48, 48, 48, 48, 47, 47, 46, 46, 46, 46, 45, 45, 45, 44, 44, 44, 43, 43, 43, 43, 42, 42, 42, 42, 42, 42, 41, 41, 40, 40, 40, 40, 40, 40, 40, 40, 40, 39, 39, 39, 39, 39, 39, 39, 39, 39, 38, 38, 38, 37, 35, 33, 32, 32, 32, 30, 30, 29]","dict_values([27, 22, 25, 20, 23, 22, 29, 18, 25, 22, 21, 20, 24, 26, 17, 25, 19, 19, 20, 9, 11, 19, 24, 24, 20, 23, 22, 13, 28, 23, 14, 25, 16, 23, 36, 19, 21, 18, 23, 13, 26, 19, 17, 23, 11, 22, 18, 29, 27, 22, 25, 25, 24, 21, 23, 19, 19, 21, 17, 25, 19, 17, 22, 19, 11, 23, 26, 27, 23, 24, 22, 18, 26, 25, 25])",0.1058885840573083
36,43.12,0.29578084685184053,"{0: 0.016750541151226084, 1: 0.01241110124633289, 2: 0.009134322628559786, 3: 0.017754012816156888, 4: 0.010009089289911208, 5: 0.01173981289951104, 6: 0.012537260139999869, 7: 0.013469704200041278, 8: 0.007790802311350257, 9: 0.013714177755273647, 10: 0.012994943036240377, 11: 0.008343301997613036, 12: 0.009215153725629149, 13: 0.0075870029637152905, 14: 0.009694125447550106, 15: 0.015593486711887516, 16: 0.004261579080273682, 17: 0.013600741682933466, 18: 0.009552955260589554, 19: 0.012452978840859219, 20: 0.011222922073122163, 21: 0.007724420362493138, 22: 0.012874176886413303, 23: 0.009246838584417466, 24: 0.008744065056593918, 25: 0.006081103502537829, 26: 0.007972654633613538, 27: 0.012943977327538974, 28: 0.006896407410106041, 29: 0.014006778703946631, 30: 0.008787791664503993, 31: 0.008866751332504757, 32: 0.004837528286359873, 33: 0.013533182237007078, 34: 0.007463669449970822, 35: 0.007947011525586254, 36: 0.01693121397407991, 37: 0.007832692421733518, 38: 0.00768735817219733, 39: 0.009419838358194522, 40: 0.00822589396308941, 41: 0.0035204338796381283, 42: 0.008350014171931982, 43: 0.005313610450596751, 44: 0.008171895671895673, 45: 0.007192303038010107, 46: 0.015332556553504685, 47: 0.006558071284098681, 48: 0.007046633330879906, 49: 0.013001207504439767, 50: 0.004713805388664373, 51: 0.014157917999113936, 52: 0.007660452181000126, 53: 0.010240428819195943, 54: 0.011711480290247416, 55: 0.015001491850422129, 56: 0.01011128254278939, 57: 0.010101197933591165, 58: 0.010589010160927968, 59: 0.00808067295484565, 60: 0.005222523606970275, 61: 0.007790087726981679, 62: 0.011109234037123834, 63: 0.010553637071645383, 64: 0.009115322094389356, 65: 0.007969511017071433, 66: 0.010953805645586467, 67: 0.0038225909801252265, 68: 0.009988124509758929, 69: 0.008361169919389098, 70: 0.007312089640471971, 71: 0.005893759660882949, 72: 0.0069302589749809735, 73: 0.008332529884784773, 74: 0.010371433477799313}","[57, 57, 55, 54, 54, 54, 53, 51, 51, 51, 50, 50, 50, 49, 48, 48, 48, 48, 48, 47, 47, 47, 46, 46, 46, 46, 46, 45, 45, 45, 44, 44, 44, 44, 43, 43, 43, 42, 42, 42, 42, 42, 41, 41, 41, 40, 40, 40, 40, 40, 40, 40, 40, 40, 39, 39, 39, 39, 39, 39, 39, 39, 38, 38, 38, 38, 37, 35, 33, 32, 32, 32, 30, 30, 29]","dict_values([27, 22, 25, 20, 23, 22, 29, 18, 25, 22, 21, 20, 24, 26, 17, 25, 19, 19, 20, 9, 11, 19, 24, 24, 20, 23, 22, 13, 28, 23, 14, 25, 16, 23, 36, 19, 21, 18, 23, 13, 26, 19, 17, 23, 11, 22, 18, 29, 27, 22, 25, 25, 24, 21, 23, 19, 19, 21, 17, 25, 19, 17, 22, 19, 11, 23, 26, 27, 23, 24, 22, 18, 26, 25, 25])",0.10634457864778565
36,42.88,0.2944748669225175,"{0: 0.016947041861425424, 1: 0.012286005230825917, 2: 0.009180337229368908, 3: 0.018097357251967077, 4: 0.009976815370650987, 5: 0.01201447986938349, 6: 0.01263477025463327, 7: 0.013414900977429839, 8: 0.007836939172555612, 9: 0.01384839193058371, 10: 0.012560153217888916, 11: 0.008473907436437654, 12: 0.00923815306369698, 13: 0.007624620638319268, 14: 0.009443747714295658, 15: 0.015901887533986966, 16: 0.004261579080273682, 17: 0.013119819626668942, 18: 0.009723407314603253, 19: 0.012745329390059085, 20: 0.011347593259437185, 21: 0.007784810320143369, 22: 0.012953579363076053, 23: 0.009413381387946571, 24: 0.008815148689321385, 25: 0.0056227174277134, 26: 0.008026061878801605, 27: 0.011922759867965349, 28: 0.00660053134368203, 29: 0.014109314080454608, 30: 0.008923254642432724, 31: 0.008927660126290262, 32: 0.004863452627352708, 33: 0.013663376202817485, 34: 0.0075983110229685576, 35: 0.007678295760295144, 36: 0.017068293049515154, 37: 0.006887676065758258, 38: 0.007812305214952591, 39: 0.009494479357493054, 40: 0.008329335504887118, 41: 0.003404506880149484, 42: 0.008432292850101069, 43: 0.005375242532776779, 44: 0.008282277032277033, 45: 0.007393206663571267, 46: 0.015439841335447001, 47: 0.006647229678051595, 48: 0.0070950607765676256, 49: 0.01375224798150764, 50: 0.00452127197695288, 51: 0.01439228218895758, 52: 0.0077656880739072525, 53: 0.010346802042007523, 54: 0.011885357690152212, 55: 0.015109910623224462, 56: 0.009688321674623043, 57: 0.00997289720597537, 58: 0.010753985668369232, 59: 0.008189764159827266, 60: 0.00525786199847305, 61: 0.007721684062687602, 62: 0.011210173350391912, 63: 0.010747883156302427, 64: 0.009250328393779218, 65: 0.00800822184345349, 66: 0.011176903128957926, 67: 0.003664151266890992, 68: 0.009654544467274779, 69: 0.00848918348918349, 70: 0.007445268712007209, 71: 0.005975532859094503, 72: 0.006960455238053951, 73: 0.008358912959113052, 74: 0.01055868965820618}","[57, 57, 55, 54, 54, 54, 53, 52, 51, 50, 50, 49, 49, 49, 48, 48, 48, 48, 47, 47, 47, 46, 46, 46, 46, 46, 45, 45, 45, 44, 44, 44, 44, 43, 43, 43, 42, 42, 42, 42, 42, 42, 41, 41, 40, 40, 40, 40, 40, 40, 40, 39, 39, 39, 39, 39, 39, 39, 39, 39, 38, 38, 38, 38, 38, 38, 36, 35, 33, 32, 32, 31, 30, 29, 28]","dict_values([27, 22, 25, 20, 23, 22, 29, 18, 25, 22, 21, 20, 24, 26, 17, 25, 19, 19, 20, 9, 11, 19, 24, 24, 20, 23, 22, 13, 28, 23, 14, 25, 16, 23, 36, 19, 21, 18, 23, 13, 26, 19, 17, 23, 11, 22, 18, 29, 27, 22, 25, 25, 24, 21, 23, 19, 19, 21, 17, 25, 19, 17, 22, 19, 11, 23, 26, 27, 23, 24, 22, 18, 26, 25, 25])",0.10567962426672609
36,42.906666666666666,0.29399535698063917,"{0: 0.016846740048794842, 1: 0.011575168938182638, 2: 0.008770266047663308, 3: 0.017898668241133998, 4: 0.010064379499311008, 5: 0.011427280605362794, 6: 0.01286618966413487, 7: 0.013490689603703305, 8: 0.008175064168214854, 9: 0.013747599021571626, 10: 0.013310618276371705, 11: 0.008043680218337753, 12: 0.0096305102298253, 13: 0.007251595950226086, 14: 0.009997172240322923, 15: 0.01608659168590676, 16: 0.004072239260595425, 17: 0.012675818155270214, 18: 0.009561689184976855, 19: 0.013094103847528508, 20: 0.011153185896336583, 21: 0.007804684260163712, 22: 0.013389592841647638, 23: 0.009628629577259715, 24: 0.008761902768752085, 25: 0.006283009279584621, 26: 0.0076462620127003686, 27: 0.011770738311834204, 28: 0.006674389465485355, 29: 0.013528110788384761, 30: 0.00906831403406746, 31: 0.008923353272668341, 32: 0.004849860586161957, 33: 0.01352004699607439, 34: 0.0075866402921197455, 35: 0.00765042400316373, 36: 0.016363245644067565, 37: 0.007328431985966232, 38: 0.008549299645190056, 39: 0.010715441023660203, 40: 0.00845762207063577, 41: 0.003106854733567062, 42: 0.008450466498411706, 43: 0.005458362136444328, 44: 0.008329685298863382, 45: 0.008197964105498352, 46: 0.014918625791913461, 47: 0.006273277249304647, 48: 0.0071871269645242255, 49: 0.01363723024681929, 50: 0.0046906143652719, 51: 0.013174270194818143, 52: 0.007851210248470523, 53: 0.010302788813062786, 54: 0.012050183197443472, 55: 0.015037590551289186, 56: 0.009782088206745742, 57: 0.010487754665836858, 58: 0.01065325799914841, 59: 0.008379188687407866, 60: 0.005415773138375877, 61: 0.007555222452482726, 62: 0.010520137746165142, 63: 0.010670906390084473, 64: 0.009401728922276868, 65: 0.008063034090431352, 66: 0.011130991267977569, 67: 0.0036293317115234916, 68: 0.009731895177100656, 69: 0.008486019102457457, 70: 0.007095249561002987, 71: 0.006051228482735331, 72: 0.007071968458954762, 73: 0.008766568698075548, 74: 0.01011700155535772}","[57, 57, 54, 54, 54, 54, 52, 52, 51, 49, 49, 49, 49, 49, 49, 48, 48, 47, 47, 47, 47, 47, 47, 46, 46, 46, 45, 45, 44, 44, 44, 43, 43, 43, 43, 43, 42, 42, 42, 42, 42, 42, 42, 41, 41, 41, 41, 41, 41, 40, 40, 40, 40, 39, 39, 39, 39, 39, 38, 38, 38, 38, 38, 38, 38, 37, 37, 35, 33, 33, 32, 32, 30, 29, 27]","dict_values([27, 22, 25, 20, 23, 22, 29, 18, 25, 22, 21, 20, 24, 26, 17, 25, 19, 19, 20, 9, 11, 19, 24, 24, 20, 23, 22, 13, 28, 23, 14, 25, 16, 23, 36, 19, 21, 18, 23, 13, 26, 19, 17, 23, 11, 22, 18, 29, 27, 22, 25, 25, 24, 21, 23, 19, 19, 21, 17, 25, 19, 17, 22, 19, 11, 23, 26, 27, 23, 24, 22, 18, 26, 25, 25])",0.10658234194619218
36,42.77333333333333,0.2926535590172671,"{0: 0.017295200428762075, 1: 0.012351000626584832, 2: 0.00896418212594683, 3: 0.01797075937386171, 4: 0.010145262456906293, 5: 0.010521800408988162, 6: 0.01341053404409569, 7: 0.013801919170573483, 8: 0.008200104432981145, 9: 0.013853098185289967, 10: 0.012935550349933914, 11: 0.008129988609440664, 12: 0.009615843091870491, 13: 0.007329429076004417, 14: 0.009995280286376178, 15: 0.014513786235180272, 16: 0.004142567498731883, 17: 0.012943253525445309, 18: 0.009953680431117983, 19: 0.013631632829860067, 20: 0.011348841631879504, 21: 0.0076167880710588205, 22: 0.013309505664461348, 23: 0.009832922408466328, 24: 0.009404115628934322, 25: 0.005613949021483268, 26: 0.0077103423849999185, 27: 0.010955771058510786, 28: 0.006693259176135888, 29: 0.01381953521357228, 30: 0.008727457700060441, 31: 0.008903259673807618, 32: 0.004812331781509863, 33: 0.012569350018987409, 34: 0.007633720818652326, 35: 0.007643904707764501, 36: 0.016657147428702626, 37: 0.007360675853826539, 38: 0.008387878739409762, 39: 0.010826324011255516, 40: 0.008516496978422845, 41: 0.003142804759444566, 42: 0.008430267334376924, 43: 0.005651304195824745, 44: 0.008458607859292793, 45: 0.007600043987030289, 46: 0.014868857712330718, 47: 0.006197974605508852, 48: 0.007219372887181105, 49: 0.01391724281530889, 50: 0.004665758518498244, 51: 0.01317943136033386, 52: 0.008081979828555172, 53: 0.011064445457072369, 54: 0.01269053203984711, 55: 0.014842195170559392, 56: 0.009713114850101151, 57: 0.009985667177448, 58: 0.010870758730347771, 59: 0.008411248983368242, 60: 0.005505222603328968, 61: 0.007596663922207838, 62: 0.010482268646047859, 63: 0.010828504467706723, 64: 0.009290084723203175, 65: 0.00808210680289649, 66: 0.011245431108444807, 67: 0.0036245021690227168, 68: 0.010023641918283338, 69: 0.008214552221401538, 70: 0.006852730231054163, 71: 0.006033434201242422, 72: 0.007297484951594542, 73: 0.008737900750390678, 74: 0.010170957944930548}","[57, 57, 54, 54, 53, 52, 52, 52, 50, 50, 49, 49, 49, 49, 49, 48, 48, 48, 47, 47, 47, 47, 46, 46, 45, 45, 45, 45, 44, 44, 44, 44, 44, 43, 43, 43, 42, 42, 42, 42, 42, 41, 41, 41, 41, 41, 40, 40, 40, 40, 40, 40, 39, 39, 39, 39, 39, 39, 39, 38, 38, 38, 38, 38, 38, 36, 35, 35, 34, 33, 32, 32, 30, 29, 27]","dict_values([27, 22, 25, 20, 23, 22, 29, 18, 25, 22, 21, 20, 24, 26, 17, 25, 19, 19, 20, 9, 11, 19, 24, 24, 20, 23, 22, 13, 28, 23, 14, 25, 16, 23, 36, 19, 21, 18, 23, 13, 26, 19, 17, 23, 11, 22, 18, 29, 27, 22, 25, 25, 24, 21, 23, 19, 19, 21, 17, 25, 19, 17, 22, 19, 11, 23, 26, 27, 23, 24, 22, 18, 26, 25, 25])",0.11017577627004807
36,42.693333333333335,0.29216753845999244,"{0: 0.01771383151561399, 1: 0.012864663489645286, 2: 0.008587858461951937, 3: 0.01802377338235517, 4: 0.010128891118947233, 5: 0.010341538756123769, 6: 0.013513337794366018, 7: 0.013798766147120079, 8: 0.00824753889822383, 9: 0.013861017433182809, 10: 0.013776615571466207, 11: 0.008257218914918206, 12: 0.010115228522762771, 13: 0.0072296469659895975, 14: 0.009173488026227753, 15: 0.014597200959005954, 16: 0.004210196343799249, 17: 0.013043296687462394, 18: 0.010028225077786742, 19: 0.013597320809246678, 20: 0.010935001235162395, 21: 0.007644800599071347, 22: 0.013504686167861027, 23: 0.009848819599021053, 24: 0.00946760884311247, 25: 0.005663333166840347, 26: 0.008254201959846455, 27: 0.011117052617300185, 28: 0.00658395221751386, 29: 0.014092029202025997, 30: 0.008333570662337786, 31: 0.009634991227456981, 32: 0.004794841866759675, 33: 0.012503826984533856, 34: 0.0077545670320880765, 35: 0.007586840438371462, 36: 0.016609452196158406, 37: 0.007430329410029029, 38: 0.008337765395023436, 39: 0.010935251247183909, 40: 0.008317919382584976, 41: 0.003119690609618088, 42: 0.008122561033519937, 43: 0.005616631558412382, 44: 0.008087092097448591, 45: 0.007896477191121524, 46: 0.014116036271276897, 47: 0.006235544407066111, 48: 0.00659635060319992, 49: 0.014003690032058133, 50: 0.004779820115477814, 51: 0.013281229736393662, 52: 0.008157126307811239, 53: 0.01100771175307839, 54: 0.012746348790869338, 55: 0.014834487690496737, 56: 0.00977891611453255, 57: 0.009990074716102115, 58: 0.010019252313772863, 59: 0.008260584620375114, 60: 0.005744468476136485, 61: 0.007287573202158215, 62: 0.010068008813979807, 63: 0.011111321048592294, 64: 0.00948261402532152, 65: 0.008016794771913555, 66: 0.012042424604316006, 67: 0.003425563956385874, 68: 0.009996608531784692, 69: 0.00857389016635592, 70: 0.006277221778833382, 71: 0.006021435086668624, 72: 0.007357721313200767, 73: 0.008866391159868049, 74: 0.010198736739832629}","[57, 57, 54, 54, 53, 52, 52, 51, 50, 50, 49, 49, 49, 49, 49, 48, 48, 48, 48, 47, 47, 46, 46, 45, 45, 45, 45, 45, 45, 45, 44, 44, 42, 42, 42, 42, 42, 42, 42, 42, 42, 41, 41, 41, 41, 41, 40, 40, 40, 40, 40, 40, 40, 39, 39, 39, 39, 39, 39, 38, 38, 38, 38, 37, 37, 36, 35, 35, 34, 34, 32, 32, 30, 28, 27]","dict_values([27, 22, 25, 20, 23, 22, 29, 18, 25, 22, 21, 20, 24, 26, 17, 25, 19, 19, 20, 9, 11, 19, 24, 24, 20, 23, 22, 13, 28, 23, 14, 25, 16, 23, 36, 19, 21, 18, 23, 13, 26, 19, 17, 23, 11, 22, 18, 29, 27, 22, 25, 25, 24, 21, 23, 19, 19, 21, 17, 25, 19, 17, 22, 19, 11, 23, 26, 27, 23, 24, 22, 18, 26, 25, 25])",0.10343980046824265
36,42.906666666666666,0.29418662403366436,"{0: 0.017454995319768025, 1: 0.013447908832541947, 2: 0.00884742604729962, 3: 0.017635965490518272, 4: 0.010039361962421616, 5: 0.010144360598666082, 6: 0.013295098561086847, 7: 0.013627052668292576, 8: 0.008179894481264344, 9: 0.013674862911752877, 10: 0.013839397549426832, 11: 0.00810437481837415, 12: 0.010066826407756971, 13: 0.007166646362269485, 14: 0.009168718258822178, 15: 0.01431397961414077, 16: 0.003992350567693033, 17: 0.013444088139210093, 18: 0.010008988285167187, 19: 0.013865548560872135, 20: 0.010500784573765206, 21: 0.007583150968803529, 22: 0.014022512431053933, 23: 0.009623009451776575, 24: 0.009600876119812465, 25: 0.005611644580949394, 26: 0.007997902663150985, 27: 0.01117458172857553, 28: 0.006767374661210277, 29: 0.013968930918037662, 30: 0.008627211296082342, 31: 0.010245132691400994, 32: 0.005353639685831466, 33: 0.01223546204961173, 34: 0.007756565240694879, 35: 0.00743718365925846, 36: 0.016714390139535636, 37: 0.00709080197445206, 38: 0.008311141686935208, 39: 0.01074251186553455, 40: 0.008326850529850058, 41: 0.0031098899249584182, 42: 0.008584108412875536, 43: 0.005528317305006017, 44: 0.00805379450774741, 45: 0.007869087185408604, 46: 0.013573816500129858, 47: 0.007461583053019697, 48: 0.0066040342430350495, 49: 0.01422656288018265, 50: 0.004794103422296216, 51: 0.013237017674455025, 52: 0.008405470846425027, 53: 0.010919216563996912, 54: 0.012037523819769785, 55: 0.015465128378593134, 56: 0.00976389795855466, 57: 0.01001377014672744, 58: 0.010049805013196605, 59: 0.008312440657740611, 60: 0.005519041820411684, 61: 0.0070097978840928075, 62: 0.010052712364356202, 63: 0.010562872336680762, 64: 0.009371794008071761, 65: 0.007772523700934076, 66: 0.012524483757504482, 67: 0.003434465158012631, 68: 0.01002922823382107, 69: 0.007918764398695766, 70: 0.006076578417432567, 71: 0.005986531901780227, 72: 0.00729585123722916, 73: 0.00889623887574989, 74: 0.009630006034115622}","[57, 57, 54, 54, 54, 53, 52, 51, 50, 50, 49, 49, 49, 49, 49, 49, 48, 48, 48, 48, 47, 47, 46, 46, 46, 45, 45, 45, 45, 45, 44, 44, 42, 42, 42, 42, 42, 42, 42, 42, 42, 41, 41, 41, 41, 41, 41, 41, 41, 40, 40, 40, 40, 40, 39, 39, 39, 39, 39, 39, 39, 38, 38, 38, 37, 37, 35, 35, 34, 34, 34, 32, 29, 28, 27]","dict_values([27, 22, 25, 20, 23, 22, 29, 18, 25, 22, 21, 20, 24, 26, 17, 25, 19, 19, 20, 9, 11, 19, 24, 24, 20, 23, 22, 13, 28, 23, 14, 25, 16, 23, 36, 19, 21, 18, 23, 13, 26, 19, 17, 23, 11, 22, 18, 29, 27, 22, 25, 25, 24, 21, 23, 19, 19, 21, 17, 25, 19, 17, 22, 19, 11, 23, 26, 27, 23, 24, 22, 18, 26, 25, 25])",0.0923325560348274
36,42.693333333333335,0.2927404575809212,"{0: 0.017674961954337712, 1: 0.013477269876258824, 2: 0.008841385559259115, 3: 0.017914380764513665, 4: 0.009632952564487006, 5: 0.01031146060247871, 6: 0.013967377957403193, 7: 0.013911967522275633, 8: 0.00825320191758548, 9: 0.013160935231892004, 10: 0.013899867474564155, 11: 0.008112526710087687, 12: 0.01019688459310258, 13: 0.007210942125743329, 14: 0.009353567293561339, 15: 0.0139901145763955, 16: 0.004040325958134177, 17: 0.013557428663509523, 18: 0.01025010009510075, 19: 0.013596468970203337, 20: 0.010044251973972044, 21: 0.007690644807676535, 22: 0.014214628044621914, 23: 0.009810572824271457, 24: 0.009275776317281123, 25: 0.0058385058698652735, 26: 0.008191843659676562, 27: 0.010712970164552842, 28: 0.006686192422493793, 29: 0.014150230855191688, 30: 0.00895075766129965, 31: 0.010267548002062594, 32: 0.005485645468522181, 33: 0.012292807312436448, 34: 0.007778705776534044, 35: 0.007563515823974254, 36: 0.016024076436537332, 37: 0.0067353984446104865, 38: 0.008374779867011743, 39: 0.010869913931949988, 40: 0.008452927731516178, 41: 0.0032172869501636632, 42: 0.008602822472685486, 43: 0.0056299023727552615, 44: 0.008125814662534401, 45: 0.007778289834337278, 46: 0.013807369181756431, 47: 0.007142074703401825, 48: 0.006742183237787409, 49: 0.01443471401842524, 50: 0.005025077503160421, 51: 0.013779297086597454, 52: 0.008477521267872669, 53: 0.010950275862425949, 54: 0.012275844107213614, 55: 0.016135782850617467, 56: 0.009376809071790093, 57: 0.010235481401909535, 58: 0.010132761822755866, 59: 0.008471341735189264, 60: 0.005388129189499053, 61: 0.007113041490980563, 62: 0.008949858042323795, 63: 0.010592490860271479, 64: 0.009553391827066634, 65: 0.007858849532255553, 66: 0.012213860431077415, 67: 0.003441411932329145, 68: 0.010104153596134832, 69: 0.008117600208052503, 70: 0.0057790671908439254, 71: 0.00595078465491893, 72: 0.00735118015965491, 73: 0.008445373454711162, 74: 0.009800356067479355}","[57, 57, 55, 54, 53, 53, 51, 50, 50, 50, 50, 49, 49, 49, 49, 49, 48, 48, 47, 47, 47, 47, 46, 46, 45, 45, 45, 45, 44, 44, 44, 44, 42, 42, 42, 42, 42, 41, 41, 41, 41, 41, 41, 41, 41, 41, 40, 40, 40, 40, 40, 40, 40, 39, 39, 39, 39, 39, 39, 39, 38, 38, 38, 37, 37, 37, 35, 35, 34, 34, 33, 33, 29, 28, 27]","dict_values([27, 22, 25, 20, 23, 22, 29, 18, 25, 22, 21, 20, 24, 26, 17, 25, 19, 19, 20, 9, 11, 19, 24, 24, 20, 23, 22, 13, 28, 23, 14, 25, 16, 23, 36, 19, 21, 18, 23, 13, 26, 19, 17, 23, 11, 22, 18, 29, 27, 22, 25, 25, 24, 21, 23, 19, 19, 21, 17, 25, 19, 17, 22, 19, 11, 23, 26, 27, 23, 24, 22, 18, 26, 25, 25])",0.09495860839629823
36,42.8,0.294297152857199,"{0: 0.01740504014162489, 1: 0.0138974566392863, 2: 0.0088797786360074, 3: 0.01809813259800337, 4: 0.010299466106147806, 5: 0.010608907825424122, 6: 0.013828069173325882, 7: 0.013705678731247365, 8: 0.008491736573928356, 9: 0.013114889131643484, 10: 0.01378553783058992, 11: 0.007338423379885766, 12: 0.009991820268802477, 13: 0.007753477486451603, 14: 0.009299796573825318, 15: 0.014557163953002675, 16: 0.0042668673561099026, 17: 0.013447853372711765, 18: 0.010587707557224353, 19: 0.013572928699302244, 20: 0.00970923148668489, 21: 0.007648857873177896, 22: 0.014856446227601567, 23: 0.009776554639568339, 24: 0.009419777741695551, 25: 0.005667553965915553, 26: 0.008117075624089984, 27: 0.010744113127473202, 28: 0.007294102494735734, 29: 0.012897829901460866, 30: 0.008470907547055068, 31: 0.009927517663875174, 32: 0.005505062601154464, 33: 0.012213638987859154, 34: 0.007660567009165851, 35: 0.00786203022100276, 36: 0.017050122409850117, 37: 0.006706339942178101, 38: 0.008354847614529143, 39: 0.010967205986639212, 40: 0.007951103392131252, 41: 0.0034276113043236337, 42: 0.00853580322758405, 43: 0.0052859228793991865, 44: 0.008008222528909136, 45: 0.007634215874267135, 46: 0.014459606356990416, 47: 0.007443499017221486, 48: 0.006586803630613402, 49: 0.014747501333250987, 50: 0.004988977109138976, 51: 0.013907596443964455, 52: 0.008499956786039096, 53: 0.01140854905848103, 54: 0.01228669835086857, 55: 0.015920241576601834, 56: 0.009283326212924237, 57: 0.010273135348679265, 58: 0.009445420777668703, 59: 0.008394284730462588, 60: 0.005464453067192793, 61: 0.006973968527341493, 62: 0.008968596922525588, 63: 0.01009735924655891, 64: 0.0094199713304811, 65: 0.007807589088044391, 66: 0.012527715873909991, 67: 0.0033868440434238773, 68: 0.010101588834846924, 69: 0.007544953038159866, 70: 0.005734812538896283, 71: 0.005690751023107848, 72: 0.006899741393093529, 73: 0.008367595395157697, 74: 0.009770614731521944}","[57, 57, 55, 54, 54, 54, 52, 51, 51, 50, 50, 50, 49, 49, 49, 49, 48, 48, 48, 47, 47, 46, 46, 46, 46, 45, 45, 45, 44, 44, 44, 44, 42, 42, 42, 42, 41, 41, 41, 41, 41, 41, 41, 41, 41, 40, 40, 40, 40, 40, 40, 40, 40, 40, 40, 40, 39, 39, 39, 39, 38, 38, 38, 37, 37, 37, 35, 35, 34, 33, 33, 33, 30, 28, 27]","dict_values([27, 22, 25, 20, 23, 22, 29, 18, 25, 22, 21, 20, 24, 26, 17, 25, 19, 19, 20, 9, 11, 19, 24, 24, 20, 23, 22, 13, 28, 23, 14, 25, 16, 23, 36, 19, 21, 18, 23, 13, 26, 19, 17, 23, 11, 22, 18, 29, 27, 22, 25, 25, 24, 21, 23, 19, 19, 21, 17, 25, 19, 17, 22, 19, 11, 23, 26, 27, 23, 24, 22, 18, 26, 25, 25])",0.10511543948525347
36,42.88,0.2942662039068842,"{0: 0.017045315810276792, 1: 0.013847254204848397, 2: 0.009384401667675702, 3: 0.018106639617675706, 4: 0.010186481768333398, 5: 0.010005241637202279, 6: 0.01379090574412989, 7: 0.013617526523985604, 8: 0.00845297951462335, 9: 0.013159184657842826, 10: 0.012960240047921815, 11: 0.008435467592679338, 12: 0.009541215821188328, 13: 0.007765965114194662, 14: 0.00922746461228797, 15: 0.01472813372427269, 16: 0.004517013154200906, 17: 0.013382988281889373, 18: 0.01047225779762082, 19: 0.013558939548037219, 20: 0.010541026935739474, 21: 0.007600205142811113, 22: 0.014823978773948148, 23: 0.010104676561057237, 24: 0.00993250621933302, 25: 0.00559313135039507, 26: 0.008139952520130094, 27: 0.010313442041243539, 28: 0.007664086128341454, 29: 0.012297547190811945, 30: 0.008419332265593368, 31: 0.009432730314129016, 32: 0.005550843468853139, 33: 0.012132239152402304, 34: 0.0077064932054608, 35: 0.007789622546312347, 36: 0.016715061479031908, 37: 0.007139742324469612, 38: 0.008314956724690827, 39: 0.010869303528972366, 40: 0.00798828036915954, 41: 0.003886656455149606, 42: 0.008502955763229736, 43: 0.005164293723233881, 44: 0.008410468473361875, 45: 0.00767853727443674, 46: 0.014343083967117504, 47: 0.007768276117012221, 48: 0.006521378717656117, 49: 0.01471449882722971, 50: 0.00495181776942685, 51: 0.013866089456619627, 52: 0.008578318869465772, 53: 0.011435664210379, 54: 0.012258531782845122, 55: 0.015824762275010725, 56: 0.00930323902541461, 57: 0.009883935914161758, 58: 0.010149818089616215, 59: 0.008232085151695823, 60: 0.005533431047129677, 61: 0.006978181761053695, 62: 0.008946265393344744, 63: 0.01013262774311606, 64: 0.008974182451111076, 65: 0.00779324678625604, 66: 0.011836736450627073, 67: 0.0035215614298166574, 68: 0.010158290437238364, 69: 0.007317126724280727, 70: 0.005853318244754211, 71: 0.00566523871238007, 72: 0.006806510107330811, 73: 0.008396944323378232, 74: 0.009827347664967205}","[57, 57, 55, 54, 54, 54, 53, 51, 51, 50, 50, 50, 49, 49, 49, 49, 49, 47, 47, 47, 46, 46, 45, 45, 45, 45, 45, 45, 45, 44, 44, 44, 43, 42, 42, 42, 42, 41, 41, 41, 41, 41, 41, 41, 41, 41, 41, 40, 40, 40, 40, 40, 40, 40, 40, 40, 40, 39, 39, 39, 38, 38, 38, 38, 37, 37, 35, 35, 34, 33, 33, 33, 31, 29, 28]","dict_values([27, 22, 25, 20, 23, 22, 29, 18, 25, 22, 21, 20, 24, 26, 17, 25, 19, 19, 20, 9, 11, 19, 24, 24, 20, 23, 22, 13, 28, 23, 14, 25, 16, 23, 36, 19, 21, 18, 23, 13, 26, 19, 17, 23, 11, 22, 18, 29, 27, 22, 25, 25, 24, 21, 23, 19, 19, 21, 17, 25, 19, 17, 22, 19, 11, 23, 26, 27, 23, 24, 22, 18, 26, 25, 25])",0.10511961337590656
36,42.82666666666667,0.294476654957995,"{0: 0.015811659962715895, 1: 0.014334190817680937, 2: 0.00933027780366354, 3: 0.01793220006905714, 4: 0.01022114604248666, 5: 0.00925365496276052, 6: 0.013565280473937156, 7: 0.013665706474833186, 8: 0.009059543648584745, 9: 0.012973358013548382, 10: 0.012853269646337036, 11: 0.008878967175047266, 12: 0.009683771826482359, 13: 0.008246819290604208, 14: 0.009429345433575893, 15: 0.015105463423542275, 16: 0.0042060975330516035, 17: 0.012998880413897535, 18: 0.010511320379094021, 19: 0.013571215470551064, 20: 0.010623032163743261, 21: 0.007589399022718926, 22: 0.01526888910579787, 23: 0.010436167547368192, 24: 0.009954142307083481, 25: 0.005669178154992703, 26: 0.007648582625495047, 27: 0.01082032704704707, 28: 0.007809595838593298, 29: 0.012398685264668663, 30: 0.008587022240421053, 31: 0.00992908835374589, 32: 0.005138934324067281, 33: 0.012153708694419792, 34: 0.007869431895796749, 35: 0.007806866348650212, 36: 0.016739094119038705, 37: 0.007657286344546937, 38: 0.007826583462344962, 39: 0.011576806570649883, 40: 0.007650155670905069, 41: 0.0037741286028957263, 42: 0.008605629415460198, 43: 0.005154341158571618, 44: 0.008327751204271136, 45: 0.008033116869548163, 46: 0.013386813485331802, 47: 0.008180255616685554, 48: 0.005651000982481984, 49: 0.014682977184810398, 50: 0.0052042694007537514, 51: 0.013867533978612095, 52: 0.008348084320557827, 53: 0.011477380564810057, 54: 0.012161358782027598, 55: 0.01655574391856287, 56: 0.009420886304447948, 57: 0.009151858874864515, 58: 0.010683854237440055, 59: 0.007419787728006907, 60: 0.005695241140446621, 61: 0.007153108261275747, 62: 0.008824720428931123, 63: 0.010451404516577088, 64: 0.00899223262236961, 65: 0.007825862840507609, 66: 0.011262231423006983, 67: 0.003553821850558354, 68: 0.009955477433397105, 69: 0.0072042624268651686, 70: 0.005888422241256991, 71: 0.0057700386589172375, 72: 0.007205989604257131, 73: 0.00849406856364819, 74: 0.01006186211181042}","[57, 56, 56, 54, 54, 54, 53, 51, 50, 50, 50, 50, 49, 49, 49, 49, 48, 47, 47, 47, 46, 46, 46, 45, 45, 45, 45, 45, 44, 44, 43, 43, 43, 43, 43, 43, 42, 42, 42, 41, 41, 41, 41, 41, 41, 41, 40, 40, 40, 40, 40, 40, 40, 40, 40, 39, 39, 39, 39, 39, 39, 38, 38, 38, 37, 35, 35, 35, 34, 33, 33, 33, 30, 29, 28]","dict_values([27, 22, 25, 20, 23, 22, 29, 18, 25, 22, 21, 20, 24, 26, 17, 25, 19, 19, 20, 9, 11, 19, 24, 24, 20, 23, 22, 13, 28, 23, 14, 25, 16, 23, 36, 19, 21, 18, 23, 13, 26, 19, 17, 23, 11, 22, 18, 29, 27, 22, 25, 25, 24, 21, 23, 19, 19, 21, 17, 25, 19, 17, 22, 19, 11, 23, 26, 27, 23, 24, 22, 18, 26, 25, 25])",0.10766405245584351
36,43.013333333333335,0.29575401552536495,"{0: 0.015460665569143241, 1: 0.014332017854237458, 2: 0.009630661665311142, 3: 0.017693312505963597, 4: 0.010476148563806667, 5: 0.009781696072993415, 6: 0.01337356444764615, 7: 0.012848384046629394, 8: 0.00923581385910153, 9: 0.013032079005809105, 10: 0.012761576343523668, 11: 0.008732259800986493, 12: 0.009562620359726612, 13: 0.008198961505136897, 14: 0.009674197545924614, 15: 0.014922305759115599, 16: 0.004094885772649214, 17: 0.012912200444055458, 18: 0.010816288651786729, 19: 0.014104753820708697, 20: 0.010822039212065381, 21: 0.007580571916894706, 22: 0.014949172473346525, 23: 0.010524035240092117, 24: 0.010272636988408261, 25: 0.005521585208873006, 26: 0.007687896232496003, 27: 0.010669014909433566, 28: 0.007785957199519659, 29: 0.012757700674837186, 30: 0.008338617242726833, 31: 0.009872605078084531, 32: 0.0050884613283888065, 33: 0.012073787895320908, 34: 0.007821736229078079, 35: 0.007756808154035279, 36: 0.01664891477825502, 37: 0.00759789295810446, 38: 0.007754733148183972, 39: 0.011309636269233009, 40: 0.007659262529326995, 41: 0.003758261463740916, 42: 0.007696645367878245, 43: 0.005412077359146893, 44: 0.008223196476428737, 45: 0.00835602916269679, 46: 0.013389505197700276, 47: 0.00869974117248319, 48: 0.006112961582341115, 49: 0.014432313794066733, 50: 0.005139487829122864, 51: 0.015413550738508412, 52: 0.008293890999370451, 53: 0.011214354755955547, 54: 0.011977131597448511, 55: 0.01747363307971612, 56: 0.00941665230545166, 57: 0.009132719989305125, 58: 0.010556396725548797, 59: 0.007264114798361374, 60: 0.005203355203355204, 61: 0.006092821161314313, 62: 0.009832853051814385, 63: 0.010596740623208535, 64: 0.008852266557746008, 65: 0.00787113134743423, 66: 0.010383102092445059, 67: 0.003511303711797903, 68: 0.009227956685782314, 69: 0.007166009548161039, 70: 0.006068721161439365, 71: 0.005802510475704479, 72: 0.007011887701906471, 73: 0.008345165769114574, 74: 0.009478664358801344}","[57, 57, 56, 54, 54, 53, 53, 52, 51, 51, 50, 50, 49, 49, 49, 49, 48, 48, 47, 47, 47, 46, 46, 46, 46, 46, 46, 45, 44, 44, 43, 43, 43, 43, 43, 43, 43, 42, 42, 42, 42, 42, 41, 41, 41, 41, 41, 41, 40, 40, 40, 40, 40, 40, 40, 39, 39, 39, 39, 39, 39, 38, 38, 38, 36, 35, 35, 35, 34, 34, 33, 32, 30, 29, 28]","dict_values([27, 22, 25, 20, 23, 22, 29, 18, 25, 22, 21, 20, 24, 26, 17, 25, 19, 19, 20, 9, 11, 19, 24, 24, 20, 23, 22, 13, 28, 23, 14, 25, 16, 23, 36, 19, 21, 18, 23, 13, 26, 19, 17, 23, 11, 22, 18, 29, 27, 22, 25, 25, 24, 21, 23, 19, 19, 21, 17, 25, 19, 17, 22, 19, 11, 23, 26, 27, 23, 24, 22, 18, 26, 25, 25])",0.10294649524996259
36,43.14666666666667,0.29645391134198107,"{0: 0.01524525513747915, 1: 0.01469444112473927, 2: 0.010141966523278945, 3: 0.017727726323838514, 4: 0.010403905705443752, 5: 0.009782701019190904, 6: 0.013212183835672959, 7: 0.013682747073158035, 8: 0.009161013782730511, 9: 0.012876703287246351, 10: 0.012666264801223662, 11: 0.00863332490044819, 12: 0.009316171347799067, 13: 0.007742884630697064, 14: 0.009475363630279022, 15: 0.015522030552913462, 16: 0.004006215065844397, 17: 0.012713999191222352, 18: 0.011338475696856035, 19: 0.01398230738984164, 20: 0.010368476547626982, 21: 0.007548920058992582, 22: 0.014944153858927386, 23: 0.010369386828331597, 24: 0.009516553965023312, 25: 0.005124131493994507, 26: 0.007505835826256618, 27: 0.01071250677415061, 28: 0.007642417367437514, 29: 0.01264665662171743, 30: 0.008259893876332233, 31: 0.010553125648324843, 32: 0.005281859847022597, 33: 0.012040431102263452, 34: 0.008147896161594793, 35: 0.008095243434687432, 36: 0.016179632789591464, 37: 0.007500986217746895, 38: 0.008144629918696779, 39: 0.011194925405683228, 40: 0.007557429817703791, 41: 0.003698523390304212, 42: 0.0075763883983062065, 43: 0.005313319228508592, 44: 0.00836374372176182, 45: 0.008343613525926177, 46: 0.01351560058400687, 47: 0.009141273975373069, 48: 0.006376763157880784, 49: 0.014344388761707221, 50: 0.004882616383496112, 51: 0.015130428798425534, 52: 0.008289195845749825, 53: 0.010953132019812118, 54: 0.01193191280198466, 55: 0.016956999753131904, 56: 0.009969177006062768, 57: 0.008991494285611933, 58: 0.010538266249386311, 59: 0.007076923857745776, 60: 0.005642274649123964, 61: 0.006058362222745785, 62: 0.010097416639519784, 63: 0.010610890012582195, 64: 0.008755170227772969, 65: 0.007748996326756199, 66: 0.010180566675772525, 67: 0.0034751973561401445, 68: 0.008784897302222039, 69: 0.007103183285133694, 70: 0.006424184546666417, 71: 0.005745633258727537, 72: 0.0069815255959161816, 73: 0.008462669204228616, 74: 0.00949352635839377}","[57, 57, 56, 54, 54, 54, 53, 52, 51, 51, 50, 50, 49, 49, 49, 49, 49, 48, 47, 47, 47, 47, 46, 46, 46, 45, 45, 45, 44, 44, 44, 43, 43, 43, 43, 43, 43, 43, 42, 42, 42, 42, 42, 42, 42, 41, 41, 41, 41, 40, 40, 40, 40, 40, 40, 39, 39, 39, 39, 39, 39, 39, 38, 38, 37, 35, 35, 34, 34, 34, 34, 33, 30, 29, 28]","dict_values([27, 22, 25, 20, 23, 22, 29, 18, 25, 22, 21, 20, 24, 26, 17, 25, 19, 19, 20, 9, 11, 19, 24, 24, 20, 23, 22, 13, 28, 23, 14, 25, 16, 23, 36, 19, 21, 18, 23, 13, 26, 19, 17, 23, 11, 22, 18, 29, 27, 22, 25, 25, 24, 21, 23, 19, 19, 21, 17, 25, 19, 17, 22, 19, 11, 23, 26, 27, 23, 24, 22, 18, 26, 25, 25])",0.10567075285607987
36,43.093333333333334,0.29590336785543947,"{0: 0.01553212825124829, 1: 0.015077991399604938, 2: 0.010135031243298665, 3: 0.017808123243941442, 4: 0.01076499637036774, 5: 0.009357402065130666, 6: 0.013172269689276888, 7: 0.012792174975851646, 8: 0.009116523600463139, 9: 0.01310102435518154, 10: 0.012881106454769618, 11: 0.007541384696904441, 12: 0.00921031389853474, 13: 0.007759757268064939, 14: 0.009473157229714367, 15: 0.01584905703069045, 16: 0.004012532537915294, 17: 0.012798037789007252, 18: 0.011287024719963252, 19: 0.013923534741400475, 20: 0.010479193789149185, 21: 0.007460375493005096, 22: 0.014333543914999126, 23: 0.011329836853101594, 24: 0.009548055211378187, 25: 0.005100138332387626, 26: 0.00791852954881465, 27: 0.010900703125946251, 28: 0.007667154799570034, 29: 0.011549917584182529, 30: 0.008212630492511282, 31: 0.010595109434115372, 32: 0.005131947532750555, 33: 0.013287863955081714, 34: 0.008554551705236637, 35: 0.008134838949987226, 36: 0.016397078701633903, 37: 0.007483181484806746, 38: 0.008071526414110259, 39: 0.011120548806114943, 40: 0.007576763665334199, 41: 0.0032444246485342373, 42: 0.007554061492417657, 43: 0.006098545540504746, 44: 0.007478745249927825, 45: 0.007957463824707982, 46: 0.013641207817832998, 47: 0.00857683503556506, 48: 0.006411316761548541, 49: 0.01442940694295433, 50: 0.004900134744100531, 51: 0.015087271662023671, 52: 0.008440289657814458, 53: 0.010893047466106316, 54: 0.011705732614764198, 55: 0.01644806722365143, 56: 0.010052599018926111, 57: 0.008708636600816227, 58: 0.010545095734413017, 59: 0.007498724565806026, 60: 0.0056446186583172875, 61: 0.006599589990000949, 62: 0.01009848359264153, 63: 0.010805514383720214, 64: 0.00832157229339076, 65: 0.008083352798093604, 66: 0.009879278824807453, 67: 0.003450981249104838, 68: 0.008786768175186368, 69: 0.007271067956616811, 70: 0.006038045756561443, 71: 0.0058983569232787325, 72: 0.0074165244625933905, 73: 0.009113943065071493, 74: 0.009462497148491478}","[57, 56, 56, 54, 54, 53, 52, 52, 51, 51, 50, 50, 50, 50, 49, 49, 48, 48, 48, 47, 47, 47, 46, 46, 45, 45, 44, 44, 44, 44, 43, 43, 43, 43, 43, 43, 43, 42, 42, 42, 42, 42, 41, 41, 41, 41, 41, 41, 41, 40, 40, 40, 40, 40, 40, 40, 40, 40, 39, 39, 39, 39, 38, 38, 37, 36, 36, 35, 34, 34, 34, 33, 30, 29, 27]","dict_values([27, 22, 25, 20, 23, 22, 29, 18, 25, 22, 21, 20, 24, 26, 17, 25, 19, 19, 20, 9, 11, 19, 24, 24, 20, 23, 22, 13, 28, 23, 14, 25, 16, 23, 36, 19, 21, 18, 23, 13, 26, 19, 17, 23, 11, 22, 18, 29, 27, 22, 25, 25, 24, 21, 23, 19, 19, 21, 17, 25, 19, 17, 22, 19, 11, 23, 26, 27, 23, 24, 22, 18, 26, 25, 25])",0.10506820716106263
36,42.986666666666665,0.29423797134760266,"{0: 0.01565796996132252, 1: 0.015172816633674289, 2: 0.010301234974082798, 3: 0.017783730744146985, 4: 0.01085799948402047, 5: 0.008566169371322064, 6: 0.013199970008729921, 7: 0.013006847600607711, 8: 0.009072339831515825, 9: 0.013230870750955056, 10: 0.012637513302287627, 11: 0.007552414949277008, 12: 0.008714942035665195, 13: 0.007817665836486487, 14: 0.009463386977023522, 15: 0.015982004012013655, 16: 0.003934512530004724, 17: 0.01276225492889039, 18: 0.011429197644167178, 19: 0.014536893102446982, 20: 0.010455455790793104, 21: 0.00749574709052329, 22: 0.013863541531513486, 23: 0.01144995417346012, 24: 0.009624263860578061, 25: 0.005192518679467228, 26: 0.00882399965764028, 27: 0.010781329823234688, 28: 0.007849375556680069, 29: 0.010717487418194487, 30: 0.00837807749548662, 31: 0.01068307527557561, 32: 0.005117214636978309, 33: 0.012906180832694483, 34: 0.008472578164358988, 35: 0.008137965413374068, 36: 0.016414802075929023, 37: 0.007828426312564743, 38: 0.008108453929587466, 39: 0.011122860561251306, 40: 0.007725515999973988, 41: 0.003259851033823637, 42: 0.007605146817475587, 43: 0.006050139244797255, 44: 0.008091827554352699, 45: 0.007998903477160882, 46: 0.013576663360817975, 47: 0.008653293289433234, 48: 0.006048354168851482, 49: 0.01498144023544021, 50: 0.00491134919314682, 51: 0.01464911587715624, 52: 0.008219859082559072, 53: 0.011771305196390436, 54: 0.011357776741847792, 55: 0.016115157414137982, 56: 0.010281871141720524, 57: 0.008767533779061086, 58: 0.010539841073789144, 59: 0.007119800950024226, 60: 0.005676194717290608, 61: 0.006457166388673237, 62: 0.010068208284200639, 63: 0.0108712455443353, 64: 0.008391066645300278, 65: 0.008193510049356652, 66: 0.008785375964602726, 67: 0.0034746269090109466, 68: 0.010203104887395849, 69: 0.0072550698030262005, 70: 0.006392579830469206, 71: 0.005474012422881489, 72: 0.00747065362314478, 73: 0.0091026573721713, 74: 0.009085468697384417}","[57, 56, 55, 55, 54, 53, 52, 51, 51, 51, 50, 50, 50, 49, 49, 49, 48, 48, 47, 47, 47, 47, 46, 45, 45, 44, 44, 44, 44, 43, 43, 43, 43, 43, 43, 43, 42, 42, 42, 42, 42, 42, 42, 41, 41, 41, 41, 41, 41, 40, 40, 40, 40, 40, 40, 40, 40, 40, 39, 39, 39, 39, 39, 38, 36, 36, 36, 34, 34, 34, 34, 33, 29, 29, 27]","dict_values([27, 22, 25, 20, 23, 22, 29, 18, 25, 22, 21, 20, 24, 26, 17, 25, 19, 19, 20, 9, 11, 19, 24, 24, 20, 23, 22, 13, 28, 23, 14, 25, 16, 23, 36, 19, 21, 18, 23, 13, 26, 19, 17, 23, 11, 22, 18, 29, 27, 22, 25, 25, 24, 21, 23, 19, 19, 21, 17, 25, 19, 17, 22, 19, 11, 23, 26, 27, 23, 24, 22, 18, 26, 25, 25])",0.10296766189065878
36,42.986666666666665,0.29372421839008245,"{0: 0.015622315644846282, 1: 0.015231554226808247, 2: 0.010461153002836465, 3: 0.017775754270887654, 4: 0.01078399802054918, 5: 0.008604106886384957, 6: 0.013277225142073938, 7: 0.012847048558541385, 8: 0.00906823543809845, 9: 0.013254273882350114, 10: 0.012960962583760614, 11: 0.007574026409642849, 12: 0.008199357000726864, 13: 0.00739156322831223, 14: 0.009394743056834524, 15: 0.016702469928857818, 16: 0.003921377893980634, 17: 0.012819114470770176, 18: 0.011535263917018852, 19: 0.014195972218299912, 20: 0.010490159477593413, 21: 0.007525643267366184, 22: 0.0139202307823759, 23: 0.011398164344178797, 24: 0.009108807389879098, 25: 0.005205896915933589, 26: 0.008781987945650526, 27: 0.010470964534711703, 28: 0.007706489303567629, 29: 0.010840529955526352, 30: 0.008275734942221837, 31: 0.010809876774308873, 32: 0.005161183021581036, 33: 0.013535831862468692, 34: 0.008635808061436365, 35: 0.008129980748651589, 36: 0.01541835868300963, 37: 0.007842100983773661, 38: 0.008160562667897369, 39: 0.011572858424600414, 40: 0.007739073804627682, 41: 0.0031908201024261856, 42: 0.007715842818582545, 43: 0.00604390206509719, 44: 0.008028274239443476, 45: 0.008724604000194551, 46: 0.013066227963807572, 47: 0.008638355485378462, 48: 0.006058748686722732, 49: 0.014948900539614935, 50: 0.004857955386485211, 51: 0.015219783415636073, 52: 0.008368238142534337, 53: 0.011264854032624498, 54: 0.011787723402748185, 55: 0.01614962796469646, 56: 0.010341776479747744, 57: 0.008819695477049479, 58: 0.010523510286211183, 59: 0.0071854223186334065, 60: 0.005771204360892636, 61: 0.006429995506146946, 62: 0.009994197665430544, 63: 0.011203236016497801, 64: 0.008420817531215548, 65: 0.008127141003072743, 66: 0.008722163929261327, 67: 0.0035025455247114177, 68: 0.010315899601745676, 69: 0.00726423000587912, 70: 0.006278431557811514, 71: 0.005939469864612783, 72: 0.007427998411235613, 73: 0.009004624120591286, 74: 0.008227868773521886}","[57, 56, 55, 55, 55, 52, 52, 52, 51, 50, 50, 50, 49, 49, 49, 49, 48, 48, 48, 47, 47, 47, 46, 45, 44, 44, 44, 44, 44, 44, 43, 43, 43, 43, 43, 43, 43, 42, 42, 42, 42, 42, 42, 41, 41, 41, 41, 41, 40, 40, 40, 40, 40, 40, 40, 40, 40, 40, 39, 39, 39, 38, 38, 38, 36, 36, 36, 35, 35, 34, 34, 33, 29, 29, 27]","dict_values([27, 22, 25, 20, 23, 22, 29, 18, 25, 22, 21, 20, 24, 26, 17, 25, 19, 19, 20, 9, 11, 19, 24, 24, 20, 23, 22, 13, 28, 23, 14, 25, 16, 23, 36, 19, 21, 18, 23, 13, 26, 19, 17, 23, 11, 22, 18, 29, 27, 22, 25, 25, 24, 21, 23, 19, 19, 21, 17, 25, 19, 17, 22, 19, 11, 23, 26, 27, 23, 24, 22, 18, 26, 25, 25])",0.10531782413536195
36,43.04,0.29436384405940097,"{0: 0.015611097374796, 1: 0.014055128096223987, 2: 0.010440155816868146, 3: 0.017623685859987234, 4: 0.010768731915992188, 5: 0.008540622752951522, 6: 0.013331263588112903, 7: 0.012824821985780891, 8: 0.009134545264682254, 9: 0.013790638276939644, 10: 0.012724388152470342, 11: 0.00879544680914544, 12: 0.007956666518310354, 13: 0.007044804818777421, 14: 0.008975041937370705, 15: 0.016595333889854434, 16: 0.0039003753044848932, 17: 0.01301809024411764, 18: 0.011458180893112402, 19: 0.014353045346196032, 20: 0.010199732288773387, 21: 0.007663641482134633, 22: 0.013797930236286402, 23: 0.011493422452326563, 24: 0.009066328073177388, 25: 0.004915018185566132, 26: 0.00865708656804547, 27: 0.010445121746491608, 28: 0.00756569754857426, 29: 0.011551815661404702, 30: 0.008227322268418158, 31: 0.010622540331444443, 32: 0.005088971612944215, 33: 0.01365864816207282, 34: 0.008658004034716364, 35: 0.007599912480049468, 36: 0.014612717181210334, 37: 0.00790525191210123, 38: 0.009358826310881106, 39: 0.012149055128507183, 40: 0.00732557247968207, 41: 0.0031793286930273234, 42: 0.007992057307125803, 43: 0.005738953341693068, 44: 0.00777064912338885, 45: 0.008660330064439654, 46: 0.013035789491268943, 47: 0.008642005645430304, 48: 0.0063660217769806815, 49: 0.014007964093580535, 50: 0.004795098973181165, 51: 0.01463766729177688, 52: 0.00842433873255791, 53: 0.01167386184509472, 54: 0.011789181652195354, 55: 0.01597667470955142, 56: 0.010228906290550125, 57: 0.009108265187032309, 58: 0.011020273177807424, 59: 0.007050228968037187, 60: 0.00661881569415816, 61: 0.006410471136498534, 62: 0.010386610900309533, 63: 0.011106552801758282, 64: 0.00838092704531061, 65: 0.007460175268394447, 66: 0.0087002712002712, 67: 0.003433191618123125, 68: 0.01101281477993807, 69: 0.0071114169573073685, 70: 0.006219327280971118, 71: 0.005864396104122131, 72: 0.00715787488047762, 73: 0.008972968904475756, 74: 0.008736287931493412}","[57, 56, 55, 55, 54, 52, 51, 51, 51, 51, 50, 50, 49, 49, 49, 48, 48, 48, 47, 47, 47, 47, 46, 46, 45, 44, 44, 44, 44, 44, 44, 44, 44, 43, 43, 43, 43, 43, 43, 42, 42, 42, 42, 42, 41, 41, 41, 41, 41, 40, 40, 40, 40, 40, 40, 40, 40, 39, 39, 39, 39, 38, 38, 37, 37, 37, 36, 35, 35, 34, 33, 33, 29, 29, 27]","dict_values([27, 22, 25, 20, 23, 22, 29, 18, 25, 22, 21, 20, 24, 26, 17, 25, 19, 19, 20, 9, 11, 19, 24, 24, 20, 23, 22, 13, 28, 23, 14, 25, 16, 23, 36, 19, 21, 18, 23, 13, 26, 19, 17, 23, 11, 22, 18, 29, 27, 22, 25, 25, 24, 21, 23, 19, 19, 21, 17, 25, 19, 17, 22, 19, 11, 23, 26, 27, 23, 24, 22, 18, 26, 25, 25])",0.10096368670047862
36,42.88,0.293358829209188,"{0: 0.015890623123492893, 1: 0.014000301108390045, 2: 0.010094868339127401, 3: 0.01778965387733376, 4: 0.01040801277330168, 5: 0.008081485273207952, 6: 0.012228007455374517, 7: 0.0126019996384706, 8: 0.008311726633644444, 9: 0.014160022949581562, 10: 0.013586651175339142, 11: 0.008866452581743213, 12: 0.008014884143121249, 13: 0.007235830980180839, 14: 0.008727158420596334, 15: 0.017658009081693765, 16: 0.0039226564772658805, 17: 0.012679385445953383, 18: 0.011908939288843704, 19: 0.014575543724286662, 20: 0.010838014123810618, 21: 0.007672682381276226, 22: 0.013922762900760145, 23: 0.011572596150589965, 24: 0.008644584894393872, 25: 0.004841241822130024, 26: 0.008634008740352332, 27: 0.010551312958073896, 28: 0.008023101257429457, 29: 0.011484172214893656, 30: 0.008325975072992306, 31: 0.010647810313850968, 32: 0.005103454760526215, 33: 0.013619236878862942, 34: 0.008638670083875564, 35: 0.007677346072352231, 36: 0.014519522136555291, 37: 0.00800244937581779, 38: 0.009468861556723752, 39: 0.012223061888454635, 40: 0.007366479135435834, 41: 0.002563638744867919, 42: 0.008075878082357164, 43: 0.006587707602564705, 44: 0.007701659484138495, 45: 0.008798566204010582, 46: 0.013810636178334904, 47: 0.00861412354728749, 48: 0.006513583244128275, 49: 0.013936498917596246, 50: 0.004244141898513135, 51: 0.014912744081078419, 52: 0.008531207044632871, 53: 0.0118009597138955, 54: 0.012128543499045848, 55: 0.015850106762585574, 56: 0.010261757690016169, 57: 0.009299209301030927, 58: 0.011359755348188545, 59: 0.0071741951558299535, 60: 0.0066501502762146975, 61: 0.007014718692800885, 62: 0.010513815975243519, 63: 0.011192184001910984, 64: 0.00818284543428158, 65: 0.00760050245869593, 66: 0.008581035487796424, 67: 0.0034474160049083884, 68: 0.010412289836081758, 69: 0.006044489676283754, 70: 0.005772061546041819, 71: 0.005930912238946301, 72: 0.006909116277740586, 73: 0.008975890182098286, 74: 0.008743415047839334}","[57, 56, 56, 55, 53, 51, 51, 51, 51, 51, 50, 50, 50, 49, 48, 47, 47, 47, 47, 47, 47, 47, 46, 45, 45, 45, 45, 44, 44, 44, 44, 44, 43, 43, 43, 43, 43, 43, 42, 42, 42, 42, 41, 41, 41, 41, 41, 41, 40, 40, 40, 40, 40, 40, 40, 39, 39, 39, 39, 39, 39, 38, 37, 37, 37, 37, 37, 36, 35, 34, 33, 31, 29, 29, 26]","dict_values([27, 22, 25, 20, 23, 22, 29, 18, 25, 22, 21, 20, 24, 26, 17, 25, 19, 19, 20, 9, 11, 19, 24, 24, 20, 23, 22, 13, 28, 23, 14, 25, 16, 23, 36, 19, 21, 18, 23, 13, 26, 19, 17, 23, 11, 22, 18, 29, 27, 22, 25, 25, 24, 21, 23, 19, 19, 21, 17, 25, 19, 17, 22, 19, 11, 23, 26, 27, 23, 24, 22, 18, 26, 25, 25])",0.10522558228756715
36,42.74666666666667,0.2927460792622535,"{0: 0.016046147828951317, 1: 0.01413321285002177, 2: 0.010198357062152405, 3: 0.017849447113874397, 4: 0.010438239535739604, 5: 0.008113500822625146, 6: 0.011373168228413801, 7: 0.013117317870446382, 8: 0.008494069795439664, 9: 0.014409630095502224, 10: 0.014033007336927476, 11: 0.00934775515463788, 12: 0.008270005805922945, 13: 0.007285957889639205, 14: 0.008209517940746869, 15: 0.017564331234970525, 16: 0.003957448958284242, 17: 0.0122434619728305, 18: 0.011961930357011307, 19: 0.01456819825935642, 20: 0.010462985862023006, 21: 0.0077068748998016905, 22: 0.013997151915969583, 23: 0.011476260744629364, 24: 0.008143298304621533, 25: 0.0049154642149736765, 26: 0.008695766918232813, 27: 0.0105183284716286, 28: 0.007980063067364613, 29: 0.011534934720594879, 30: 0.008324146980435898, 31: 0.010714477345457208, 32: 0.004846551028057878, 33: 0.013675949056086038, 34: 0.008690803355186917, 35: 0.007687611572744743, 36: 0.014813012200589988, 37: 0.007839380511342038, 38: 0.00907222720921351, 39: 0.012213198884036899, 40: 0.0068954735238564175, 41: 0.0025015199535747485, 42: 0.007973459669082793, 43: 0.006629601181282378, 44: 0.007689043222978466, 45: 0.00871834611560639, 46: 0.013804909015999072, 47: 0.008656614449487213, 48: 0.006568427819520797, 49: 0.014024130586191738, 50: 0.004309112403757485, 51: 0.015027550023624197, 52: 0.008233139787934305, 53: 0.011393064456272549, 54: 0.012182734920288244, 55: 0.016269481680440588, 56: 0.010375391146356409, 57: 0.009297276764851817, 58: 0.011936771541804496, 59: 0.007227819609513259, 60: 0.006722633530852709, 61: 0.007075264952812564, 62: 0.01052043442621458, 63: 0.01183047706241978, 64: 0.008762739864856928, 65: 0.007617715111647439, 66: 0.008621175560777057, 67: 0.003261966964333092, 68: 0.010195298036320384, 69: 0.005962812729624684, 70: 0.00582297243496069, 71: 0.005957906629139506, 72: 0.006956443893561352, 73: 0.009035025962082712, 74: 0.008786084179418627}","[57, 56, 56, 56, 53, 52, 51, 51, 51, 50, 50, 50, 50, 49, 48, 48, 47, 47, 47, 47, 46, 46, 46, 46, 45, 44, 44, 44, 44, 44, 44, 44, 43, 43, 43, 43, 42, 42, 42, 42, 41, 41, 41, 41, 41, 41, 41, 40, 40, 40, 40, 40, 40, 40, 40, 39, 39, 39, 39, 38, 38, 38, 37, 37, 37, 37, 37, 36, 35, 33, 33, 31, 29, 28, 26]","dict_values([27, 22, 25, 20, 23, 22, 29, 18, 25, 22, 21, 20, 24, 26, 17, 25, 19, 19, 20, 9, 11, 19, 24, 24, 20, 23, 22, 13, 28, 23, 14, 25, 16, 23, 36, 19, 21, 18, 23, 13, 26, 19, 17, 23, 11, 22, 18, 29, 27, 22, 25, 25, 24, 21, 23, 19, 19, 21, 17, 25, 19, 17, 22, 19, 11, 23, 26, 27, 23, 24, 22, 18, 26, 25, 25])",0.10316472272629804
36,42.64,0.2913435022868197,"{0: 0.01606420495538652, 1: 0.014156081480316498, 2: 0.010344916885660452, 3: 0.017888516530608117, 4: 0.010149296674646188, 5: 0.00839369756100501, 6: 0.0114366264059794, 7: 0.012830053457929579, 8: 0.008068374403990846, 9: 0.014615238633069799, 10: 0.013070241587519463, 11: 0.008856666069653333, 12: 0.008203988201808872, 13: 0.0072765588734736006, 14: 0.00833991892731224, 15: 0.017585497593748264, 16: 0.004113410731482349, 17: 0.012325695673896494, 18: 0.012112173693660879, 19: 0.014602946131916447, 20: 0.010432500522828507, 21: 0.007735273339159034, 22: 0.014113032736272882, 23: 0.010824630802837529, 24: 0.008120485584774633, 25: 0.004896856582418348, 26: 0.009154012384125571, 27: 0.010309174817269463, 28: 0.007951899106251839, 29: 0.011423548010433835, 30: 0.00851719107437794, 31: 0.010712850830132062, 32: 0.004516446500919172, 33: 0.013662087811742019, 34: 0.008739661136921411, 35: 0.007665502475293179, 36: 0.014900311999825291, 37: 0.0075899311865502495, 38: 0.009556502135565002, 39: 0.012329891103771112, 40: 0.0069983704282771805, 41: 0.0025037310597225484, 42: 0.007934536460522662, 43: 0.006650705627842336, 44: 0.007683721514667966, 45: 0.008855117431810862, 46: 0.014049219997176657, 47: 0.00875056848179741, 48: 0.006615415571988001, 49: 0.014173842102108869, 50: 0.0043372129512917355, 51: 0.015163335279323214, 52: 0.00827509945682505, 53: 0.011587981545565989, 54: 0.012283349751289127, 55: 0.016285223689886264, 56: 0.010396894407585696, 57: 0.009784089409198707, 58: 0.012002510179228203, 59: 0.0072197055334590155, 60: 0.006979318187590564, 61: 0.006961850250356767, 62: 0.010545598870989697, 63: 0.011918631206964401, 64: 0.009434424602544154, 65: 0.007496538951145069, 66: 0.008670016422195748, 67: 0.0030890830228839012, 68: 0.010122907719748659, 69: 0.005426866471387019, 70: 0.00563315860059026, 71: 0.005969915703590395, 72: 0.007035340171087766, 73: 0.009486775871491401, 74: 0.008784644158627628}","[57, 56, 56, 56, 53, 51, 51, 51, 51, 50, 50, 50, 50, 49, 48, 47, 47, 47, 47, 46, 46, 46, 46, 45, 45, 44, 44, 44, 44, 44, 44, 43, 43, 43, 42, 42, 42, 42, 42, 42, 42, 42, 42, 41, 41, 41, 41, 41, 41, 40, 40, 40, 40, 40, 39, 39, 39, 39, 38, 38, 38, 37, 37, 37, 37, 36, 36, 36, 35, 33, 32, 31, 30, 27, 26]","dict_values([27, 22, 25, 20, 23, 22, 29, 18, 25, 22, 21, 20, 24, 26, 17, 25, 19, 19, 20, 9, 11, 19, 24, 24, 20, 23, 22, 13, 28, 23, 14, 25, 16, 23, 36, 19, 21, 18, 23, 13, 26, 19, 17, 23, 11, 22, 18, 29, 27, 22, 25, 25, 24, 21, 23, 19, 19, 21, 17, 25, 19, 17, 22, 19, 11, 23, 26, 27, 23, 24, 22, 18, 26, 25, 25])",0.10737597489988468
36,42.50666666666667,0.2906123403172323,"{0: 0.01605187075204245, 1: 0.014289553338649548, 2: 0.010403827355130598, 3: 0.018032651598566835, 4: 0.010247664680820102, 5: 0.00806505296851477, 6: 0.011601581140217717, 7: 0.012735090184759471, 8: 0.00802637381245218, 9: 0.01420608747234331, 10: 0.01277727514087963, 11: 0.008528895598822328, 12: 0.008287856500718054, 13: 0.00693230407823685, 14: 0.007942491780397961, 15: 0.01932832435080131, 16: 0.004275737168378137, 17: 0.01247561212965758, 18: 0.011547159201629992, 19: 0.015032217655197558, 20: 0.010342570580969795, 21: 0.007232926159347849, 22: 0.013694376609741933, 23: 0.010554465524499772, 24: 0.008440889793690778, 25: 0.004928438429202351, 26: 0.009178251744321705, 27: 0.009156744901607916, 28: 0.008056020035175866, 29: 0.011922623933862743, 30: 0.008201362727110494, 31: 0.010859831937100465, 32: 0.00452969502627037, 33: 0.0137672350099614, 34: 0.008497278955819384, 35: 0.007362819523372164, 36: 0.014316692254199941, 37: 0.007532479588002758, 38: 0.009754963196916456, 39: 0.01194785075588457, 40: 0.007047146073068563, 41: 0.0025196165160100183, 42: 0.007221711108299193, 43: 0.0067114362919157445, 44: 0.00791601879328422, 45: 0.009088813941126237, 46: 0.014252314517411123, 47: 0.009304120261033291, 48: 0.006312243693473656, 49: 0.014216273285923174, 50: 0.004326210874023227, 51: 0.015771642959493026, 52: 0.009029342541502845, 53: 0.011759653024105518, 54: 0.01193738244464856, 55: 0.015538680028524147, 56: 0.010489071078905227, 57: 0.009821932084027681, 58: 0.011735764976837891, 59: 0.006914329221692889, 60: 0.007383436362706577, 61: 0.007108944573598501, 62: 0.01025800973799458, 63: 0.01202864453078494, 64: 0.010050355281519666, 65: 0.007577459365123386, 66: 0.008747441788662696, 67: 0.0031978880927623675, 68: 0.011094988153625748, 69: 0.006058193133350624, 70: 0.006124745509214315, 71: 0.005908834203172911, 72: 0.0071407792320062795, 73: 0.009590966559772913, 74: 0.008182528364308678}","[58, 57, 56, 55, 53, 51, 51, 51, 50, 50, 50, 50, 49, 48, 48, 48, 47, 47, 46, 46, 46, 46, 46, 45, 45, 44, 44, 44, 44, 43, 43, 43, 43, 42, 42, 42, 42, 42, 42, 42, 42, 41, 41, 41, 41, 41, 41, 41, 40, 40, 40, 40, 39, 39, 39, 39, 38, 38, 38, 38, 38, 38, 38, 37, 36, 36, 36, 36, 35, 33, 32, 31, 31, 27, 26]","dict_values([27, 22, 25, 20, 23, 22, 29, 18, 25, 22, 21, 20, 24, 26, 17, 25, 19, 19, 20, 9, 11, 19, 24, 24, 20, 23, 22, 13, 28, 23, 14, 25, 16, 23, 36, 19, 21, 18, 23, 13, 26, 19, 17, 23, 11, 22, 18, 29, 27, 22, 25, 25, 24, 21, 23, 19, 19, 21, 17, 25, 19, 17, 22, 19, 11, 23, 26, 27, 23, 24, 22, 18, 26, 25, 25])",0.0924006901665436
36,42.61333333333334,0.29171855013928083,"{0: 0.016109804523258556, 1: 0.014875528023946642, 2: 0.010275073017366286, 3: 0.017949908613994387, 4: 0.01028312707050394, 5: 0.00800559214836795, 6: 0.011917554116385703, 7: 0.01284005619502141, 8: 0.007934763825174785, 9: 0.014481260546090367, 10: 0.01273819080584312, 11: 0.0084716935744333, 12: 0.00847877091027776, 13: 0.006844304366934536, 14: 0.007379755563315544, 15: 0.019336211293263388, 16: 0.0042452660470348996, 17: 0.012661644877580194, 18: 0.010862125399418915, 19: 0.014911821024497346, 20: 0.010232651944378073, 21: 0.007037308631388636, 22: 0.014533062853704697, 23: 0.010845351774290128, 24: 0.008951215068484399, 25: 0.004931800296551504, 26: 0.009190843563982337, 27: 0.009495396688258108, 28: 0.007097269420452865, 29: 0.012448986771187666, 30: 0.00820948860395375, 31: 0.010730718840358245, 32: 0.004488773752472383, 33: 0.013769174461156733, 34: 0.008510182140710294, 35: 0.007326729176602614, 36: 0.014291543037598319, 37: 0.007545603862369505, 38: 0.009851783794168968, 39: 0.011591331450091218, 40: 0.007053750881886272, 41: 0.002522233621145789, 42: 0.007548332270702267, 43: 0.006915741119508243, 44: 0.007595184419569996, 45: 0.008916378246330603, 46: 0.01418186749823118, 47: 0.009350218254327844, 48: 0.005795291870336539, 49: 0.013558444136310825, 50: 0.004331452539014216, 51: 0.015909622660227014, 52: 0.008923600346847728, 53: 0.01159651847733707, 54: 0.011936496182102593, 55: 0.015422203843203974, 56: 0.010372457866528993, 57: 0.009824603699540815, 58: 0.011963002003477894, 59: 0.006826132224149651, 60: 0.007508725337089557, 61: 0.007019444056499203, 62: 0.01044139537290222, 63: 0.011218098172293378, 64: 0.011223224386460853, 65: 0.007521052539166177, 66: 0.008717224093558702, 67: 0.003146683356065911, 68: 0.011201187533388071, 69: 0.00585735492061036, 70: 0.005985793910153648, 71: 0.005871567313952487, 72: 0.006614794497462753, 73: 0.009763066356481647, 74: 0.008561900247033205}","[58, 57, 56, 55, 52, 51, 51, 51, 50, 50, 50, 50, 50, 50, 49, 47, 47, 47, 47, 47, 46, 46, 46, 46, 45, 44, 44, 44, 44, 44, 44, 43, 43, 42, 42, 42, 42, 42, 42, 42, 42, 42, 41, 41, 41, 41, 41, 40, 40, 40, 40, 40, 39, 39, 39, 39, 39, 38, 38, 38, 38, 38, 38, 37, 37, 36, 36, 35, 35, 33, 32, 31, 31, 27, 26]","dict_values([27, 22, 25, 20, 23, 22, 29, 18, 25, 22, 21, 20, 24, 26, 17, 25, 19, 19, 20, 9, 11, 19, 24, 24, 20, 23, 22, 13, 28, 23, 14, 25, 16, 23, 36, 19, 21, 18, 23, 13, 26, 19, 17, 23, 11, 22, 18, 29, 27, 22, 25, 25, 24, 21, 23, 19, 19, 21, 17, 25, 19, 17, 22, 19, 11, 23, 26, 27, 23, 24, 22, 18, 26, 25, 25])",0.09472886164025435
36,42.586666666666666,0.2918306743199833,"{0: 0.016175717047025227, 1: 0.014770191864199254, 2: 0.010283651224818457, 3: 0.017744142181519873, 4: 0.010162953146886434, 5: 0.007361587157004705, 6: 0.011911696315986152, 7: 0.012830045972830013, 8: 0.0079074098270205, 9: 0.015188232858185427, 10: 0.012817964359060251, 11: 0.008479612684599758, 12: 0.008566195134195908, 13: 0.006915004280169273, 14: 0.007411212536179895, 15: 0.019691675639749558, 16: 0.003837278048924335, 17: 0.012170736534048238, 18: 0.01039628700054256, 19: 0.014929654064392507, 20: 0.010296734915130973, 21: 0.006605756379055122, 22: 0.014752645315320886, 23: 0.010847860140471864, 24: 0.00854592839579306, 25: 0.005019274576293153, 26: 0.009135325450084952, 27: 0.009229617397804441, 28: 0.007061249324490798, 29: 0.012363283127060769, 30: 0.008269753506111015, 31: 0.010829378049456492, 32: 0.004523759508306785, 33: 0.013788572949531853, 34: 0.008584652518191616, 35: 0.007386251149577263, 36: 0.014348588457336397, 37: 0.007808072247444885, 38: 0.00988214049941414, 39: 0.011734586445647826, 40: 0.007055357794794995, 41: 0.0026014682692764887, 42: 0.007287742455317931, 43: 0.006864611016306503, 44: 0.0077006636734457965, 45: 0.00896570820097885, 46: 0.01414414840770454, 47: 0.00950026664074679, 48: 0.005774560324462478, 49: 0.013683522748726395, 50: 0.0036074340268755062, 51: 0.015185936870965096, 52: 0.008993235619947948, 53: 0.011945293878583015, 54: 0.011939448627395755, 55: 0.015320715423138872, 56: 0.010400831478935776, 57: 0.010322024674712152, 58: 0.01195114668836145, 59: 0.006887265268603518, 60: 0.007499464006313321, 61: 0.007019521891170968, 62: 0.010492527093103877, 63: 0.011197694179672622, 64: 0.011512135993163837, 65: 0.00750320469224882, 66: 0.009102569236187021, 67: 0.0029794982959949856, 68: 0.01131807956852195, 69: 0.005862957746519391, 70: 0.005986431144789368, 71: 0.005855594896690787, 72: 0.006903486698007246, 73: 0.010757089649088458, 74: 0.008560630165097609}","[58, 57, 56, 55, 52, 51, 51, 51, 51, 51, 50, 50, 50, 50, 49, 47, 47, 47, 47, 47, 46, 46, 46, 45, 45, 45, 44, 44, 44, 44, 44, 44, 43, 42, 42, 42, 42, 42, 42, 42, 42, 41, 41, 41, 41, 41, 40, 40, 40, 40, 40, 40, 39, 39, 39, 39, 39, 39, 38, 38, 38, 38, 37, 37, 37, 36, 36, 35, 35, 33, 32, 30, 29, 27, 26]","dict_values([27, 22, 25, 20, 23, 22, 29, 18, 25, 22, 21, 20, 24, 26, 17, 25, 19, 19, 20, 9, 11, 19, 24, 24, 20, 23, 22, 13, 28, 23, 14, 25, 16, 23, 36, 19, 21, 18, 23, 13, 26, 19, 17, 23, 11, 22, 18, 29, 27, 22, 25, 25, 24, 21, 23, 19, 19, 21, 17, 25, 19, 17, 22, 19, 11, 23, 26, 27, 23, 24, 22, 18, 26, 25, 25])",0.10592810800150092
36,42.8,0.29265551407329754,"{0: 0.016037529788539586, 1: 0.014663400747964872, 2: 0.010005080655154038, 3: 0.017080717909362723, 4: 0.010086666226587947, 5: 0.007275529993904925, 6: 0.01172477046210824, 7: 0.011835991805890868, 8: 0.008142756422192317, 9: 0.015236033592753703, 10: 0.012598371774357842, 11: 0.008710354181297607, 12: 0.008073394916267957, 13: 0.007668407768669124, 14: 0.007052867076351957, 15: 0.01936335767964982, 16: 0.0038746457365779643, 17: 0.01235636411990371, 18: 0.010534599867145925, 19: 0.016283212491614713, 20: 0.010691461975761565, 21: 0.006648101057103016, 22: 0.014593099259068678, 23: 0.010555938679462534, 24: 0.008291120518874637, 25: 0.00492880990657614, 26: 0.008981838310296444, 27: 0.009571021814172498, 28: 0.007294918565711132, 29: 0.012186399832883082, 30: 0.007956803565536444, 31: 0.010639612003548134, 32: 0.004722902728543341, 33: 0.014228232913164423, 34: 0.008432157921279595, 35: 0.007048066685198394, 36: 0.01407740826879242, 37: 0.0074649619094250995, 38: 0.009550769458555517, 39: 0.01109980759323092, 40: 0.006977970116117407, 41: 0.002578363951651623, 42: 0.007433392407707477, 43: 0.00731360791292298, 44: 0.007645813834371449, 45: 0.008830009602269874, 46: 0.01370952219690326, 47: 0.009509867569210628, 48: 0.005765355969485802, 49: 0.013331719608339846, 50: 0.003463733695149892, 51: 0.014248362884322465, 52: 0.008860367277319333, 53: 0.011339747678208554, 54: 0.012383741388127653, 55: 0.015633316203672767, 56: 0.010244642391361823, 57: 0.010160120654249812, 58: 0.011317544222374793, 59: 0.007662227416155699, 60: 0.0076513424458629934, 61: 0.006911087737564688, 62: 0.010513371912750067, 63: 0.011657600698696589, 64: 0.011774725600304247, 65: 0.007487102350008128, 66: 0.009461275468124782, 67: 0.003404049755631143, 68: 0.012045548511688178, 69: 0.006821038833025135, 70: 0.005887583678647382, 71: 0.005797287485643649, 72: 0.006690479204650201, 73: 0.010942776265383092, 74: 0.008558712853074362}","[58, 56, 56, 56, 52, 52, 51, 51, 51, 51, 50, 50, 49, 49, 49, 47, 47, 47, 47, 47, 47, 46, 46, 46, 46, 45, 45, 45, 45, 44, 44, 43, 43, 43, 43, 43, 42, 42, 42, 42, 42, 42, 42, 41, 41, 41, 40, 40, 40, 40, 40, 40, 39, 39, 39, 39, 39, 39, 38, 38, 38, 38, 38, 38, 38, 37, 36, 35, 35, 33, 33, 30, 29, 28, 27]","dict_values([27, 22, 25, 20, 23, 22, 29, 18, 25, 22, 21, 20, 24, 26, 17, 25, 19, 19, 20, 9, 11, 19, 24, 24, 20, 23, 22, 13, 28, 23, 14, 25, 16, 23, 36, 19, 21, 18, 23, 13, 26, 19, 17, 23, 11, 22, 18, 29, 27, 22, 25, 25, 24, 21, 23, 19, 19, 21, 17, 25, 19, 17, 22, 19, 11, 23, 26, 27, 23, 24, 22, 18, 26, 25, 25])",0.1073883211537155
36,42.85333333333333,0.29287000092401366,"{0: 0.01584715133362141, 1: 0.014734954089630412, 2: 0.010002904653575395, 3: 0.01701540357993549, 4: 0.01002613978438933, 5: 0.007757476194343429, 6: 0.01157662564988157, 7: 0.011756955585078355, 8: 0.008041558289024982, 9: 0.015237665959669749, 10: 0.013028837378260228, 11: 0.007972668290481561, 12: 0.007857437759320848, 13: 0.007434027141567429, 14: 0.006774417099515209, 15: 0.01950592396851871, 16: 0.00391267730824871, 17: 0.012369126278570352, 18: 0.011092757542706475, 19: 0.016296977964443526, 20: 0.010672410617646287, 21: 0.006612616229822388, 22: 0.014364716113819424, 23: 0.010645705753759605, 24: 0.00786607826690702, 25: 0.004935387335908581, 26: 0.008628984131122031, 27: 0.009679063407806913, 28: 0.007328069638973364, 29: 0.012534132112339958, 30: 0.007922272517897386, 31: 0.010638082264853424, 32: 0.005171313340924012, 33: 0.014173360602528662, 34: 0.009175553196690235, 35: 0.007176677713306361, 36: 0.013762472771834395, 37: 0.007358105596853151, 38: 0.009516789172956336, 39: 0.011299191862061598, 40: 0.007929286262600612, 41: 0.00251299759944932, 42: 0.006847932704097088, 43: 0.007059476429457533, 44: 0.007835132543420425, 45: 0.008862006972113349, 46: 0.01425388910502986, 47: 0.009015561967852945, 48: 0.005371401017193581, 49: 0.013367507759264782, 50: 0.003412530098258173, 51: 0.014050506517866228, 52: 0.00931492522375281, 53: 0.012266719608020234, 54: 0.012341592154813978, 55: 0.01543066713965265, 56: 0.010530370563668378, 57: 0.010120617703787957, 58: 0.010937894222898628, 59: 0.007258255426372994, 60: 0.0076336436510175245, 61: 0.0070162202412266325, 62: 0.010407060523435319, 63: 0.011413065504940798, 64: 0.0110107418533257, 65: 0.007443434014234343, 66: 0.009366063153636457, 67: 0.00370262498601596, 68: 0.011950076542214565, 69: 0.006838030278073174, 70: 0.006034953058688717, 71: 0.006536369819446999, 72: 0.006711743869278115, 73: 0.010118093814862986, 74: 0.008606601888748936}","[58, 56, 56, 56, 52, 52, 52, 51, 51, 51, 51, 50, 49, 49, 49, 48, 47, 47, 47, 47, 47, 46, 46, 46, 45, 45, 45, 44, 44, 44, 44, 43, 43, 43, 43, 43, 43, 42, 42, 42, 42, 42, 42, 41, 41, 41, 41, 41, 40, 40, 40, 40, 40, 39, 39, 39, 38, 38, 38, 38, 38, 38, 38, 38, 37, 37, 37, 36, 34, 34, 33, 30, 29, 29, 27]","dict_values([27, 22, 25, 20, 23, 22, 29, 18, 25, 22, 21, 20, 24, 26, 17, 25, 19, 19, 20, 9, 11, 19, 24, 24, 20, 23, 22, 13, 28, 23, 14, 25, 16, 23, 36, 19, 21, 18, 23, 13, 26, 19, 17, 23, 11, 22, 18, 29, 27, 22, 25, 25, 24, 21, 23, 19, 19, 21, 17, 25, 19, 17, 22, 19, 11, 23, 26, 27, 23, 24, 22, 18, 26, 25, 25])",0.09913341947895196
36,42.906666666666666,0.29365617273380396,"{0: 0.015976524320137252, 1: 0.01466305948054767, 2: 0.010143277646781667, 3: 0.017637681682644128, 4: 0.010064486241323101, 5: 0.007993148539991297, 6: 0.01147250345671828, 7: 0.011233918115461247, 8: 0.008206914447531823, 9: 0.015158562452043896, 10: 0.012842437739805796, 11: 0.007629227536081902, 12: 0.008439549300336496, 13: 0.007388987619029733, 14: 0.00667389395985006, 15: 0.01924536702224195, 16: 0.003963430783659719, 17: 0.0112650625032737, 18: 0.011095458460080814, 19: 0.015955557342394226, 20: 0.010702018392455244, 21: 0.006544000118932537, 22: 0.014241663975111705, 23: 0.010729322505474436, 24: 0.007793138081442369, 25: 0.004902988978264379, 26: 0.009623737307871293, 27: 0.00972987244002188, 28: 0.00693276936010837, 29: 0.012541999326665103, 30: 0.00780299897944147, 31: 0.010609431609780302, 32: 0.005131910048096062, 33: 0.014215777768233497, 34: 0.00906097054786101, 35: 0.0071023578586062825, 36: 0.014179071245963437, 37: 0.006991338703667471, 38: 0.009548628245891297, 39: 0.011744367150681114, 40: 0.00790276089360949, 41: 0.00251477191629213, 42: 0.006727540117951077, 43: 0.007292237888439633, 44: 0.007769034438180307, 45: 0.009183122875421033, 46: 0.013832168556107747, 47: 0.009014874659332942, 48: 0.005489964188594326, 49: 0.012912652041248751, 50: 0.003729812778554551, 51: 0.013974736921548688, 52: 0.008905157690697607, 53: 0.012270287002191824, 54: 0.012311254001182015, 55: 0.01642716950601803, 56: 0.010470873024323103, 57: 0.010613838478097508, 58: 0.011459872029412869, 59: 0.0067106704631269345, 60: 0.007550029868773603, 61: 0.0068550532992377716, 62: 0.010720367686057549, 63: 0.01145438636098661, 64: 0.010864853104890467, 65: 0.007424586337849355, 66: 0.009673998585246042, 67: 0.003707642132571304, 68: 0.011854869118822806, 69: 0.0069443320967037606, 70: 0.006021915286355447, 71: 0.006527017926533462, 72: 0.006033135176970794, 73: 0.010008177877937499, 74: 0.008509853846795416}","[58, 57, 57, 56, 52, 52, 52, 51, 51, 51, 51, 50, 49, 49, 48, 48, 47, 47, 47, 47, 47, 46, 46, 46, 46, 45, 45, 44, 44, 44, 44, 44, 44, 43, 43, 43, 43, 43, 42, 42, 42, 42, 42, 41, 41, 41, 41, 40, 40, 40, 40, 40, 40, 39, 39, 39, 38, 38, 38, 38, 38, 38, 37, 37, 37, 37, 37, 36, 34, 34, 33, 31, 30, 29, 27]","dict_values([27, 22, 25, 20, 23, 22, 29, 18, 25, 22, 21, 20, 24, 26, 17, 25, 19, 19, 20, 9, 11, 19, 24, 24, 20, 23, 22, 13, 28, 23, 14, 25, 16, 23, 36, 19, 21, 18, 23, 13, 26, 19, 17, 23, 11, 22, 18, 29, 27, 22, 25, 25, 24, 21, 23, 19, 19, 21, 17, 25, 19, 17, 22, 19, 11, 23, 26, 27, 23, 24, 22, 18, 26, 25, 25])",0.10450615536210434
36,43.093333333333334,0.29537536481781285,"{0: 0.015762080949652146, 1: 0.01490415265399155, 2: 0.010675929351769366, 3: 0.017470862327670054, 4: 0.010006254093386362, 5: 0.008256156205244855, 6: 0.011460636627727774, 7: 0.011642130430106166, 8: 0.00735397985270826, 9: 0.015374248110826823, 10: 0.01319780331576947, 11: 0.007573402403652587, 12: 0.008323206799350882, 13: 0.007662426048307945, 14: 0.006641560755956022, 15: 0.018464970581140754, 16: 0.003929669705378093, 17: 0.011046383407946073, 18: 0.011054375958975753, 19: 0.015322975795222715, 20: 0.010634622886254828, 21: 0.0064828735428100045, 22: 0.014173226811973357, 23: 0.010536481823505946, 24: 0.00770333358689523, 25: 0.004884817585688785, 26: 0.009886835755104814, 27: 0.010036030304669425, 28: 0.006860454361441373, 29: 0.01252388824797187, 30: 0.007697967532645855, 31: 0.010435920893950448, 32: 0.005088823667590791, 33: 0.014833496617743193, 34: 0.008953387828507294, 35: 0.007040405609617068, 36: 0.014083910866777445, 37: 0.006847859612819959, 38: 0.009325915678742755, 39: 0.011674403134245507, 40: 0.007897035662577843, 41: 0.002468042512764511, 42: 0.006670315574425163, 43: 0.007115911610072851, 44: 0.008100415857851399, 45: 0.009026071236411491, 46: 0.01372554246188575, 47: 0.008969125567238537, 48: 0.005419629894529711, 49: 0.01278872085943657, 50: 0.0037122154195729094, 51: 0.014432095646276885, 52: 0.008907240850103276, 53: 0.012279593695197096, 54: 0.01233799043859952, 55: 0.016242232136509646, 56: 0.010452066131466181, 57: 0.010520287156824322, 58: 0.011354421304805112, 59: 0.0067985146423829804, 60: 0.007449284024626491, 61: 0.006780252181828463, 62: 0.010670530393069571, 63: 0.011394802595959121, 64: 0.010635452363752034, 65: 0.00808012824324866, 66: 0.009542244811389208, 67: 0.0040220959501708975, 68: 0.01167367541861803, 69: 0.0071104200093553595, 70: 0.005949258268694401, 71: 0.00619472803719379, 72: 0.006004328604729583, 73: 0.009982944783477417, 74: 0.009194253660945348}","[58, 57, 56, 56, 53, 52, 52, 51, 51, 51, 51, 50, 50, 50, 49, 49, 48, 47, 47, 47, 47, 46, 46, 46, 46, 45, 45, 44, 44, 44, 44, 44, 44, 43, 43, 43, 43, 43, 43, 43, 43, 43, 42, 41, 41, 41, 41, 41, 41, 40, 40, 40, 40, 40, 40, 39, 39, 38, 38, 38, 38, 38, 37, 37, 37, 37, 36, 36, 34, 34, 33, 31, 30, 30, 27]","dict_values([27, 22, 25, 20, 23, 22, 29, 18, 25, 22, 21, 20, 24, 26, 17, 25, 19, 19, 20, 9, 11, 19, 24, 24, 20, 23, 22, 13, 28, 23, 14, 25, 16, 23, 36, 19, 21, 18, 23, 13, 26, 19, 17, 23, 11, 22, 18, 29, 27, 22, 25, 25, 24, 21, 23, 19, 19, 21, 17, 25, 19, 17, 22, 19, 11, 23, 26, 27, 23, 24, 22, 18, 26, 25, 25])",0.10442948301637098
36,43.12,0.2952567364822915,"{0: 0.015524932094411439, 1: 0.015048404124476108, 2: 0.010673181268872347, 3: 0.01757438588707314, 4: 0.010004992438596665, 5: 0.00813344474018354, 6: 0.011489652042925937, 7: 0.011702583676451259, 8: 0.00734845714565551, 9: 0.015378629970443938, 10: 0.013309008243163415, 11: 0.007548263967709787, 12: 0.008253954735874381, 13: 0.007648195815821335, 14: 0.0067778445294098995, 15: 0.01863218422158254, 16: 0.0039276451897322165, 17: 0.009835393225804186, 18: 0.009953180679333524, 19: 0.01526895838833027, 20: 0.011492071481591181, 21: 0.0063650167605696605, 22: 0.014256635567058949, 23: 0.010210539568468792, 24: 0.008083523597222225, 25: 0.0048487486600919715, 26: 0.01008515566689174, 27: 0.01002902009290841, 28: 0.006883360206265026, 29: 0.012540061895875365, 30: 0.0077494976177296115, 31: 0.010442897294658296, 32: 0.005044191157933507, 33: 0.014825202275124735, 34: 0.00933341609207846, 35: 0.007045226968464301, 36: 0.014038209808273501, 37: 0.0066813097309255005, 38: 0.009304413508080735, 39: 0.011804125912080543, 40: 0.007876238324668437, 41: 0.002483029602747614, 42: 0.007228655142927346, 43: 0.007114932346487933, 44: 0.008112243174730199, 45: 0.009014040804241159, 46: 0.013690549294876056, 47: 0.008873010627618486, 48: 0.004959231056792033, 49: 0.01288207124307858, 50: 0.0035025902099476993, 51: 0.014614667950463813, 52: 0.00904667152457696, 53: 0.011889308824153132, 54: 0.012056326019343554, 55: 0.015601857468608487, 56: 0.011143715765305484, 57: 0.010474231427294388, 58: 0.011323294681176347, 59: 0.006781761112727251, 60: 0.00787783025833157, 61: 0.006878376266622787, 62: 0.010608700937829875, 63: 0.01187525127361638, 64: 0.01063275114289887, 65: 0.007996656447077692, 66: 0.009568864095439352, 67: 0.004237619884872915, 68: 0.011781208723855126, 69: 0.007089254443430317, 70: 0.006291496061538376, 71: 0.006206917337054323, 72: 0.0060779609530371105, 73: 0.00988636515851738, 74: 0.009326367142644336}","[57, 57, 56, 56, 53, 52, 51, 51, 51, 51, 51, 50, 50, 50, 49, 49, 47, 47, 47, 47, 47, 47, 46, 46, 46, 46, 45, 44, 44, 44, 44, 44, 43, 43, 43, 43, 43, 43, 43, 43, 43, 42, 42, 42, 41, 41, 41, 41, 41, 41, 41, 41, 41, 40, 40, 39, 39, 39, 38, 38, 38, 38, 37, 37, 37, 37, 36, 36, 34, 33, 33, 31, 31, 29, 27]","dict_values([27, 22, 25, 20, 23, 22, 29, 18, 25, 22, 21, 20, 24, 26, 17, 25, 19, 19, 20, 9, 11, 19, 24, 24, 20, 23, 22, 13, 28, 23, 14, 25, 16, 23, 36, 19, 21, 18, 23, 13, 26, 19, 17, 23, 11, 22, 18, 29, 27, 22, 25, 25, 24, 21, 23, 19, 19, 21, 17, 25, 19, 17, 22, 19, 11, 23, 26, 27, 23, 24, 22, 18, 26, 25, 25])",0.10816659266168943
36,43.22666666666667,0.29635368918332633,"{0: 0.015520166098012718, 1: 0.014489442570240861, 2: 0.010505066799120066, 3: 0.017306249941142073, 4: 0.009897352936308309, 5: 0.008869988304440472, 6: 0.011286813461445708, 7: 0.010976713470738579, 8: 0.007328363317791549, 9: 0.015707823649184178, 10: 0.013342100745929413, 11: 0.008061354525245614, 12: 0.008462286186638376, 13: 0.008175638747552495, 14: 0.007671016946772268, 15: 0.019333902369284613, 16: 0.00369044070279925, 17: 0.009801771309429599, 18: 0.010021352052727849, 19: 0.01626368337585268, 20: 0.011347086398442717, 21: 0.006725667448889543, 22: 0.014155629278130662, 23: 0.010255643227479372, 24: 0.008048870730697317, 25: 0.004661669568413358, 26: 0.009391661327670815, 27: 0.009791808979158798, 28: 0.007039836387793026, 29: 0.011870840629357553, 30: 0.007454192805756338, 31: 0.009854963351259167, 32: 0.005331470139391521, 33: 0.014656514262173606, 34: 0.008482408629137794, 35: 0.006992441751542143, 36: 0.013803275836065325, 37: 0.006665385383584991, 38: 0.009394923333066624, 39: 0.012107144031958823, 40: 0.007882597497173516, 41: 0.0024229820090783385, 42: 0.007261454661667662, 43: 0.007192922233689521, 44: 0.008043739072700224, 45: 0.008929225407080093, 46: 0.013562978353242154, 47: 0.00788702388261741, 48: 0.005073616301600647, 49: 0.012865197508491154, 50: 0.003487138266580098, 51: 0.015290178332376551, 52: 0.009076436647706873, 53: 0.011960078163790362, 54: 0.012321850419410866, 55: 0.015460991662415761, 56: 0.011156103612638184, 57: 0.010628488114463815, 58: 0.011290762030829921, 59: 0.007634455666335917, 60: 0.00777977205799119, 61: 0.00687830246723391, 62: 0.010688433509556878, 63: 0.011528061986317594, 64: 0.011198584281807733, 65: 0.007328316114880077, 66: 0.009771685266088608, 67: 0.003736006302563759, 68: 0.011769037206331271, 69: 0.006973129104892894, 70: 0.006962618443340269, 71: 0.006211565760158144, 72: 0.006135891571024527, 73: 0.009012891833633796, 74: 0.009214019722448293}","[57, 57, 57, 56, 53, 53, 52, 51, 51, 51, 51, 51, 50, 49, 49, 48, 47, 47, 47, 47, 46, 46, 46, 46, 46, 46, 45, 45, 45, 45, 44, 44, 43, 43, 43, 43, 43, 43, 43, 42, 42, 42, 42, 42, 42, 41, 41, 41, 41, 41, 41, 41, 40, 40, 40, 40, 40, 39, 39, 39, 38, 38, 38, 38, 38, 37, 36, 36, 35, 34, 33, 30, 30, 29, 27]","dict_values([27, 22, 25, 20, 23, 22, 29, 18, 25, 22, 21, 20, 24, 26, 17, 25, 19, 19, 20, 9, 11, 19, 24, 24, 20, 23, 22, 13, 28, 23, 14, 25, 16, 23, 36, 19, 21, 18, 23, 13, 26, 19, 17, 23, 11, 22, 18, 29, 27, 22, 25, 25, 24, 21, 23, 19, 19, 21, 17, 25, 19, 17, 22, 19, 11, 23, 26, 27, 23, 24, 22, 18, 26, 25, 25])",0.09746384684970281
36,43.06666666666667,0.2952250867251179,"{0: 0.015615974655667329, 1: 0.01511163805022513, 2: 0.009490868393539784, 3: 0.017586291038989177, 4: 0.009987947951177944, 5: 0.008819366606165783, 6: 0.011349438638566611, 7: 0.011107360289010541, 8: 0.007446347305878302, 9: 0.015841840150600063, 10: 0.013377480237712625, 11: 0.007725186700850847, 12: 0.008554828966555563, 13: 0.008771485703370585, 14: 0.007923227681661755, 15: 0.01734475501673008, 16: 0.003854064175923939, 17: 0.009905108192779424, 18: 0.010081762382100248, 19: 0.016169139472654834, 20: 0.010913552875545414, 21: 0.006654814837784854, 22: 0.014676684302995936, 23: 0.010323922900527083, 24: 0.008132373646072276, 25: 0.004716853323619543, 26: 0.009069441649834035, 27: 0.009847853133721916, 28: 0.007095357632662562, 29: 0.011168743058803105, 30: 0.007558865955672709, 31: 0.00991574715187133, 32: 0.00539154306277594, 33: 0.014815219438507112, 34: 0.008504685692983812, 35: 0.007331055292788335, 36: 0.013601071096169794, 37: 0.006286036799735429, 38: 0.009370490007365834, 39: 0.01226563667125543, 40: 0.008504545081207604, 41: 0.0024785498999842274, 42: 0.007902795659644975, 43: 0.00657211464259049, 44: 0.00817317902754096, 45: 0.009145725677983742, 46: 0.013958531030448838, 47: 0.007974845568413998, 48: 0.00482068406725941, 49: 0.012945093552360612, 50: 0.0033568722560105685, 51: 0.01566280318817449, 52: 0.009180597904084428, 53: 0.011042415525485115, 54: 0.012618798992266906, 55: 0.015752481133060006, 56: 0.01110753150947816, 57: 0.011196984123263864, 58: 0.011259096448598238, 59: 0.008081059120187705, 60: 0.007809234350330241, 61: 0.006473924996098204, 62: 0.010327096282349171, 63: 0.011850324764888573, 64: 0.010359823139203098, 65: 0.007735568927977701, 66: 0.009805042555583291, 67: 0.0038168049490060335, 68: 0.01178993656385112, 69: 0.006645375099860297, 70: 0.00705170323235923, 71: 0.005892834745574472, 72: 0.006200150145557075, 73: 0.009061899500078475, 74: 0.009841479175060983}","[57, 57, 56, 55, 53, 53, 52, 51, 51, 51, 51, 50, 50, 49, 49, 48, 47, 47, 47, 47, 47, 46, 46, 46, 45, 45, 45, 45, 44, 44, 44, 43, 43, 43, 43, 43, 43, 43, 42, 42, 42, 42, 41, 41, 41, 41, 41, 41, 41, 41, 41, 41, 41, 41, 41, 40, 40, 40, 39, 39, 38, 38, 38, 38, 37, 36, 35, 35, 35, 33, 33, 31, 30, 28, 27]","dict_values([27, 22, 25, 20, 23, 22, 29, 18, 25, 22, 21, 20, 24, 26, 17, 25, 19, 19, 20, 9, 11, 19, 24, 24, 20, 23, 22, 13, 28, 23, 14, 25, 16, 23, 36, 19, 21, 18, 23, 13, 26, 19, 17, 23, 11, 22, 18, 29, 27, 22, 25, 25, 24, 21, 23, 19, 19, 21, 17, 25, 19, 17, 22, 19, 11, 23, 26, 27, 23, 24, 22, 18, 26, 25, 25])",0.09613434423793958
36,43.14666666666667,0.29473134934648715,"{0: 0.014883361071522723, 1: 0.015015249181768242, 2: 0.00952026253134626, 3: 0.017623718650953454, 4: 0.010245623883253811, 5: 0.008746823778428206, 6: 0.01131166438514941, 7: 0.011279481351542563, 8: 0.006607067185776265, 9: 0.015494036826459166, 10: 0.013879404211082622, 11: 0.00806099915553206, 12: 0.00840047341007893, 13: 0.008793432348615517, 14: 0.007978337482421152, 15: 0.016008953677417666, 16: 0.003776259817297663, 17: 0.010087640395859573, 18: 0.011169891142985442, 19: 0.015361156048671379, 20: 0.010490854207089456, 21: 0.006721703538058997, 22: 0.014702684836489129, 23: 0.009516781121903219, 24: 0.008101978114130125, 25: 0.004770232981017327, 26: 0.009081013221249384, 27: 0.009662656481053284, 28: 0.007191040889815122, 29: 0.01060155107424479, 30: 0.007418969775764787, 31: 0.00975394992181079, 32: 0.005754062944056706, 33: 0.01467548248370166, 34: 0.008715033428740299, 35: 0.007292172815959196, 36: 0.01325321337012162, 37: 0.0066785059714798995, 38: 0.009457716365679505, 39: 0.012752403586435958, 40: 0.008460777549592083, 41: 0.003471979650464743, 42: 0.008442691228312923, 43: 0.007677270933663666, 44: 0.008666883632781154, 45: 0.009022106554338624, 46: 0.013610665223568448, 47: 0.007988880206674414, 48: 0.004508998228618202, 49: 0.012225482443683223, 50: 0.00370357010326078, 51: 0.015547457828684193, 52: 0.009242173711351793, 53: 0.010451642680385372, 54: 0.012273596200280672, 55: 0.015464084410173672, 56: 0.01130054987741975, 57: 0.011103732162953227, 58: 0.011279097363555424, 59: 0.009118906898756315, 60: 0.007866929895535859, 61: 0.006360754401915937, 62: 0.01032785866597787, 63: 0.011892652348280698, 64: 0.011015709366881283, 65: 0.00768582789067163, 66: 0.009606608043177428, 67: 0.003794765357547544, 68: 0.01144597056562607, 69: 0.006543944043944045, 70: 0.007063946483535706, 71: 0.005824829711816013, 72: 0.006293602502597589, 73: 0.00908204996296205, 74: 0.009972540065359628}","[58, 57, 55, 54, 53, 53, 51, 51, 51, 51, 51, 50, 50, 49, 49, 48, 47, 47, 47, 47, 47, 46, 46, 46, 46, 45, 45, 44, 44, 44, 44, 43, 43, 43, 43, 43, 43, 43, 42, 42, 42, 42, 42, 42, 42, 41, 41, 41, 41, 41, 41, 41, 41, 41, 41, 41, 40, 39, 39, 39, 38, 38, 38, 38, 38, 37, 36, 35, 35, 33, 32, 30, 30, 30, 29]","dict_values([27, 22, 25, 20, 23, 22, 29, 18, 25, 22, 21, 20, 24, 26, 17, 25, 19, 19, 20, 9, 11, 19, 24, 24, 20, 23, 22, 13, 28, 23, 14, 25, 16, 23, 36, 19, 21, 18, 23, 13, 26, 19, 17, 23, 11, 22, 18, 29, 27, 22, 25, 25, 24, 21, 23, 19, 19, 21, 17, 25, 19, 17, 22, 19, 11, 23, 26, 27, 23, 24, 22, 18, 26, 25, 25])",0.10592362497918194
36,43.013333333333335,0.29423494211983203,"{0: 0.014985553139236855, 1: 0.01540744503103872, 2: 0.009227924954819928, 3: 0.018191882904115324, 4: 0.010320703222870927, 5: 0.008294693481858075, 6: 0.01139659985699295, 7: 0.011263872721556724, 8: 0.006611652070258386, 9: 0.015755147134421308, 10: 0.013965140149975309, 11: 0.00817855684783314, 12: 0.008641847331629014, 13: 0.008767591855556211, 14: 0.007595228158748199, 15: 0.016020169335619523, 16: 0.0037896787848325716, 17: 0.010256344754923196, 18: 0.011296282884947818, 19: 0.015435953176345326, 20: 0.010125491275370057, 21: 0.006755146831591975, 22: 0.014870783031618647, 23: 0.009633507821704145, 24: 0.008581376341239315, 25: 0.004725749177227779, 26: 0.009192819381175544, 27: 0.009782877383814658, 28: 0.006825686182132689, 29: 0.010666028942968597, 30: 0.007495386336370946, 31: 0.009843395608610072, 32: 0.0054728716060222496, 33: 0.014437370601754165, 34: 0.008762621475960797, 35: 0.007418998760450169, 36: 0.013803335928529555, 37: 0.006763478290464548, 38: 0.009178452454419317, 39: 0.012910191614140266, 40: 0.008479914677187781, 41: 0.0034995317428838787, 42: 0.008451194401086253, 43: 0.007716311677198482, 44: 0.00848121684866091, 45: 0.00897022423600744, 46: 0.013829241226501497, 47: 0.008169359033475408, 48: 0.004526045450702986, 49: 0.012301212002821141, 50: 0.0037049351695559916, 51: 0.015359282890866067, 52: 0.009521734570126469, 53: 0.010477893004177742, 54: 0.01182094284946239, 55: 0.01571351977447282, 56: 0.01141045209488128, 57: 0.011227304634328755, 58: 0.010663945919213838, 59: 0.009376623574945389, 60: 0.007294519537670223, 61: 0.00629819289054742, 62: 0.010345147692527083, 63: 0.012320900829933493, 64: 0.011479380251910892, 65: 0.0077523284477843185, 66: 0.009635089140707346, 67: 0.003795820921443558, 68: 0.011076040910946572, 69: 0.006603280717336703, 70: 0.006855474195759027, 71: 0.00583009872393434, 72: 0.006360610923748534, 73: 0.008535269372508017, 74: 0.009569085798216283}","[59, 57, 55, 54, 53, 52, 51, 51, 51, 51, 50, 50, 50, 49, 49, 48, 48, 47, 47, 46, 46, 46, 46, 46, 46, 45, 45, 44, 44, 43, 43, 43, 43, 43, 43, 43, 43, 43, 42, 42, 42, 42, 42, 42, 41, 41, 41, 41, 41, 41, 41, 41, 41, 40, 40, 40, 40, 39, 39, 38, 38, 38, 38, 38, 38, 37, 35, 35, 35, 33, 32, 30, 30, 30, 29]","dict_values([27, 22, 25, 20, 23, 22, 29, 18, 25, 22, 21, 20, 24, 26, 17, 25, 19, 19, 20, 9, 11, 19, 24, 24, 20, 23, 22, 13, 28, 23, 14, 25, 16, 23, 36, 19, 21, 18, 23, 13, 26, 19, 17, 23, 11, 22, 18, 29, 27, 22, 25, 25, 24, 21, 23, 19, 19, 21, 17, 25, 19, 17, 22, 19, 11, 23, 26, 27, 23, 24, 22, 18, 26, 25, 25])",0.1072339627384291
36,42.96,0.2936732774964847,"{0: 0.014919953489457195, 1: 0.015510922556650913, 2: 0.008989260574321664, 3: 0.017980764042407883, 4: 0.010392185668935022, 5: 0.008484056501449878, 6: 0.011396854205073385, 7: 0.011316019740677273, 8: 0.0066012415327483835, 9: 0.015349507679648005, 10: 0.013969963199415255, 11: 0.00825762986188542, 12: 0.008213227989221703, 13: 0.008590090617117645, 14: 0.007585138028477169, 15: 0.01594612084939741, 16: 0.004439542059405073, 17: 0.010252129293225182, 18: 0.011320828488081356, 19: 0.015365225511930439, 20: 0.010175028768362444, 21: 0.006822509428025904, 22: 0.01483163872508135, 23: 0.009818131557302236, 24: 0.009186055666518275, 25: 0.004689511967136831, 26: 0.009224129772074978, 27: 0.009781253667777177, 28: 0.006888776631464524, 29: 0.010688734146234708, 30: 0.007472895181151381, 31: 0.009299412958463038, 32: 0.005538680529417112, 33: 0.014938000211972814, 34: 0.008682477731433491, 35: 0.007043530000267335, 36: 0.013841749406355108, 37: 0.006761693653115164, 38: 0.009118245611901575, 39: 0.013029139525321878, 40: 0.008548345236813686, 41: 0.003493772415005292, 42: 0.008519529710755184, 43: 0.007661735630543478, 44: 0.008391104789418102, 45: 0.008783188920175222, 46: 0.013852167105591761, 47: 0.007915143654221775, 48: 0.004526045450702986, 49: 0.012220721060722639, 50: 0.004283086067837921, 51: 0.015355752677782771, 52: 0.009382114604717346, 53: 0.01063794933772507, 54: 0.011856798171126198, 55: 0.015962311807809226, 56: 0.011462394289109957, 57: 0.010670809735507995, 58: 0.01105554207553467, 59: 0.009507509565813716, 60: 0.0069969295996693244, 61: 0.006294480830748514, 62: 0.010290456951415854, 63: 0.011857094928179712, 64: 0.011500222260126002, 65: 0.007733354572943431, 66: 0.00929408867024565, 67: 0.0037998988415424953, 68: 0.0110853771983909, 69: 0.007136334191128713, 70: 0.006907360760100486, 71: 0.006353647535154385, 72: 0.006424353650381048, 73: 0.008190657477958479, 74: 0.009622542796344545}","[59, 57, 55, 54, 53, 52, 51, 51, 51, 51, 50, 50, 50, 49, 49, 48, 47, 47, 46, 46, 46, 46, 46, 46, 46, 45, 45, 44, 43, 43, 43, 43, 43, 43, 43, 43, 43, 43, 42, 42, 42, 42, 42, 42, 41, 41, 41, 41, 41, 41, 41, 41, 40, 40, 40, 39, 39, 39, 39, 38, 38, 38, 38, 38, 37, 37, 36, 35, 35, 33, 32, 31, 30, 30, 30]","dict_values([27, 22, 25, 20, 23, 22, 29, 18, 25, 22, 21, 20, 24, 26, 17, 25, 19, 19, 20, 9, 11, 19, 24, 24, 20, 23, 22, 13, 28, 23, 14, 25, 16, 23, 36, 19, 21, 18, 23, 13, 26, 19, 17, 23, 11, 22, 18, 29, 27, 22, 25, 25, 24, 21, 23, 19, 19, 21, 17, 25, 19, 17, 22, 19, 11, 23, 26, 27, 23, 24, 22, 18, 26, 25, 25])",0.09830460278323956
36,42.82666666666667,0.2924055258333183,"{0: 0.015019371612328393, 1: 0.015632403027647908, 2: 0.009116610498895813, 3: 0.01833043240651706, 4: 0.010690493946695355, 5: 0.008450221964190685, 6: 0.011407556775256848, 7: 0.011181724270966817, 8: 0.006604257974120988, 9: 0.015584745928584883, 10: 0.013946534295149592, 11: 0.008291641573979323, 12: 0.007686954517742752, 13: 0.00861806081632072, 14: 0.00750754753091551, 15: 0.016233557684980908, 16: 0.0044344089720802045, 17: 0.010788613113775334, 18: 0.01095789831260612, 19: 0.01582419203975061, 20: 0.010162327281096728, 21: 0.0068020617091494985, 22: 0.0148691265446528, 23: 0.009987016109748432, 24: 0.009617562046856244, 25: 0.004693478751925533, 26: 0.008605558028773604, 27: 0.009768545264657818, 28: 0.007237296329299292, 29: 0.010788623128444825, 30: 0.00750751233905621, 31: 0.009015390148304684, 32: 0.005747037980925248, 33: 0.015610889069793183, 34: 0.008840068975902888, 35: 0.007034165778574346, 36: 0.013771913394738277, 37: 0.0068098183245275095, 38: 0.009145296089564886, 39: 0.01308270036655395, 40: 0.008600363542256647, 41: 0.0036408333081219975, 42: 0.008692339143658346, 43: 0.007657780147135941, 44: 0.008358773960403786, 45: 0.008814479105574997, 46: 0.013896874855778963, 47: 0.007759806502510731, 48: 0.004504134641120943, 49: 0.012416115608878118, 50: 0.0034588583600485695, 51: 0.015760890651413898, 52: 0.009480202022559631, 53: 0.010436275714839776, 54: 0.011303498576730712, 55: 0.015737500624093934, 56: 0.01148296074803258, 57: 0.010711019587361682, 58: 0.010546359693605354, 59: 0.008513899455245718, 60: 0.0071070613022667815, 61: 0.006520038584244264, 62: 0.010623714201580103, 63: 0.011703899569504902, 64: 0.011948665295987928, 65: 0.007804038804586568, 66: 0.009488544035933893, 67: 0.003649169860604429, 68: 0.010840266860454315, 69: 0.00717250231489597, 70: 0.006984518447048666, 71: 0.006472669058285498, 72: 0.006329374041904259, 73: 0.007864125644577329, 74: 0.009710610144685869}","[59, 56, 55, 54, 54, 52, 51, 51, 51, 50, 50, 50, 50, 49, 48, 48, 47, 47, 46, 46, 46, 46, 45, 45, 45, 45, 44, 44, 44, 43, 43, 43, 43, 43, 43, 43, 43, 43, 42, 42, 42, 42, 42, 41, 41, 41, 41, 41, 41, 41, 41, 41, 41, 40, 39, 39, 39, 38, 38, 38, 38, 38, 38, 38, 37, 37, 36, 36, 35, 33, 32, 31, 30, 29, 28]","dict_values([27, 22, 25, 20, 23, 22, 29, 18, 25, 22, 21, 20, 24, 26, 17, 25, 19, 19, 20, 9, 11, 19, 24, 24, 20, 23, 22, 13, 28, 23, 14, 25, 16, 23, 36, 19, 21, 18, 23, 13, 26, 19, 17, 23, 11, 22, 18, 29, 27, 22, 25, 25, 24, 21, 23, 19, 19, 21, 17, 25, 19, 17, 22, 19, 11, 23, 26, 27, 23, 24, 22, 18, 26, 25, 25])",0.10975032916724177
36,42.88,0.29304541165942755,"{0: 0.015056254112362642, 1: 0.015782354079356246, 2: 0.010059377097048329, 3: 0.017911194576921988, 4: 0.010726158558653791, 5: 0.008316758102015232, 6: 0.011474307555601063, 7: 0.011091536544385142, 8: 0.00656265917325877, 9: 0.015667262995813367, 10: 0.013894561954645189, 11: 0.008635010202418178, 12: 0.008160925197192881, 13: 0.008719851227711099, 14: 0.00797341364900712, 15: 0.01608447242008886, 16: 0.004389288858957294, 17: 0.010326604563209385, 18: 0.010302890567599754, 19: 0.015964330262275468, 20: 0.009885171051373896, 21: 0.006689907289222358, 22: 0.014789056544614597, 23: 0.010090781152424988, 24: 0.009578724343766826, 25: 0.004647901586763028, 26: 0.009118044610615399, 27: 0.009791021493379739, 28: 0.00730835234259892, 29: 0.010597331830208546, 30: 0.007463131093268079, 31: 0.00895340781793735, 32: 0.005682395151573234, 33: 0.015689628360861237, 34: 0.010052119379816253, 35: 0.007031509448419396, 36: 0.013516485004807484, 37: 0.006993794361576572, 38: 0.009139472410020357, 39: 0.013171326182217715, 40: 0.008591355956896042, 41: 0.0040776676050648655, 42: 0.008436856839405826, 43: 0.007929379096146914, 44: 0.008394730960623107, 45: 0.008795064616982427, 46: 0.013743794091028353, 47: 0.008131461176805375, 48: 0.004180774899952983, 49: 0.012132260811166654, 50: 0.0037280626321722216, 51: 0.01584800552307879, 52: 0.00935788627070923, 53: 0.00965325637737495, 54: 0.011137440418262336, 55: 0.015722949455826172, 56: 0.01218668617879646, 57: 0.01188672734645511, 58: 0.010482564505133558, 59: 0.00805695959805549, 60: 0.006700923310512351, 61: 0.006523345067300643, 62: 0.010428275324132052, 63: 0.010788783511659855, 64: 0.011849817710750606, 65: 0.007857260883097539, 66: 0.009543557471422912, 67: 0.0035831915112737025, 68: 0.010642740003137773, 69: 0.006820943464779082, 70: 0.006504554663099465, 71: 0.006241854272676192, 72: 0.006315309140651608, 73: 0.007732410210792013, 74: 0.009544805411356052}","[59, 56, 55, 54, 54, 52, 52, 51, 51, 50, 50, 50, 50, 49, 48, 48, 47, 47, 46, 46, 46, 46, 46, 45, 45, 45, 44, 44, 43, 43, 43, 43, 43, 43, 43, 43, 43, 43, 43, 43, 42, 42, 42, 42, 41, 41, 41, 41, 41, 41, 41, 40, 40, 39, 39, 39, 39, 39, 39, 38, 38, 38, 38, 38, 38, 37, 36, 35, 35, 33, 31, 31, 31, 29, 29]","dict_values([27, 22, 25, 20, 23, 22, 29, 18, 25, 22, 21, 20, 24, 26, 17, 25, 19, 19, 20, 9, 11, 19, 24, 24, 20, 23, 22, 13, 28, 23, 14, 25, 16, 23, 36, 19, 21, 18, 23, 13, 26, 19, 17, 23, 11, 22, 18, 29, 27, 22, 25, 25, 24, 21, 23, 19, 19, 21, 17, 25, 19, 17, 22, 19, 11, 23, 26, 27, 23, 24, 22, 18, 26, 25, 25])",0.10520469790351725
