max IN degrees,avg degrees,avg clustering coeff,betweenness centrality,degree sequence,IN degree,modularity
44,72.96,0.4921761809880201,"{0: 0.009104956147665204, 1: 0.006123512942603531, 2: 0.008226168381695499, 3: 0.006518431990240913, 4: 0.008005248565194854, 5: 0.005194318347617142, 6: 0.007580391084660728, 7: 0.006977640435594254, 8: 0.006456321307835735, 9: 0.006301588477164933, 10: 0.006355789461845772, 11: 0.008125540874673301, 12: 0.007747793592892033, 13: 0.005398937086789113, 14: 0.00686752023445026, 15: 0.0066004588761820185, 16: 0.006903089098726141, 17: 0.0051424074004356325, 18: 0.005146454010674569, 19: 0.006736292633684548, 20: 0.008175720122498202, 21: 0.008594956981089336, 22: 0.008246187224195014, 23: 0.0074400666317271345, 24: 0.0060595120287346245, 25: 0.0068916173823559915, 26: 0.008245027039313206, 27: 0.0064261557249138245, 28: 0.008774943340146236, 29: 0.00578132374941022, 30: 0.008976255356525104, 31: 0.008524687200000795, 32: 0.008217505358363552, 33: 0.005088462567655266, 34: 0.008458010723795855, 35: 0.006142059998058888, 36: 0.006785755241870395, 37: 0.0072119081032110685, 38: 0.0067221768445261286, 39: 0.005416980702872073, 40: 0.0061849041271270335, 41: 0.0072029850329073854, 42: 0.005424603778174456, 43: 0.008327681103149681, 44: 0.005683563783155522, 45: 0.007058456190386125, 46: 0.0063921401427925175, 47: 0.007353218085664875, 48: 0.008804780184801003, 49: 0.007536580288083742, 50: 0.007000584077487436, 51: 0.007274176839663906, 52: 0.004785931556791587, 53: 0.006489952212580103, 54: 0.007558343672973203, 55: 0.006871992534217561, 56: 0.006040062198745682, 57: 0.0060436112701807865, 58: 0.00612894720133437, 59: 0.007775463708386706, 60: 0.0068756281308572625, 61: 0.00831309784572598, 62: 0.007047258143094797, 63: 0.0064699485737942045, 64: 0.005613195503851425, 65: 0.005895426190207736, 66: 0.007227055582278891, 67: 0.005307034344370981, 68: 0.007536639736888931, 69: 0.006752224781382543, 70: 0.004675874818333012, 71: 0.007084198864428415, 72: 0.006808801504634463, 73: 0.00840811834078152, 74: 0.009273524831302105}","[84, 83, 82, 82, 81, 81, 80, 80, 80, 80, 79, 79, 79, 79, 78, 78, 78, 78, 77, 77, 77, 77, 76, 76, 75, 75, 75, 75, 74, 74, 74, 74, 74, 73, 73, 73, 73, 73, 73, 73, 72, 72, 72, 72, 72, 72, 72, 71, 71, 71, 71, 70, 70, 70, 70, 69, 69, 69, 69, 69, 69, 68, 68, 67, 67, 66, 66, 66, 65, 65, 64, 63, 62, 61, 60]","dict_values([39, 44, 36, 43, 38, 46, 36, 34, 46, 46, 50, 48, 39, 43, 46, 40, 44, 41, 45, 44, 37, 43, 35, 40, 43, 47, 51, 42, 43, 45, 43, 46, 44, 49, 34, 33, 44, 46, 39, 37, 37, 39, 41, 42, 38, 48, 49, 40, 30, 43, 31, 43, 40, 43, 37, 45, 38, 39, 49, 43, 34, 30, 39, 44, 38, 45, 43, 36, 35, 36, 41, 48, 41, 50, 44])",0.05937016411032454
44,72.72,0.4906983946413242,"{0: 0.00887022964758642, 1: 0.006149313720575086, 2: 0.008455483605492734, 3: 0.006558778375515634, 4: 0.0080875192247855, 5: 0.005526000023314403, 6: 0.007640392737091257, 7: 0.006848460303473858, 8: 0.00647608675648088, 9: 0.00638933075174479, 10: 0.006344275891017084, 11: 0.008187579235241393, 12: 0.008070976937218912, 13: 0.005439074127292998, 14: 0.006901572082815408, 15: 0.006674193899522984, 16: 0.006591703581884217, 17: 0.004965817368763973, 18: 0.004976245616161939, 19: 0.0065344034917528574, 20: 0.008017905773503513, 21: 0.008868608282442972, 22: 0.007457651999532027, 23: 0.00731355575021964, 24: 0.0063074933417857125, 25: 0.007213584854293768, 26: 0.008059702112308957, 27: 0.006575447426727754, 28: 0.008931923133386643, 29: 0.005647158688698507, 30: 0.009205546619243313, 31: 0.008184138192645749, 32: 0.008626350278025023, 33: 0.005128959328419778, 34: 0.00875937028647997, 35: 0.00606315805929224, 36: 0.006696720624776079, 37: 0.007398043832555381, 38: 0.006595508972545914, 39: 0.005504932803678281, 40: 0.006208642633116235, 41: 0.007057193349511771, 42: 0.005483903119070995, 43: 0.008092251730485998, 44: 0.00597144140350428, 45: 0.006938107810708696, 46: 0.006500475910682568, 47: 0.007615596134050365, 48: 0.008950806402094115, 49: 0.007610016119566424, 50: 0.006602553212384271, 51: 0.007486704695385228, 52: 0.004633185453512864, 53: 0.006459841341451335, 54: 0.0076058310745911245, 55: 0.007002857939478192, 56: 0.006359420440778761, 57: 0.006112590688650447, 58: 0.0061453673899485904, 59: 0.0077934669076104805, 60: 0.0067364797603431895, 61: 0.008486778498669686, 62: 0.0070658702255237005, 63: 0.00661083090305298, 64: 0.005683487917635646, 65: 0.005756382285430412, 66: 0.007192989743882644, 67: 0.005539668963070391, 68: 0.007559547713171042, 69: 0.0070698485881326364, 70: 0.0047762171867538296, 71: 0.006778909619828769, 72: 0.006613175280138133, 73: 0.008475960144504637, 74: 0.00936462973866613}","[84, 83, 83, 82, 81, 81, 81, 80, 80, 79, 79, 79, 78, 78, 78, 77, 77, 77, 77, 77, 77, 77, 76, 76, 75, 75, 75, 75, 74, 74, 74, 73, 73, 73, 73, 72, 72, 72, 72, 72, 72, 72, 71, 71, 71, 71, 71, 71, 71, 71, 71, 70, 70, 70, 70, 70, 70, 69, 69, 68, 68, 68, 68, 67, 66, 66, 66, 66, 66, 64, 64, 63, 62, 60, 60]","dict_values([39, 44, 36, 43, 38, 46, 36, 34, 46, 46, 50, 48, 39, 43, 46, 40, 44, 41, 45, 44, 37, 43, 35, 40, 43, 47, 51, 42, 43, 45, 43, 46, 44, 49, 34, 33, 44, 46, 39, 37, 37, 39, 41, 42, 38, 48, 49, 40, 30, 43, 31, 43, 40, 43, 37, 45, 38, 39, 49, 43, 34, 30, 39, 44, 38, 45, 43, 36, 35, 36, 41, 48, 41, 50, 44])",0.053927981723731554
44,73.28,0.49480832775338796,"{0: 0.008937490368313455, 1: 0.005936422390613468, 2: 0.008648377493041159, 3: 0.006635564078028696, 4: 0.00790589933291015, 5: 0.005657331772019004, 6: 0.007601846846417066, 7: 0.007043118491039508, 8: 0.006453545717336624, 9: 0.006406109624420469, 10: 0.006639527013724987, 11: 0.00817068600319456, 12: 0.007933446448203816, 13: 0.005272296002906089, 14: 0.006754980295971577, 15: 0.006351346702665009, 16: 0.006748464793001174, 17: 0.00469951559940613, 18: 0.004724702231379758, 19: 0.006535177981241151, 20: 0.007663757235223593, 21: 0.008966911007154034, 22: 0.007691782162125873, 23: 0.007313222602683639, 24: 0.005927522357181535, 25: 0.006957254053670248, 26: 0.00796198052966653, 27: 0.006375887522978872, 28: 0.00896306093792707, 29: 0.0058275147687938955, 30: 0.009043049048885197, 31: 0.008661388094913756, 32: 0.008750895513423323, 33: 0.0049597095330834685, 34: 0.00882915778118223, 35: 0.006178861022824598, 36: 0.0068505391663643755, 37: 0.007845481891736285, 38: 0.006483194799006198, 39: 0.005485853551878827, 40: 0.006326752062260934, 41: 0.0067665951558952995, 42: 0.0053262773584393935, 43: 0.007737672665284431, 44: 0.0054693199482734565, 45: 0.006569800613880956, 46: 0.006530331258767461, 47: 0.0068792019068120176, 48: 0.009094364723249992, 49: 0.007204727213826714, 50: 0.006571739371686255, 51: 0.007594773363650632, 52: 0.0047535703814503855, 53: 0.006114894224306664, 54: 0.007840581990855343, 55: 0.006988892780179694, 56: 0.006281972649033033, 57: 0.005954388013246354, 58: 0.0061938344378093015, 59: 0.00792572850622649, 60: 0.006807475575006171, 61: 0.00808399638328698, 62: 0.007247980300539301, 63: 0.006419818634197098, 64: 0.0055334648534424115, 65: 0.005493203320583657, 66: 0.006780813955487042, 67: 0.005400816747709038, 68: 0.0074509615495632515, 69: 0.007251859373206297, 70: 0.00497077719140423, 71: 0.006840924341911007, 72: 0.006627768867884045, 73: 0.008299259643378206, 74: 0.009569366841480628}","[86, 84, 83, 83, 82, 82, 82, 81, 80, 80, 80, 79, 79, 78, 78, 78, 78, 78, 78, 78, 77, 77, 77, 77, 77, 76, 76, 75, 75, 74, 74, 74, 74, 73, 73, 73, 73, 73, 73, 72, 72, 72, 72, 72, 72, 72, 72, 72, 71, 71, 71, 71, 71, 71, 70, 70, 69, 69, 69, 68, 68, 68, 68, 67, 67, 67, 67, 66, 66, 64, 63, 62, 62, 62, 62]","dict_values([39, 44, 36, 43, 38, 46, 36, 34, 46, 46, 50, 48, 39, 43, 46, 40, 44, 41, 45, 44, 37, 43, 35, 40, 43, 47, 51, 42, 43, 45, 43, 46, 44, 49, 34, 33, 44, 46, 39, 37, 37, 39, 41, 42, 38, 48, 49, 40, 30, 43, 31, 43, 40, 43, 37, 45, 38, 39, 49, 43, 34, 30, 39, 44, 38, 45, 43, 36, 35, 36, 41, 48, 41, 50, 44])",0.05447550580652544
45,73.06666666666666,0.4935956284079118,"{0: 0.008914972675895133, 1: 0.005793578937280025, 2: 0.008844762044270213, 3: 0.006477605224862524, 4: 0.007944439661983892, 5: 0.0059025141300729994, 6: 0.00727504521279903, 7: 0.007398955329613844, 8: 0.00653822857214516, 9: 0.006388113094429954, 10: 0.006664524014436758, 11: 0.00843337301353562, 12: 0.007975807710188394, 13: 0.00533315149590497, 14: 0.006573525543419569, 15: 0.0062263992837940174, 16: 0.006628925492164311, 17: 0.004740661200242835, 18: 0.004548957144192193, 19: 0.006429532455412412, 20: 0.008045048231738176, 21: 0.008764979794928103, 22: 0.007740612357609226, 23: 0.0074054860797340555, 24: 0.0061023324612626325, 25: 0.006675633175043832, 26: 0.00787274714504264, 27: 0.006659603853818012, 28: 0.008753367687366962, 29: 0.0058950518856212926, 30: 0.009088735301102869, 31: 0.00853693676406692, 32: 0.008796179892356192, 33: 0.004813727913805328, 34: 0.008427676986916866, 35: 0.006282047454652763, 36: 0.0066777432374124516, 37: 0.007975151824911361, 38: 0.006514917975972378, 39: 0.0055063645253933015, 40: 0.006329521010966867, 41: 0.006715607745423031, 42: 0.005344643248168343, 43: 0.007889816867548225, 44: 0.0054734293013728045, 45: 0.006502832178276852, 46: 0.006632246331421511, 47: 0.007398346518712806, 48: 0.009091389859965108, 49: 0.007089712811220747, 50: 0.0067678928060142165, 51: 0.007400460585461557, 52: 0.0046659140937625665, 53: 0.0060175490366751825, 54: 0.007624460229355141, 55: 0.007112845172111425, 56: 0.006013796547956077, 57: 0.00604162831501747, 58: 0.006128421324349486, 59: 0.00797886840233415, 60: 0.006843215424959849, 61: 0.008297614917248982, 62: 0.007413097469634312, 63: 0.006453655590023329, 64: 0.005752185887489088, 65: 0.005592934015035706, 66: 0.006915868797737964, 67: 0.005835879480632155, 68: 0.0077559506524302576, 69: 0.007647382172694397, 70: 0.004918973386615547, 71: 0.00652728049513517, 72: 0.00662645941276575, 73: 0.008389025961526632, 74: 0.009421389123091982}","[85, 83, 83, 82, 82, 82, 82, 82, 80, 79, 79, 79, 78, 78, 78, 78, 78, 78, 78, 78, 78, 78, 78, 77, 77, 76, 75, 75, 75, 75, 74, 74, 74, 74, 73, 73, 72, 72, 72, 72, 72, 72, 72, 72, 72, 71, 71, 71, 71, 71, 70, 70, 70, 69, 69, 69, 69, 69, 68, 68, 68, 68, 68, 67, 67, 67, 67, 67, 66, 66, 63, 62, 61, 61, 60]","dict_values([39, 44, 36, 43, 38, 46, 36, 34, 46, 46, 50, 48, 39, 43, 46, 40, 44, 41, 45, 44, 37, 43, 35, 40, 43, 47, 51, 42, 43, 45, 43, 46, 44, 49, 34, 33, 44, 46, 39, 37, 37, 39, 41, 42, 38, 48, 49, 40, 30, 43, 31, 43, 40, 43, 37, 45, 38, 39, 49, 43, 34, 30, 39, 44, 38, 45, 43, 36, 35, 36, 41, 48, 41, 50, 44])",0.05194283126431883
46,72.90666666666667,0.4927454631973393,"{0: 0.00913069611571298, 1: 0.005533953144428198, 2: 0.008750606736992168, 3: 0.006444164032336713, 4: 0.008017152509909389, 5: 0.0058946572957773976, 6: 0.007053450025434204, 7: 0.007354988163476893, 8: 0.006209872058815112, 9: 0.0064268553408339535, 10: 0.0068506188440518095, 11: 0.008244860600860413, 12: 0.008456531996666353, 13: 0.005614383263822488, 14: 0.006499470350607568, 15: 0.006419762336402599, 16: 0.006839233095030142, 17: 0.0047278034230699316, 18: 0.004578903140643861, 19: 0.006375503474118723, 20: 0.007703541417340347, 21: 0.008339476319047644, 22: 0.0076579966266503655, 23: 0.007614881763623903, 24: 0.006393747975442311, 25: 0.006706070140103364, 26: 0.007856412314918007, 27: 0.007175833966317385, 28: 0.008594744570015285, 29: 0.005748782451817919, 30: 0.00957083432805658, 31: 0.008228716100585863, 32: 0.008508687331543707, 33: 0.004786321746127338, 34: 0.008271051568454355, 35: 0.006083512350946883, 36: 0.0066531215088609435, 37: 0.007860414182304872, 38: 0.006341518471524334, 39: 0.005449468704633738, 40: 0.0062877465104277785, 41: 0.00664532376507123, 42: 0.005422233987818661, 43: 0.008117477031509482, 44: 0.005421907791059666, 45: 0.006571758112708873, 46: 0.00656921675791413, 47: 0.00759987050124494, 48: 0.009263245765570749, 49: 0.006893320227252948, 50: 0.006805252704389362, 51: 0.0074881352354030555, 52: 0.004763900893171386, 53: 0.0058333917941116, 54: 0.0075928897539805, 55: 0.007719312150587303, 56: 0.006221899085994335, 57: 0.006096305996724097, 58: 0.005861232321748273, 59: 0.008274032559065654, 60: 0.0062167929305915765, 61: 0.008773447924133858, 62: 0.007340387579624378, 63: 0.006465701277303625, 64: 0.006023638335237714, 65: 0.0059121719267147, 66: 0.006811208899511754, 67: 0.005840908962247668, 68: 0.0076010457852029945, 69: 0.007727104204736291, 70: 0.004721363161108815, 71: 0.006613710307802049, 72: 0.006853560036027578, 73: 0.008676545944337838, 74: 0.009293771691729695}","[85, 84, 83, 82, 82, 81, 81, 80, 80, 79, 79, 79, 79, 78, 78, 78, 78, 78, 77, 77, 77, 77, 77, 77, 76, 76, 76, 76, 75, 75, 75, 74, 74, 74, 73, 73, 73, 72, 72, 72, 72, 72, 72, 72, 72, 71, 71, 71, 71, 70, 70, 70, 70, 69, 69, 69, 68, 68, 68, 68, 68, 68, 67, 67, 67, 67, 66, 66, 66, 65, 63, 61, 61, 61, 60]","dict_values([39, 44, 36, 43, 38, 46, 36, 34, 46, 46, 50, 48, 39, 43, 46, 40, 44, 41, 45, 44, 37, 43, 35, 40, 43, 47, 51, 42, 43, 45, 43, 46, 44, 49, 34, 33, 44, 46, 39, 37, 37, 39, 41, 42, 38, 48, 49, 40, 30, 43, 31, 43, 40, 43, 37, 45, 38, 39, 49, 43, 34, 30, 39, 44, 38, 45, 43, 36, 35, 36, 41, 48, 41, 50, 44])",0.051367563034833516
46,73.30666666666667,0.4954667370514677,"{0: 0.008733530782881886, 1: 0.00541081482457485, 2: 0.008419544394590871, 3: 0.0066620956295654595, 4: 0.008058893231825896, 5: 0.005992770858288523, 6: 0.0072931815967809425, 7: 0.007371414279361367, 8: 0.006291781454289447, 9: 0.005656812367406344, 10: 0.0067689307890735845, 11: 0.007858418844942127, 12: 0.008479766709532287, 13: 0.005549914363671046, 14: 0.006516945730308161, 15: 0.006414324242445703, 16: 0.0065026528691832, 17: 0.004850593692847573, 18: 0.004026543641137295, 19: 0.006444690910369533, 20: 0.007265264826798827, 21: 0.008125974402890068, 22: 0.007847942592908816, 23: 0.007563776952364895, 24: 0.006064335015698928, 25: 0.006550263449043025, 26: 0.007565842825772498, 27: 0.007129891787860177, 28: 0.008491269685402989, 29: 0.005859810497256658, 30: 0.009857206800681176, 31: 0.008358056158852815, 32: 0.008103816895410832, 33: 0.004823608515403064, 34: 0.007991726844346953, 35: 0.005823498904473684, 36: 0.006824696313853644, 37: 0.007650784127599526, 38: 0.00622809654332656, 39: 0.005830837294676869, 40: 0.006271793900206778, 41: 0.006661133684219591, 42: 0.0055254406565919435, 43: 0.008027188899602501, 44: 0.00539598733798985, 45: 0.006481639736474426, 46: 0.006427394659874622, 47: 0.007454883660478619, 48: 0.009073100937397433, 49: 0.006764842879586169, 50: 0.006558061138727698, 51: 0.007142865731879065, 52: 0.004696234056029778, 53: 0.0062197033345875626, 54: 0.007272903899546338, 55: 0.008043866209831307, 56: 0.006394989116079081, 57: 0.0064151585799343165, 58: 0.006133757836785726, 59: 0.008140022747680139, 60: 0.006091680896125709, 61: 0.008569827202622666, 62: 0.007473702297199699, 63: 0.006471057780544104, 64: 0.006288147032908374, 65: 0.005986935020359535, 66: 0.007145761033824551, 67: 0.005915075637700222, 68: 0.0074935647234016575, 69: 0.00786264088466721, 70: 0.004798988106484079, 71: 0.006778335866135787, 72: 0.006889742455861252, 73: 0.008940078383145528, 74: 0.009444834375097383}","[87, 85, 83, 82, 82, 82, 80, 80, 80, 80, 80, 79, 79, 79, 79, 79, 78, 78, 77, 77, 77, 77, 77, 77, 76, 76, 76, 76, 75, 75, 75, 74, 74, 74, 74, 74, 73, 73, 73, 73, 73, 72, 72, 72, 72, 72, 72, 72, 71, 71, 71, 71, 70, 70, 70, 69, 69, 69, 69, 69, 68, 68, 68, 67, 67, 67, 67, 67, 67, 65, 64, 62, 61, 61, 58]","dict_values([39, 44, 36, 43, 38, 46, 36, 34, 46, 46, 50, 48, 39, 43, 46, 40, 44, 41, 45, 44, 37, 43, 35, 40, 43, 47, 51, 42, 43, 45, 43, 46, 44, 49, 34, 33, 44, 46, 39, 37, 37, 39, 41, 42, 38, 48, 49, 40, 30, 43, 31, 43, 40, 43, 37, 45, 38, 39, 49, 43, 34, 30, 39, 44, 38, 45, 43, 36, 35, 36, 41, 48, 41, 50, 44])",0.05534589713564944
45,73.46666666666667,0.4965763166190578,"{0: 0.008408639957157042, 1: 0.005338948030848425, 2: 0.008257257259539115, 3: 0.0064698258697457245, 4: 0.008062985554784125, 5: 0.006297569046831366, 6: 0.00738051552243721, 7: 0.007325154507600462, 8: 0.006077639636152641, 9: 0.005558324433543428, 10: 0.00655013731254055, 11: 0.008081409555060292, 12: 0.00816028377532855, 13: 0.0056623081369825985, 14: 0.006708934381005744, 15: 0.006392062763071404, 16: 0.006385089007298593, 17: 0.005017964606178314, 18: 0.004152499140209439, 19: 0.006413118167947607, 20: 0.007449937100816443, 21: 0.00815793041478568, 22: 0.007734129701376335, 23: 0.00786064565011813, 24: 0.006202239798821184, 25: 0.006513019910393385, 26: 0.007182407684373664, 27: 0.007215778577827234, 28: 0.008663967107652699, 29: 0.005916523017929373, 30: 0.00969514809201448, 31: 0.007899098443520982, 32: 0.007569305602284187, 33: 0.004837133516650553, 34: 0.008167929707859463, 35: 0.005817749455098551, 36: 0.0072114920409968985, 37: 0.00744636859543058, 38: 0.005895576072297055, 39: 0.00617314256646296, 40: 0.006839864646752397, 41: 0.006596048803922771, 42: 0.005507984527070183, 43: 0.007863817954735135, 44: 0.005352494597047936, 45: 0.006617542866067131, 46: 0.006366220148668962, 47: 0.007450880169230482, 48: 0.009011150207052959, 49: 0.006693704610840049, 50: 0.006480699580572521, 51: 0.007285588634030491, 52: 0.004626029469755635, 53: 0.006146141045329294, 54: 0.007212774209043636, 55: 0.007604306520345657, 56: 0.005915092302644872, 57: 0.006245805717036823, 58: 0.006120632242664527, 59: 0.008126861645760064, 60: 0.005861818237737292, 61: 0.00853692248162953, 62: 0.0075562064656704755, 63: 0.0067335502345938015, 64: 0.00638521247962946, 65: 0.006091625257575966, 66: 0.007158881143710848, 67: 0.006128672794367576, 68: 0.00759888997792693, 69: 0.007837930201471728, 70: 0.005015793662572287, 71: 0.006849800050355979, 72: 0.00680803813262476, 73: 0.008578165374550228, 74: 0.00988562649248123}","[87, 87, 83, 83, 82, 81, 80, 80, 79, 79, 79, 79, 79, 79, 79, 78, 78, 78, 78, 77, 77, 77, 77, 77, 77, 77, 76, 76, 75, 75, 75, 74, 74, 74, 74, 74, 74, 74, 74, 74, 73, 72, 72, 72, 72, 72, 72, 72, 71, 71, 71, 71, 70, 70, 70, 70, 70, 69, 69, 69, 69, 69, 68, 68, 68, 67, 67, 66, 66, 65, 65, 63, 61, 61, 59]","dict_values([39, 44, 36, 43, 38, 46, 36, 34, 46, 46, 50, 48, 39, 43, 46, 40, 44, 41, 45, 44, 37, 43, 35, 40, 43, 47, 51, 42, 43, 45, 43, 46, 44, 49, 34, 33, 44, 46, 39, 37, 37, 39, 41, 42, 38, 48, 49, 40, 30, 43, 31, 43, 40, 43, 37, 45, 38, 39, 49, 43, 34, 30, 39, 44, 38, 45, 43, 36, 35, 36, 41, 48, 41, 50, 44])",0.04999733202459807
44,73.14666666666666,0.4944612610062257,"{0: 0.008317189088907936, 1: 0.005473175314762431, 2: 0.007960588764860147, 3: 0.0065769794734152846, 4: 0.008047496469657928, 5: 0.006356436276070457, 6: 0.0071040669389836825, 7: 0.006921304973742479, 8: 0.005945101081255305, 9: 0.005426485938100916, 10: 0.0058971499849115455, 11: 0.007937427627306887, 12: 0.008256980782558695, 13: 0.00603238102861955, 14: 0.006808951161336551, 15: 0.0066759405291343275, 16: 0.006458479909012768, 17: 0.00491875372212434, 18: 0.004203569885973048, 19: 0.006211564738853749, 20: 0.007397271829617449, 21: 0.008210360841377546, 22: 0.007973006573442297, 23: 0.007790196113925596, 24: 0.006705422192158048, 25: 0.006823773401266363, 26: 0.006875194863265112, 27: 0.007107093894985019, 28: 0.008123526885311965, 29: 0.005898722963878281, 30: 0.009990357981507528, 31: 0.008255129562877231, 32: 0.007534228101608435, 33: 0.005035365547091162, 34: 0.00820471088930788, 35: 0.006097620893333086, 36: 0.007314185883072033, 37: 0.0077660402102241455, 38: 0.005923348706790022, 39: 0.006265214312654898, 40: 0.006242674121629222, 41: 0.006616738458021023, 42: 0.005457379106421325, 43: 0.008331936697989447, 44: 0.005484927840665129, 45: 0.006773117747762428, 46: 0.0064589161476637695, 47: 0.007509860268254042, 48: 0.008789000225256761, 49: 0.006546779931712243, 50: 0.006266636014249114, 51: 0.007607797185703269, 52: 0.004535794287623095, 53: 0.00605356738336635, 54: 0.007499973749764003, 55: 0.007488860839532588, 56: 0.005758852689734446, 57: 0.006409730799905354, 58: 0.006290776274464559, 59: 0.008232771868699064, 60: 0.005807687482008036, 61: 0.00867842812954951, 62: 0.007605034381299462, 63: 0.006532269027308827, 64: 0.006448143348395114, 65: 0.006462345432327712, 66: 0.007504962147154814, 67: 0.006062417164039923, 68: 0.008135753866477555, 69: 0.007679571855337598, 70: 0.005141719400478656, 71: 0.00673936252767, 72: 0.007126208294920505, 73: 0.008481676536223047, 74: 0.010039895519225413}","[87, 87, 82, 81, 81, 80, 80, 80, 80, 80, 80, 79, 79, 78, 77, 77, 77, 77, 77, 77, 77, 77, 76, 76, 76, 76, 76, 75, 75, 75, 75, 75, 75, 74, 74, 74, 73, 73, 73, 73, 73, 72, 72, 72, 72, 71, 71, 71, 71, 71, 71, 71, 70, 70, 70, 70, 70, 69, 69, 69, 68, 68, 68, 68, 67, 67, 67, 66, 65, 64, 64, 64, 62, 60, 59]","dict_values([39, 44, 36, 43, 38, 46, 36, 34, 46, 46, 50, 48, 39, 43, 46, 40, 44, 41, 45, 44, 37, 43, 35, 40, 43, 47, 51, 42, 43, 45, 43, 46, 44, 49, 34, 33, 44, 46, 39, 37, 37, 39, 41, 42, 38, 48, 49, 40, 30, 43, 31, 43, 40, 43, 37, 45, 38, 39, 49, 43, 34, 30, 39, 44, 38, 45, 43, 36, 35, 36, 41, 48, 41, 50, 44])",0.0557771487134122
44,72.96,0.4930695496453911,"{0: 0.008645363376258776, 1: 0.005467323757242371, 2: 0.008165602918070268, 3: 0.006327216311529151, 4: 0.00808273571300785, 5: 0.006506699299537793, 6: 0.006862614675314629, 7: 0.006976673932969869, 8: 0.005688575245824511, 9: 0.005044577142914001, 10: 0.00591753615662857, 11: 0.008236049924578118, 12: 0.0083705877378906, 13: 0.005987176451522266, 14: 0.006397319208396651, 15: 0.0065919287444820476, 16: 0.0064743001319235065, 17: 0.004953424619770754, 18: 0.003973841870307564, 19: 0.006189848350395214, 20: 0.00714294590505153, 21: 0.0076801658726092115, 22: 0.007872018996709446, 23: 0.007497400521340012, 24: 0.006759814024140213, 25: 0.006873518587585269, 26: 0.006822346376396406, 27: 0.006961428139924757, 28: 0.008164209915936766, 29: 0.005993951351237931, 30: 0.010086770728620884, 31: 0.008042731160776131, 32: 0.007655694612181777, 33: 0.005108213061552622, 34: 0.008101709841561798, 35: 0.00610094437846933, 36: 0.007607176704284735, 37: 0.007941618318217785, 38: 0.005925252278291723, 39: 0.0062194947577298544, 40: 0.006135233730418073, 41: 0.006674597133037571, 42: 0.005497006988261418, 43: 0.008426296604354986, 44: 0.005281411445991085, 45: 0.006616656379313803, 46: 0.006664698455205747, 47: 0.007825321832099854, 48: 0.00883948205081663, 49: 0.006361556247923608, 50: 0.0061661637543594825, 51: 0.007169913201754437, 52: 0.004572755043549878, 53: 0.006284488639428267, 54: 0.007482035281235369, 55: 0.008136860490924167, 56: 0.005595012830584924, 57: 0.006386510293821425, 58: 0.006556963934037914, 59: 0.008113084375676422, 60: 0.006197916291032956, 61: 0.008404826024838937, 62: 0.007872601287190988, 63: 0.006733437460779667, 64: 0.006503023756369206, 65: 0.006539679638600803, 66: 0.007795057830016707, 67: 0.00627653433287185, 68: 0.008284196267451686, 69: 0.007634127891777017, 70: 0.004984990403650141, 71: 0.006867048234924482, 72: 0.007869806257250856, 73: 0.008612099146235546, 74: 0.010139983815456452}","[87, 87, 82, 81, 81, 81, 80, 80, 80, 79, 79, 78, 78, 78, 78, 78, 78, 77, 77, 77, 77, 77, 76, 76, 76, 75, 75, 75, 75, 75, 74, 74, 74, 74, 74, 74, 73, 73, 73, 72, 72, 72, 72, 72, 72, 72, 71, 71, 71, 71, 71, 71, 70, 70, 69, 69, 69, 69, 69, 69, 68, 68, 68, 68, 67, 67, 66, 66, 65, 63, 63, 63, 62, 60, 58]","dict_values([39, 44, 36, 43, 38, 46, 36, 34, 46, 46, 50, 48, 39, 43, 46, 40, 44, 41, 45, 44, 37, 43, 35, 40, 43, 47, 51, 42, 43, 45, 43, 46, 44, 49, 34, 33, 44, 46, 39, 37, 37, 39, 41, 42, 38, 48, 49, 40, 30, 43, 31, 43, 40, 43, 37, 45, 38, 39, 49, 43, 34, 30, 39, 44, 38, 45, 43, 36, 35, 36, 41, 48, 41, 50, 44])",0.05039691700010257
44,72.77333333333333,0.4920326558043856,"{0: 0.008533573321932221, 1: 0.00546580909066491, 2: 0.008141224039452723, 3: 0.0066734539674051995, 4: 0.007721422534954261, 5: 0.006545502381030109, 6: 0.006977950813617958, 7: 0.006455184933678839, 8: 0.005512659285690096, 9: 0.0047550794789541564, 10: 0.005717951945307776, 11: 0.008399649717796467, 12: 0.008424242554695194, 13: 0.006007016497319635, 14: 0.006191373231093119, 15: 0.006329014467331172, 16: 0.006351944570530367, 17: 0.00480277160070544, 18: 0.004187407147915183, 19: 0.006423440376359216, 20: 0.007249145670843842, 21: 0.007802127754055732, 22: 0.008002310370627702, 23: 0.007162222775422206, 24: 0.0067848942105766755, 25: 0.006705838463997775, 26: 0.007043754337292986, 27: 0.006563337343904133, 28: 0.008730621525870305, 29: 0.005936436312298363, 30: 0.010637661687224749, 31: 0.008305593327785145, 32: 0.007275251174568161, 33: 0.005024327794180912, 34: 0.007951371655453019, 35: 0.006566328631580757, 36: 0.007708081606940657, 37: 0.007885775228816245, 38: 0.00602065444922344, 39: 0.00644895968226012, 40: 0.006122924761817495, 41: 0.006854358463011784, 42: 0.005836420312097778, 43: 0.008696878590787584, 44: 0.005192180071496585, 45: 0.006852511087255329, 46: 0.006440307114043758, 47: 0.008065673446283481, 48: 0.008837852845824152, 49: 0.006668194174943154, 50: 0.006522294685421602, 51: 0.007521638180975139, 52: 0.004633954520144318, 53: 0.005894649572302082, 54: 0.00724413325126733, 55: 0.008081833289933522, 56: 0.005590405939009709, 57: 0.006691608579953024, 58: 0.006674495419906553, 59: 0.007900157574482614, 60: 0.006501554662667076, 61: 0.008203289348294741, 62: 0.008171366489011124, 63: 0.006580273746174286, 64: 0.006294814415461643, 65: 0.00664697118560537, 66: 0.007865598943762339, 67: 0.006093758186150058, 68: 0.008301418401808824, 69: 0.007303405831727445, 70: 0.004832570946557404, 71: 0.006659482233925094, 72: 0.007951605698879769, 73: 0.008924070773902145, 74: 0.010139976112493263}","[89, 87, 82, 82, 82, 81, 81, 80, 79, 79, 79, 79, 78, 78, 78, 77, 77, 77, 77, 77, 77, 76, 76, 75, 75, 75, 75, 75, 74, 74, 74, 74, 74, 73, 73, 73, 73, 73, 72, 72, 72, 72, 72, 72, 72, 72, 72, 71, 70, 70, 70, 70, 70, 70, 70, 70, 69, 69, 69, 68, 68, 68, 68, 67, 67, 67, 66, 65, 64, 62, 62, 62, 61, 60, 59]","dict_values([39, 44, 36, 43, 38, 46, 36, 34, 46, 46, 50, 48, 39, 43, 46, 40, 44, 41, 45, 44, 37, 43, 35, 40, 43, 47, 51, 42, 43, 45, 43, 46, 44, 49, 34, 33, 44, 46, 39, 37, 37, 39, 41, 42, 38, 48, 49, 40, 30, 43, 31, 43, 40, 43, 37, 45, 38, 39, 49, 43, 34, 30, 39, 44, 38, 45, 43, 36, 35, 36, 41, 48, 41, 50, 44])",0.051096880122984537
44,73.04,0.49381518173726996,"{0: 0.00822149051340212, 1: 0.0055094624585233145, 2: 0.008117814302322323, 3: 0.006957100894735618, 4: 0.008066980037598858, 5: 0.006537495225423675, 6: 0.006565824994133528, 7: 0.006217274333731447, 8: 0.005495922944075962, 9: 0.004912002679507823, 10: 0.00596428852256871, 11: 0.008118973576081765, 12: 0.00849437883162409, 13: 0.006113849563589608, 14: 0.0060011886363244785, 15: 0.006673312453121586, 16: 0.006362350241801821, 17: 0.004739233496584062, 18: 0.004126171285178537, 19: 0.006518382652196152, 20: 0.007347789279231289, 21: 0.0078804331567939, 22: 0.007872858073033973, 23: 0.007015048205998651, 24: 0.006800410579049511, 25: 0.006821980000114443, 26: 0.00684981539436368, 27: 0.006583019199892803, 28: 0.00857080151516363, 29: 0.0059596841322707775, 30: 0.010586670156435241, 31: 0.008144799336735972, 32: 0.007115490390620606, 33: 0.004957189526277124, 34: 0.007783764287213917, 35: 0.006525552006115272, 36: 0.007566364353453441, 37: 0.00732867366955257, 38: 0.006045935651507749, 39: 0.006562418306255556, 40: 0.005950996198607533, 41: 0.006875006923237557, 42: 0.006046909292644958, 43: 0.00859391143210624, 44: 0.00512588181365399, 45: 0.006900536126415629, 46: 0.006126152276441379, 47: 0.007705386582371973, 48: 0.008562456980868485, 49: 0.006690757801021803, 50: 0.006443068317908126, 51: 0.007651105262013799, 52: 0.0043885490468347785, 53: 0.005669887659386199, 54: 0.0072489280169337885, 55: 0.007962638343826916, 56: 0.0057374281843735, 57: 0.006789723241132277, 58: 0.007069103793121151, 59: 0.007790691750527671, 60: 0.006447245023647373, 61: 0.008652817295647583, 62: 0.008252685488513666, 63: 0.006299299108723923, 64: 0.006259290324525853, 65: 0.0068037217550442845, 66: 0.007888880927991596, 67: 0.006025420268812749, 68: 0.008800363110840433, 69: 0.007704143138845156, 70: 0.004614244739187887, 71: 0.006588015548029025, 72: 0.007781736758963336, 73: 0.008712449306663653, 74: 0.010171201880536789}","[89, 88, 83, 82, 81, 81, 80, 80, 80, 80, 79, 79, 79, 79, 78, 78, 78, 78, 77, 77, 77, 76, 76, 76, 76, 75, 75, 74, 74, 74, 74, 74, 74, 74, 73, 73, 73, 73, 73, 73, 72, 72, 72, 72, 72, 72, 71, 71, 71, 70, 70, 70, 70, 70, 70, 70, 70, 70, 69, 69, 69, 69, 69, 69, 68, 67, 67, 65, 64, 63, 62, 61, 61, 59, 59]","dict_values([39, 44, 36, 43, 38, 46, 36, 34, 46, 46, 50, 48, 39, 43, 46, 40, 44, 41, 45, 44, 37, 43, 35, 40, 43, 47, 51, 42, 43, 45, 43, 46, 44, 49, 34, 33, 44, 46, 39, 37, 37, 39, 41, 42, 38, 48, 49, 40, 30, 43, 31, 43, 40, 43, 37, 45, 38, 39, 49, 43, 34, 30, 39, 44, 38, 45, 43, 36, 35, 36, 41, 48, 41, 50, 44])",0.047013771172179156
44,72.90666666666667,0.49365535862652193,"{0: 0.008160992988379622, 1: 0.005444407539485392, 2: 0.008423814414125671, 3: 0.0068581159269124874, 4: 0.008307907098201957, 5: 0.006431020841568705, 6: 0.0067689476078182185, 7: 0.006116890623279733, 8: 0.005330456155391191, 9: 0.004770370871244689, 10: 0.006210067603694554, 11: 0.007986708955379113, 12: 0.008334462654378644, 13: 0.005866844361290652, 14: 0.006252705439505255, 15: 0.006871647242680396, 16: 0.006434155853967132, 17: 0.0048613162405420985, 18: 0.004306743866641728, 19: 0.00676317065633217, 20: 0.007457019284444721, 21: 0.007781303794371574, 22: 0.007961456015638427, 23: 0.0067600498874852795, 24: 0.0071546441453941775, 25: 0.0068641876410512415, 26: 0.007148999665113476, 27: 0.006662084593891622, 28: 0.008651182647809777, 29: 0.005770282755722323, 30: 0.010680944745018432, 31: 0.008037986870212763, 32: 0.007495276837248574, 33: 0.005055182179484176, 34: 0.007807625764715516, 35: 0.00650179153926509, 36: 0.007456342992706029, 37: 0.007471435693972288, 38: 0.006028865847502987, 39: 0.006853524112860059, 40: 0.005901524881000908, 41: 0.006726785083154685, 42: 0.006544282450346474, 43: 0.008133523863998463, 44: 0.005199625904188536, 45: 0.0071073735749470485, 46: 0.006155926310174354, 47: 0.00772727572751606, 48: 0.008306596544509213, 49: 0.006919809922465736, 50: 0.006265520127682465, 51: 0.007615437201493419, 52: 0.004408959613782242, 53: 0.005575851974745758, 54: 0.006806709814249841, 55: 0.008040247262054122, 56: 0.005491184228057681, 57: 0.006248770117821957, 58: 0.007280813661689765, 59: 0.00785428680006506, 60: 0.006328998311503549, 61: 0.008439932563773116, 62: 0.00790881442385107, 63: 0.006062918135011275, 64: 0.006194362440882166, 65: 0.006823075094881688, 66: 0.007615187990614329, 67: 0.006146083226370296, 68: 0.009198497849455544, 69: 0.007508283856434558, 70: 0.0046911342050878395, 71: 0.006849417491097401, 72: 0.007665219146767459, 73: 0.008741037219058539, 74: 0.010704010725910058}","[90, 89, 84, 82, 81, 80, 79, 79, 79, 79, 79, 79, 78, 78, 78, 78, 77, 77, 77, 77, 77, 77, 76, 76, 75, 75, 75, 75, 75, 74, 74, 74, 74, 74, 74, 73, 73, 73, 72, 72, 72, 72, 72, 71, 71, 71, 71, 71, 71, 71, 71, 70, 70, 70, 70, 70, 70, 70, 69, 69, 69, 69, 69, 68, 67, 66, 66, 65, 64, 62, 62, 61, 61, 60, 59]","dict_values([39, 44, 36, 43, 38, 46, 36, 34, 46, 46, 50, 48, 39, 43, 46, 40, 44, 41, 45, 44, 37, 43, 35, 40, 43, 47, 51, 42, 43, 45, 43, 46, 44, 49, 34, 33, 44, 46, 39, 37, 37, 39, 41, 42, 38, 48, 49, 40, 30, 43, 31, 43, 40, 43, 37, 45, 38, 39, 49, 43, 34, 30, 39, 44, 38, 45, 43, 36, 35, 36, 41, 48, 41, 50, 44])",0.04862366075895988
44,73.17333333333333,0.49582496071233056,"{0: 0.007738126846012042, 1: 0.005371346585541298, 2: 0.008796780530751957, 3: 0.0067775100155769595, 4: 0.00829539484501689, 5: 0.006355398837081015, 6: 0.0068650993542448005, 7: 0.006099538920465387, 8: 0.005374462001554643, 9: 0.004550045069169652, 10: 0.005813526537797998, 11: 0.007675745607798602, 12: 0.00778165174969254, 13: 0.005383172483569519, 14: 0.006477876634051092, 15: 0.0068313498863205825, 16: 0.006341556770952851, 17: 0.004595631916670786, 18: 0.0042547590775542975, 19: 0.006310756386625534, 20: 0.007444164957038123, 21: 0.007844820612366656, 22: 0.00798098689179936, 23: 0.006297248996576099, 24: 0.007577929467124504, 25: 0.006766999407984171, 26: 0.007179061292024824, 27: 0.006791718732865958, 28: 0.008606198160584206, 29: 0.005740929017640491, 30: 0.010595530088920745, 31: 0.0078047301508464475, 32: 0.00763029960053342, 33: 0.005121110144534513, 34: 0.007482962845158834, 35: 0.006404962081987776, 36: 0.0078066379971562586, 37: 0.007555983560414045, 38: 0.00595747257238154, 39: 0.006520178722069104, 40: 0.005976297704840956, 41: 0.006892278259921711, 42: 0.006430372832522809, 43: 0.008174157276342981, 44: 0.00528551015179462, 45: 0.006611926363568471, 46: 0.006293897734708805, 47: 0.007721367940974437, 48: 0.008030815215062957, 49: 0.006712823604987308, 50: 0.006473303309584184, 51: 0.007411153085283051, 52: 0.00456370249756552, 53: 0.005537066453216083, 54: 0.006490673929601974, 55: 0.007613256034184357, 56: 0.005461633695524113, 57: 0.006418335496430202, 58: 0.007515702443791248, 59: 0.007763676934435874, 60: 0.0064639549441543355, 61: 0.008753885381904022, 62: 0.007959023304981178, 63: 0.006441199367469384, 64: 0.00632887946691513, 65: 0.006986608821865646, 66: 0.007756934595462775, 67: 0.006070684741973195, 68: 0.009717108180925884, 69: 0.007589910235224392, 70: 0.004641656762091015, 71: 0.006943290353164337, 72: 0.007904889739056339, 73: 0.009001070517593683, 74: 0.010700542731064246}","[90, 89, 86, 83, 82, 81, 80, 80, 79, 79, 79, 78, 78, 78, 78, 78, 78, 78, 77, 77, 77, 77, 77, 76, 76, 76, 75, 75, 75, 75, 75, 75, 75, 74, 74, 74, 74, 73, 73, 73, 73, 72, 72, 72, 72, 71, 71, 71, 71, 71, 70, 70, 70, 70, 70, 70, 70, 70, 69, 69, 69, 69, 68, 67, 67, 66, 66, 66, 63, 63, 61, 61, 61, 60, 60]","dict_values([39, 44, 36, 43, 38, 46, 36, 34, 46, 46, 50, 48, 39, 43, 46, 40, 44, 41, 45, 44, 37, 43, 35, 40, 43, 47, 51, 42, 43, 45, 43, 46, 44, 49, 34, 33, 44, 46, 39, 37, 37, 39, 41, 42, 38, 48, 49, 40, 30, 43, 31, 43, 40, 43, 37, 45, 38, 39, 49, 43, 34, 30, 39, 44, 38, 45, 43, 36, 35, 36, 41, 48, 41, 50, 44])",0.04997744880959466
44,73.25333333333333,0.49662698518179893,"{0: 0.007695698044098317, 1: 0.005553704268553577, 2: 0.008586408547351009, 3: 0.006526473513726818, 4: 0.008507730235292329, 5: 0.006589071678861672, 6: 0.006323076168080743, 7: 0.006128282483242012, 8: 0.005378640905673527, 9: 0.004779593780830683, 10: 0.006251594008829888, 11: 0.008156592738515564, 12: 0.007732617320938697, 13: 0.00569849436825696, 14: 0.0065910761297609454, 15: 0.006964018256931351, 16: 0.006457141610423733, 17: 0.004577791693417874, 18: 0.004423194044275983, 19: 0.006296388745297858, 20: 0.007241412705085325, 21: 0.0082416147694198, 22: 0.007781599173096214, 23: 0.0062807067913531155, 24: 0.007255918129491609, 25: 0.006535076601363275, 26: 0.007060563761072871, 27: 0.006955998033886237, 28: 0.008571887404055007, 29: 0.005999252387031662, 30: 0.010651158369072152, 31: 0.007645606906309136, 32: 0.007781675058214969, 33: 0.004972066734218096, 34: 0.007422444796923192, 35: 0.006547352470786169, 36: 0.00797483388990985, 37: 0.0076671729889399316, 38: 0.0054785084031032435, 39: 0.006753795878795648, 40: 0.0060604940383803055, 41: 0.0069452889313528976, 42: 0.006266965980951788, 43: 0.008106215568278808, 44: 0.004862900124965485, 45: 0.006697593152613927, 46: 0.006136424849802056, 47: 0.007918986614885416, 48: 0.007985311412210974, 49: 0.006297872633867161, 50: 0.006446217721936075, 51: 0.007418336480784454, 52: 0.00433014082864862, 53: 0.005563590411049811, 54: 0.006071688816485013, 55: 0.007586588646531526, 56: 0.005544352033080027, 57: 0.0062259833346417276, 58: 0.007115518202248919, 59: 0.007525636432094077, 60: 0.006320112849137848, 61: 0.008614730156652853, 62: 0.008002379483860874, 63: 0.006648012398859565, 64: 0.006134929144066327, 65: 0.006982417827974282, 66: 0.00785820344309898, 67: 0.005826097714731835, 68: 0.00964573503634087, 69: 0.007962369927643544, 70: 0.004631575202703344, 71: 0.0069656139662336875, 72: 0.0082487276958171, 73: 0.009260298421845082, 74: 0.010638352315962081}","[90, 89, 86, 84, 82, 81, 81, 80, 80, 79, 79, 79, 79, 79, 78, 78, 78, 78, 77, 77, 77, 76, 76, 76, 76, 76, 76, 75, 75, 75, 75, 75, 75, 75, 74, 74, 74, 74, 73, 73, 72, 72, 72, 72, 72, 72, 71, 71, 71, 71, 71, 71, 70, 70, 70, 69, 69, 69, 69, 69, 69, 69, 68, 68, 67, 66, 66, 65, 63, 62, 62, 61, 61, 61, 59]","dict_values([39, 44, 36, 43, 38, 46, 36, 34, 46, 46, 50, 48, 39, 43, 46, 40, 44, 41, 45, 44, 37, 43, 35, 40, 43, 47, 51, 42, 43, 45, 43, 46, 44, 49, 34, 33, 44, 46, 39, 37, 37, 39, 41, 42, 38, 48, 49, 40, 30, 43, 31, 43, 40, 43, 37, 45, 38, 39, 49, 43, 34, 30, 39, 44, 38, 45, 43, 36, 35, 36, 41, 48, 41, 50, 44])",0.05219951367669985
45,73.17333333333333,0.4960139774338061,"{0: 0.007807636522117043, 1: 0.005762254699508526, 2: 0.008460043075435209, 3: 0.006818040149705645, 4: 0.008306974782987484, 5: 0.006724060177789067, 6: 0.006243358155096258, 7: 0.0058143226306537985, 8: 0.005541423229521322, 9: 0.004997761231652191, 10: 0.0059419550915949014, 11: 0.00820057636403453, 12: 0.00823942362797503, 13: 0.0057197698246694, 14: 0.006653836627454848, 15: 0.00718477763661685, 16: 0.006061956487955926, 17: 0.004576765639191082, 18: 0.00413635055366209, 19: 0.00607861850143692, 20: 0.006674625259755857, 21: 0.008307348455034612, 22: 0.007798806310465542, 23: 0.006467798648293973, 24: 0.007014405136714955, 25: 0.006375102676527193, 26: 0.00735632474104095, 27: 0.0067657231588906085, 28: 0.008892617295930641, 29: 0.006318862847631416, 30: 0.010670273073908026, 31: 0.007018440636651277, 32: 0.007548124116609592, 33: 0.004992853545348549, 34: 0.00756939967657682, 35: 0.006452330388084372, 36: 0.007990345094222326, 37: 0.007711617642245146, 38: 0.005800594263520042, 39: 0.006741070398268923, 40: 0.0060762182791005166, 41: 0.0067310260477389285, 42: 0.006238005004868147, 43: 0.008123291288574126, 44: 0.005171016963926806, 45: 0.006676520990519334, 46: 0.006271308352613616, 47: 0.007699832397941879, 48: 0.008262788939676493, 49: 0.006436040595976193, 50: 0.006409642147868369, 51: 0.007665859239871177, 52: 0.004145396130511362, 53: 0.005871681849435948, 54: 0.006096089116497614, 55: 0.007518138785755488, 56: 0.005407262255097562, 57: 0.006464316755564186, 58: 0.006922267381904895, 59: 0.007573643507643881, 60: 0.006155574027946262, 61: 0.00865261518787845, 62: 0.007962883056185914, 63: 0.006455539656823943, 64: 0.006234728416696589, 65: 0.007087883558345257, 66: 0.007995010876969372, 67: 0.005944310380863811, 68: 0.009769922694045339, 69: 0.00772713862091485, 70: 0.0046660631596096265, 71: 0.007016009468779567, 72: 0.007978658859538369, 73: 0.009348363256206983, 74: 0.010945629837972941}","[91, 89, 86, 84, 83, 82, 80, 80, 80, 79, 79, 79, 79, 78, 78, 78, 78, 78, 77, 77, 77, 76, 76, 76, 76, 75, 75, 75, 75, 74, 74, 74, 74, 74, 74, 74, 73, 73, 73, 73, 72, 72, 72, 72, 72, 72, 71, 71, 71, 71, 71, 71, 71, 70, 70, 70, 70, 69, 69, 69, 68, 68, 68, 68, 68, 67, 66, 65, 63, 63, 62, 62, 61, 59, 58]","dict_values([39, 44, 36, 43, 38, 46, 36, 34, 46, 46, 50, 48, 39, 43, 46, 40, 44, 41, 45, 44, 37, 43, 35, 40, 43, 47, 51, 42, 43, 45, 43, 46, 44, 49, 34, 33, 44, 46, 39, 37, 37, 39, 41, 42, 38, 48, 49, 40, 30, 43, 31, 43, 40, 43, 37, 45, 38, 39, 49, 43, 34, 30, 39, 44, 38, 45, 43, 36, 35, 36, 41, 48, 41, 50, 44])",0.05168817839505649
45,73.38666666666667,0.4969690830919176,"{0: 0.007874007945245598, 1: 0.00597188077937122, 2: 0.008127110927419018, 3: 0.006949490791770846, 4: 0.008480262545640235, 5: 0.006469143701739391, 6: 0.006315949625403376, 7: 0.005833064977841981, 8: 0.005303430372575817, 9: 0.004829589906881036, 10: 0.005965619474732823, 11: 0.008192562673031839, 12: 0.00807736221053458, 13: 0.0060761472900822885, 14: 0.006788185846337598, 15: 0.006971524920003472, 16: 0.0059443228638883325, 17: 0.004471264839718037, 18: 0.003954456444333215, 19: 0.005952925062859339, 20: 0.006651328773759251, 21: 0.008168731756341628, 22: 0.007358886821495868, 23: 0.006359673761600765, 24: 0.006708795587630932, 25: 0.0065181067887395555, 26: 0.007298924236100076, 27: 0.007254722092694421, 28: 0.008799849142793659, 29: 0.006285082242519678, 30: 0.009690931543355211, 31: 0.0071559409481756495, 32: 0.0072119476996322035, 33: 0.00466008740242655, 34: 0.007623245672444171, 35: 0.006894679649741903, 36: 0.00827427709397119, 37: 0.007529961904161099, 38: 0.005987322525912457, 39: 0.006632460142247936, 40: 0.006362807504085753, 41: 0.007065738582775082, 42: 0.006355398122145584, 43: 0.008283765071282052, 44: 0.005220287706747914, 45: 0.0065733960128729115, 46: 0.005953908464177802, 47: 0.007745536819088439, 48: 0.008497553557643851, 49: 0.006766257472910672, 50: 0.0059209005662581304, 51: 0.007299558334678814, 52: 0.004415329547172154, 53: 0.0061089245658197565, 54: 0.006067734051096981, 55: 0.007593974075515391, 56: 0.0055161758938632064, 57: 0.006386970188431584, 58: 0.00667417386693049, 59: 0.00751629209016225, 60: 0.006323673254757923, 61: 0.008170757227762686, 62: 0.007854674060487322, 63: 0.006702880750621739, 64: 0.006383909261838006, 65: 0.007046816345066698, 66: 0.007693563686755196, 67: 0.006003275333657749, 68: 0.009664848768695578, 69: 0.007648363077247463, 70: 0.004781071618426511, 71: 0.007191677165485721, 72: 0.007947269163330785, 73: 0.009332300158908569, 74: 0.011273291125005419}","[92, 86, 86, 85, 83, 82, 81, 80, 80, 79, 79, 79, 79, 79, 79, 78, 78, 78, 77, 76, 76, 76, 76, 76, 75, 75, 75, 75, 75, 75, 75, 75, 74, 74, 74, 74, 74, 73, 73, 73, 73, 73, 72, 72, 72, 72, 72, 72, 71, 71, 71, 71, 71, 70, 70, 70, 70, 70, 70, 70, 69, 69, 69, 69, 68, 68, 66, 66, 63, 62, 62, 61, 61, 60, 59]","dict_values([39, 44, 36, 43, 38, 46, 36, 34, 46, 46, 50, 48, 39, 43, 46, 40, 44, 41, 45, 44, 37, 43, 35, 40, 43, 47, 51, 42, 43, 45, 43, 46, 44, 49, 34, 33, 44, 46, 39, 37, 37, 39, 41, 42, 38, 48, 49, 40, 30, 43, 31, 43, 40, 43, 37, 45, 38, 39, 49, 43, 34, 30, 39, 44, 38, 45, 43, 36, 35, 36, 41, 48, 41, 50, 44])",0.04949637578589776
45,73.12,0.49531955727884924,"{0: 0.007991510880258122, 1: 0.005667532045513823, 2: 0.007761173444160821, 3: 0.007021226681632865, 4: 0.00836523041933848, 5: 0.006541753099520997, 6: 0.006183444315859414, 7: 0.0059986431507559595, 8: 0.0052847505639991394, 9: 0.004777884770905459, 10: 0.006022580147886957, 11: 0.00786466088119539, 12: 0.008161330231127254, 13: 0.006158335148847311, 14: 0.006984876322910834, 15: 0.00678294504112476, 16: 0.005977756185336652, 17: 0.004544748237814439, 18: 0.004004469262079204, 19: 0.006303097824918038, 20: 0.006794409035562168, 21: 0.007836239520405715, 22: 0.007216637306331158, 23: 0.0063478652359134444, 24: 0.0067216162287729725, 25: 0.006314863508642038, 26: 0.0070303326937780995, 27: 0.007294192722128296, 28: 0.008745786629693527, 29: 0.006167564989336562, 30: 0.009871157693045972, 31: 0.00677734569947099, 32: 0.006940788882938672, 33: 0.004760705520944434, 34: 0.007859988231932081, 35: 0.007217428496430701, 36: 0.008118958346815575, 37: 0.007259235294234634, 38: 0.006137053526156337, 39: 0.006742570606275677, 40: 0.006473219418886374, 41: 0.007197586267408846, 42: 0.00645405152748536, 43: 0.008474576408957627, 44: 0.005092719015170862, 45: 0.0066038303306028565, 46: 0.006081490043920814, 47: 0.00748732408974868, 48: 0.008567108907409339, 49: 0.006998258168787478, 50: 0.006127976935701834, 51: 0.007410277802971893, 52: 0.004383929398932565, 53: 0.006126140988685788, 54: 0.006119227972539525, 55: 0.0077776870139971204, 56: 0.00571471173191431, 57: 0.006432593053862305, 58: 0.006942478299769997, 59: 0.007370660737818127, 60: 0.006588617587060379, 61: 0.00853297089613103, 62: 0.008309004920633564, 63: 0.006560407392936331, 64: 0.0063962319499879456, 65: 0.006834885076207877, 66: 0.007634270733435316, 67: 0.006316632895660275, 68: 0.009329602272638484, 69: 0.007521384944365878, 70: 0.004980829555033849, 71: 0.0072890593684529475, 72: 0.007789930697596684, 73: 0.009778352416915284, 74: 0.011556761065965811}","[93, 86, 86, 85, 82, 81, 81, 80, 80, 80, 80, 79, 79, 79, 78, 78, 77, 77, 76, 76, 76, 76, 75, 75, 75, 75, 74, 74, 74, 74, 74, 74, 74, 73, 73, 73, 73, 73, 73, 73, 73, 73, 72, 72, 72, 72, 72, 72, 72, 71, 70, 70, 70, 70, 70, 70, 70, 70, 70, 70, 69, 69, 69, 68, 68, 68, 67, 65, 63, 63, 61, 61, 60, 59, 59]","dict_values([39, 44, 36, 43, 38, 46, 36, 34, 46, 46, 50, 48, 39, 43, 46, 40, 44, 41, 45, 44, 37, 43, 35, 40, 43, 47, 51, 42, 43, 45, 43, 46, 44, 49, 34, 33, 44, 46, 39, 37, 37, 39, 41, 42, 38, 48, 49, 40, 30, 43, 31, 43, 40, 43, 37, 45, 38, 39, 49, 43, 34, 30, 39, 44, 38, 45, 43, 36, 35, 36, 41, 48, 41, 50, 44])",0.051121464151931126
45,73.06666666666666,0.49538182793888674,"{0: 0.007993204498624175, 1: 0.005794028537596955, 2: 0.0077628256887348245, 3: 0.007229076474430206, 4: 0.00809627356381187, 5: 0.006381723500947255, 6: 0.006042662290140447, 7: 0.006205740444347485, 8: 0.00542620219781594, 9: 0.004794397408163895, 10: 0.005949547691031197, 11: 0.008011612822716641, 12: 0.008017546815195536, 13: 0.006170647306914809, 14: 0.006793554817317318, 15: 0.006580999858123754, 16: 0.005836286632169979, 17: 0.004622277527327502, 18: 0.00401204932040449, 19: 0.006334443151604925, 20: 0.007002542844134749, 21: 0.00805505560985272, 22: 0.007036929845789792, 23: 0.00630999488653561, 24: 0.006758433583501995, 25: 0.006354569118351805, 26: 0.007182172435984269, 27: 0.007327844460770666, 28: 0.009080269943763406, 29: 0.005746000679083433, 30: 0.010071882874984455, 31: 0.006586007809359421, 32: 0.0067245662630135905, 33: 0.004539958557979259, 34: 0.007942209650170996, 35: 0.007437123739408072, 36: 0.008710117407170235, 37: 0.007056741734632495, 38: 0.0061373609550625435, 39: 0.006615310615331999, 40: 0.006620755547337082, 41: 0.007352005668903761, 42: 0.006418796031207171, 43: 0.008116518089189003, 44: 0.004927660326827643, 45: 0.006675672337796613, 46: 0.006037446092766342, 47: 0.007539423060633438, 48: 0.008892563508563574, 49: 0.007166739933193129, 50: 0.006068566375985003, 51: 0.007836316732452175, 52: 0.004363866815555997, 53: 0.0061355344914620375, 54: 0.006210925283178895, 55: 0.007758964242987219, 56: 0.005795211769273067, 57: 0.006211802203430486, 58: 0.00698340852561596, 59: 0.007114523710734967, 60: 0.006445207904294565, 61: 0.008994687051993045, 62: 0.008228501738305253, 63: 0.006724464398343408, 64: 0.006450667771372243, 65: 0.0067082813120629735, 66: 0.0075906425505524065, 67: 0.006292285219414174, 68: 0.009515297480596225, 69: 0.007807272201192178, 70: 0.0051266428819663375, 71: 0.007250275904876038, 72: 0.007639035179306826, 73: 0.009009920538537566, 74: 0.011437635516326374}","[92, 87, 86, 83, 83, 82, 82, 81, 80, 79, 79, 79, 79, 79, 78, 78, 77, 77, 77, 76, 76, 76, 75, 75, 75, 75, 75, 75, 75, 74, 74, 74, 74, 74, 73, 73, 73, 73, 73, 73, 73, 72, 72, 72, 72, 71, 71, 71, 71, 71, 71, 70, 70, 70, 70, 70, 70, 69, 69, 69, 69, 69, 68, 68, 68, 67, 67, 64, 64, 63, 61, 61, 60, 59, 59]","dict_values([39, 44, 36, 43, 38, 46, 36, 34, 46, 46, 50, 48, 39, 43, 46, 40, 44, 41, 45, 44, 37, 43, 35, 40, 43, 47, 51, 42, 43, 45, 43, 46, 44, 49, 34, 33, 44, 46, 39, 37, 37, 39, 41, 42, 38, 48, 49, 40, 30, 43, 31, 43, 40, 43, 37, 45, 38, 39, 49, 43, 34, 30, 39, 44, 38, 45, 43, 36, 35, 36, 41, 48, 41, 50, 44])",0.05204659278597689
46,72.98666666666666,0.4950778867433936,"{0: 0.007950402846458954, 1: 0.005818483311386526, 2: 0.008223552444519158, 3: 0.007232979484596318, 4: 0.008240500324868264, 5: 0.006365405132302618, 6: 0.006287192758705509, 7: 0.006483777137412612, 8: 0.005592551240500227, 9: 0.004773670650252139, 10: 0.005913171269224874, 11: 0.007948330391399977, 12: 0.007582910052327316, 13: 0.005806222074285932, 14: 0.006585267541900228, 15: 0.006686431312256866, 16: 0.00589300148897688, 17: 0.004736272030791666, 18: 0.0044338948963805564, 19: 0.00643307753603163, 20: 0.006635360965923324, 21: 0.008133486349995573, 22: 0.00674315062235788, 23: 0.005928261102575664, 24: 0.007274594638077388, 25: 0.006357702499490882, 26: 0.007060996825676742, 27: 0.0075719850765500595, 28: 0.009167283011357533, 29: 0.005842643927586715, 30: 0.009826282198798112, 31: 0.00676322780640343, 32: 0.007049492204566563, 33: 0.00443159464171061, 34: 0.008127933357364517, 35: 0.007714250684203068, 36: 0.008451025437027245, 37: 0.007334859837056588, 38: 0.005930267482921498, 39: 0.006439574108223243, 40: 0.006483602832718144, 41: 0.007596112161817125, 42: 0.006503838276213876, 43: 0.008041354248580764, 44: 0.00477224681079638, 45: 0.006531598554437595, 46: 0.006186589491079922, 47: 0.007452933788921319, 48: 0.009056437720263651, 49: 0.00730787994555097, 50: 0.00615587865096479, 51: 0.00769608221242951, 52: 0.004374175158582777, 53: 0.005995633263391567, 54: 0.005725314892656375, 55: 0.007388921665575367, 56: 0.005836110971375573, 57: 0.006392451293391379, 58: 0.006993675660502522, 59: 0.006904711763618166, 60: 0.006287069096655253, 61: 0.008791962377512974, 62: 0.008486533753932947, 63: 0.006268489180561443, 64: 0.006771824520462699, 65: 0.006619313394999941, 66: 0.008020489315959885, 67: 0.006390839754444437, 68: 0.009524150778160274, 69: 0.008051722653450137, 70: 0.004947434569226343, 71: 0.007205013797669944, 72: 0.00760011347751099, 73: 0.009321719642657555, 74: 0.011279769450434782}","[91, 86, 86, 84, 83, 83, 81, 81, 80, 79, 79, 79, 79, 79, 78, 78, 77, 77, 77, 77, 76, 76, 76, 76, 75, 75, 75, 75, 74, 74, 74, 74, 73, 73, 73, 73, 73, 73, 73, 73, 72, 72, 72, 72, 72, 72, 72, 72, 71, 71, 71, 70, 70, 70, 69, 69, 69, 68, 68, 68, 68, 68, 68, 68, 68, 67, 67, 64, 63, 63, 62, 61, 61, 59, 59]","dict_values([39, 44, 36, 43, 38, 46, 36, 34, 46, 46, 50, 48, 39, 43, 46, 40, 44, 41, 45, 44, 37, 43, 35, 40, 43, 47, 51, 42, 43, 45, 43, 46, 44, 49, 34, 33, 44, 46, 39, 37, 37, 39, 41, 42, 38, 48, 49, 40, 30, 43, 31, 43, 40, 43, 37, 45, 38, 39, 49, 43, 34, 30, 39, 44, 38, 45, 43, 36, 35, 36, 41, 48, 41, 50, 44])",0.052944740667311065
45,72.85333333333334,0.49387457749832153,"{0: 0.008185135332237978, 1: 0.0059543029088862855, 2: 0.008114593941035324, 3: 0.0070597161864723096, 4: 0.008188343473646015, 5: 0.006913356509865643, 6: 0.00653001522365223, 7: 0.006254230618095935, 8: 0.005604756247668971, 9: 0.004652143871085469, 10: 0.006171644260031917, 11: 0.007914910076891756, 12: 0.00740266186716613, 13: 0.005863935792885975, 14: 0.006630732847701456, 15: 0.007101364096949705, 16: 0.005665678701440312, 17: 0.004769163985121271, 18: 0.004483809538159828, 19: 0.005817657846417167, 20: 0.00652642806866275, 21: 0.008002577884011956, 22: 0.0064693235848482696, 23: 0.006011684927933816, 24: 0.007083544644160873, 25: 0.006355097479277798, 26: 0.007237632503942383, 27: 0.007874348580368253, 28: 0.009044245760237542, 29: 0.005903432395997099, 30: 0.009967989265416272, 31: 0.006945589339953558, 32: 0.006829011732017111, 33: 0.0045210281735810435, 34: 0.007927438300157427, 35: 0.007678277318368304, 36: 0.007952240866643331, 37: 0.007451834152796671, 38: 0.005814061185932098, 39: 0.006567009840614275, 40: 0.006343252882890323, 41: 0.007561335670542405, 42: 0.006604374804535517, 43: 0.00820524350685808, 44: 0.004798372944443655, 45: 0.0060938129233426746, 46: 0.006312270649003213, 47: 0.0072227776660287275, 48: 0.008626076898459059, 49: 0.007021201381884419, 50: 0.006445565565727377, 51: 0.007725764348441242, 52: 0.004204742904560159, 53: 0.006142310162084993, 54: 0.005931503507724486, 55: 0.007403971467411787, 56: 0.005904553399325831, 57: 0.006750813893143702, 58: 0.007056785632403565, 59: 0.007190980474067454, 60: 0.006396710791989602, 61: 0.00884214024946529, 62: 0.008488718681372787, 63: 0.005948842046712468, 64: 0.007003661830424981, 65: 0.00690620324153559, 66: 0.00837027128485863, 67: 0.00634449142327993, 68: 0.009309625744946889, 69: 0.00807710944347589, 70: 0.005004411607968739, 71: 0.007300779766303188, 72: 0.007531462806408087, 73: 0.009587948709557934, 74: 0.011559607304805021}","[91, 86, 85, 85, 82, 81, 81, 80, 80, 80, 80, 79, 79, 78, 77, 77, 77, 77, 76, 76, 76, 76, 75, 75, 75, 75, 75, 75, 75, 74, 74, 74, 74, 74, 73, 73, 73, 73, 73, 73, 73, 72, 72, 72, 72, 71, 71, 71, 71, 71, 70, 70, 70, 70, 70, 69, 69, 69, 68, 68, 68, 68, 68, 68, 68, 67, 65, 64, 63, 63, 62, 61, 60, 60, 58]","dict_values([39, 44, 36, 43, 38, 46, 36, 34, 46, 46, 50, 48, 39, 43, 46, 40, 44, 41, 45, 44, 37, 43, 35, 40, 43, 47, 51, 42, 43, 45, 43, 46, 44, 49, 34, 33, 44, 46, 39, 37, 37, 39, 41, 42, 38, 48, 49, 40, 30, 43, 31, 43, 40, 43, 37, 45, 38, 39, 49, 43, 34, 30, 39, 44, 38, 45, 43, 36, 35, 36, 41, 48, 41, 50, 44])",0.05717096223062068
44,72.82666666666667,0.49351065593647453,"{0: 0.008012774167960415, 1: 0.006120656295422781, 2: 0.007863920352186629, 3: 0.007287021957914806, 4: 0.0085510293511899, 5: 0.007097831484468385, 6: 0.006447036502179275, 7: 0.005996357212331575, 8: 0.0054853332465918826, 9: 0.004623264517855688, 10: 0.0061560734245090405, 11: 0.0077801397384887, 12: 0.007670466866486634, 13: 0.0056219223749057285, 14: 0.006918922896219314, 15: 0.007370355044631983, 16: 0.00584118966660285, 17: 0.004697499639394202, 18: 0.00466268772177435, 19: 0.006119851216545614, 20: 0.0065280996413527494, 21: 0.00754391047726007, 22: 0.0063089055833882145, 23: 0.005664166957684022, 24: 0.00744900399752001, 25: 0.006108676818333336, 26: 0.007403622084047695, 27: 0.007608398336647939, 28: 0.009007890338340856, 29: 0.00609024922523637, 30: 0.00992669180150485, 31: 0.00670065751586692, 32: 0.006627192730923091, 33: 0.004566634535754871, 34: 0.008103040949177371, 35: 0.007294001871666674, 36: 0.007948955248949993, 37: 0.007513392904001043, 38: 0.005927501948674839, 39: 0.006212354509950908, 40: 0.006356115221042396, 41: 0.007539699835860419, 42: 0.006656774840778854, 43: 0.007911545079306847, 44: 0.005204535381681038, 45: 0.0063058759950777666, 46: 0.006609350354231606, 47: 0.0071412843292437455, 48: 0.008515392455618642, 49: 0.007078835179673138, 50: 0.006463385148023726, 51: 0.007584040928518756, 52: 0.004263710500217215, 53: 0.006135060720469239, 54: 0.005848860242752464, 55: 0.007384520599769763, 56: 0.005559851661273148, 57: 0.00703857716553128, 58: 0.007268410651904274, 59: 0.007382089281784977, 60: 0.006439949312970129, 61: 0.009277899018125322, 62: 0.008363868262590269, 63: 0.0059555922527189074, 64: 0.007006473116116431, 65: 0.006928873607680193, 66: 0.008040562265007437, 67: 0.006415105633517177, 68: 0.009441618772140873, 69: 0.008126168385647621, 70: 0.004592982862770263, 71: 0.00729502637309185, 72: 0.007778773827368738, 73: 0.009592242706361567, 74: 0.011483028446981342}","[91, 86, 85, 85, 83, 82, 80, 79, 79, 79, 78, 78, 78, 78, 78, 77, 77, 77, 77, 76, 76, 76, 76, 75, 75, 75, 75, 75, 75, 75, 74, 74, 74, 74, 74, 73, 73, 73, 73, 72, 72, 72, 72, 72, 72, 72, 72, 71, 71, 71, 71, 71, 70, 69, 69, 69, 69, 69, 69, 69, 68, 68, 67, 67, 67, 66, 66, 65, 63, 62, 62, 61, 60, 60, 58]","dict_values([39, 44, 36, 43, 38, 46, 36, 34, 46, 46, 50, 48, 39, 43, 46, 40, 44, 41, 45, 44, 37, 43, 35, 40, 43, 47, 51, 42, 43, 45, 43, 46, 44, 49, 34, 33, 44, 46, 39, 37, 37, 39, 41, 42, 38, 48, 49, 40, 30, 43, 31, 43, 40, 43, 37, 45, 38, 39, 49, 43, 34, 30, 39, 44, 38, 45, 43, 36, 35, 36, 41, 48, 41, 50, 44])",0.052933211465628946
44,72.8,0.49335347673739116,"{0: 0.008226730894993043, 1: 0.00584604479032946, 2: 0.007820595595458708, 3: 0.007309882259202802, 4: 0.008980721853639613, 5: 0.007088298278708467, 6: 0.006852696495922417, 7: 0.005866013934655629, 8: 0.005627080054292365, 9: 0.004798407494499067, 10: 0.006291480130220468, 11: 0.00715102207461405, 12: 0.007923955199848228, 13: 0.005628134265022774, 14: 0.006905431885507688, 15: 0.007076144739459205, 16: 0.006162376642365159, 17: 0.004929024271222051, 18: 0.004456960188143551, 19: 0.006174158411867739, 20: 0.007156212475437829, 21: 0.007961576025602426, 22: 0.006577105570783392, 23: 0.005830369086085076, 24: 0.007434857399488893, 25: 0.006115932621378477, 26: 0.007106593605349586, 27: 0.007312024572462512, 28: 0.008396800153157994, 29: 0.006372369518056458, 30: 0.010132398712480955, 31: 0.0071151945395025225, 32: 0.006346350326053624, 33: 0.004511336101223042, 34: 0.007866841821758206, 35: 0.0068713651000315654, 36: 0.007945814634467214, 37: 0.007317934567155511, 38: 0.005680406423472244, 39: 0.005631395220056084, 40: 0.006646116943991116, 41: 0.007643109935283404, 42: 0.006868401267967886, 43: 0.007705948030279121, 44: 0.00538161104791595, 45: 0.006273172064482854, 46: 0.006495431666841439, 47: 0.006894377211265291, 48: 0.008125270515758736, 49: 0.006931502403059015, 50: 0.006262513008469639, 51: 0.007767916796289822, 52: 0.004170971215933496, 53: 0.006184263522751401, 54: 0.006153019048641709, 55: 0.007709650055090249, 56: 0.00581498663539587, 57: 0.007035592123344563, 58: 0.007498894783290444, 59: 0.007290433328275597, 60: 0.006421386066191604, 61: 0.009245895008578203, 62: 0.008106455646522725, 63: 0.005915334163005966, 64: 0.006909391296021033, 65: 0.007183540584878768, 66: 0.007911219427666849, 67: 0.006615113009254035, 68: 0.009486825351490695, 69: 0.008207114450762236, 70: 0.004733265177768806, 71: 0.007426365209953125, 72: 0.007594424967902031, 73: 0.00935675230751158, 74: 0.011264575987450407}","[90, 87, 85, 84, 83, 80, 80, 80, 80, 79, 78, 78, 78, 78, 77, 77, 77, 77, 77, 76, 76, 76, 76, 76, 76, 75, 75, 75, 74, 74, 74, 74, 74, 74, 74, 74, 73, 73, 72, 72, 72, 72, 72, 72, 72, 72, 71, 71, 71, 71, 70, 70, 70, 70, 69, 69, 69, 69, 69, 69, 68, 68, 67, 67, 67, 67, 66, 66, 64, 63, 61, 61, 60, 59, 58]","dict_values([39, 44, 36, 43, 38, 46, 36, 34, 46, 46, 50, 48, 39, 43, 46, 40, 44, 41, 45, 44, 37, 43, 35, 40, 43, 47, 51, 42, 43, 45, 43, 46, 44, 49, 34, 33, 44, 46, 39, 37, 37, 39, 41, 42, 38, 48, 49, 40, 30, 43, 31, 43, 40, 43, 37, 45, 38, 39, 49, 43, 34, 30, 39, 44, 38, 45, 43, 36, 35, 36, 41, 48, 41, 50, 44])",0.05551168001717453
44,72.74666666666667,0.4929503925649374,"{0: 0.008001275870011012, 1: 0.006014533840044646, 2: 0.007767921203791615, 3: 0.007217740579364588, 4: 0.00915420014473498, 5: 0.007093872395995125, 6: 0.006816638156340641, 7: 0.005861760821043657, 8: 0.005850871372250013, 9: 0.004793981031615109, 10: 0.006384536338107652, 11: 0.007339843709397942, 12: 0.007733457449068384, 13: 0.006032048558414835, 14: 0.0070525776303581025, 15: 0.007478756879860645, 16: 0.006349033000341264, 17: 0.005051441815891931, 18: 0.004541277068350055, 19: 0.006182843122423079, 20: 0.00738677346418076, 21: 0.008426433456872615, 22: 0.006201363490222399, 23: 0.0060279807248878586, 24: 0.007454844761705293, 25: 0.006215373316307985, 26: 0.007032300976520872, 27: 0.007395411388322981, 28: 0.008293761581970021, 29: 0.0064082487656563015, 30: 0.01030692182664118, 31: 0.007273193064321765, 32: 0.006407673410320723, 33: 0.004399506473107036, 34: 0.007661979283030875, 35: 0.006898342359845379, 36: 0.007818573198376432, 37: 0.007456565050520202, 38: 0.005787656425044325, 39: 0.005578042112267102, 40: 0.006746771159948866, 41: 0.006753029600174511, 42: 0.007202570760895743, 43: 0.008204116700553548, 44: 0.00518578669204841, 45: 0.006375289264037988, 46: 0.00652861573671735, 47: 0.006830484362520594, 48: 0.008136432595038304, 49: 0.00720417842817352, 50: 0.006483363633011987, 51: 0.0075414982668351865, 52: 0.004039285297545564, 53: 0.006469830977415519, 54: 0.005969056270772751, 55: 0.007582868692309172, 56: 0.005816303686048227, 57: 0.007318981199562194, 58: 0.0076854764817012484, 59: 0.007406391507331804, 60: 0.0061736182558913485, 61: 0.009201149337319855, 62: 0.0074741691899062775, 63: 0.005738665206174523, 64: 0.0067276912041507025, 65: 0.0070936183087450325, 66: 0.007919602647395779, 67: 0.006809148708713604, 68: 0.00923143500678896, 69: 0.00807538866101486, 70: 0.004499485260852026, 71: 0.007037976366470465, 72: 0.007399195323748011, 73: 0.009413884616574367, 74: 0.01097419591629167}","[89, 88, 84, 84, 82, 82, 81, 80, 80, 79, 78, 78, 77, 77, 77, 77, 77, 77, 76, 76, 76, 76, 75, 75, 75, 75, 75, 75, 75, 74, 74, 74, 74, 74, 74, 73, 73, 73, 73, 73, 72, 72, 72, 72, 72, 72, 71, 71, 71, 70, 70, 70, 70, 69, 69, 69, 69, 69, 69, 69, 69, 68, 68, 68, 67, 67, 66, 65, 65, 63, 62, 61, 59, 58, 57]","dict_values([39, 44, 36, 43, 38, 46, 36, 34, 46, 46, 50, 48, 39, 43, 46, 40, 44, 41, 45, 44, 37, 43, 35, 40, 43, 47, 51, 42, 43, 45, 43, 46, 44, 49, 34, 33, 44, 46, 39, 37, 37, 39, 41, 42, 38, 48, 49, 40, 30, 43, 31, 43, 40, 43, 37, 45, 38, 39, 49, 43, 34, 30, 39, 44, 38, 45, 43, 36, 35, 36, 41, 48, 41, 50, 44])",0.04984651942277758
44,73.01333333333334,0.4944153009456837,"{0: 0.008192052935950735, 1: 0.0063129159866033065, 2: 0.007598031154984042, 3: 0.007266292094823531, 4: 0.008819424657687005, 5: 0.006963412966864678, 6: 0.006684013814644471, 7: 0.005957924395777041, 8: 0.005782063199150437, 9: 0.005097036940200163, 10: 0.0064514868721997935, 11: 0.007196215915240029, 12: 0.008117492560152133, 13: 0.005980668736538777, 14: 0.006845753950627816, 15: 0.007582237907858766, 16: 0.006173277606480198, 17: 0.004827817683311192, 18: 0.00461170142440917, 19: 0.006172664200788928, 20: 0.007373582958579913, 21: 0.00885922736744821, 22: 0.006169860327723053, 23: 0.005735390248421914, 24: 0.007517860055784868, 25: 0.006179510365104467, 26: 0.007000182877803808, 27: 0.007082255275371809, 28: 0.008472933427549694, 29: 0.006278314186290171, 30: 0.010166378266653982, 31: 0.006788365173880553, 32: 0.0059574377796972125, 33: 0.00446643421477583, 34: 0.007863239078492495, 35: 0.006880894098086133, 36: 0.007726552192810016, 37: 0.007383988566204749, 38: 0.005918006988651715, 39: 0.005753337641532423, 40: 0.0066616126181889114, 41: 0.006894391173917961, 42: 0.006974589517666499, 43: 0.007998621985307233, 44: 0.005092457946805827, 45: 0.006326174745971273, 46: 0.006604826989834901, 47: 0.006550911787162068, 48: 0.008136041332193611, 49: 0.006864378699093629, 50: 0.006337950177438144, 51: 0.007581531580357609, 52: 0.00411289074781049, 53: 0.0064490613045697425, 54: 0.006110430770746716, 55: 0.007487488368082226, 56: 0.006047559186899358, 57: 0.007044144635790837, 58: 0.007630798940217176, 59: 0.0072982034230248275, 60: 0.006129983045734848, 61: 0.00919974697667942, 62: 0.00767410895157155, 63: 0.005974646635959815, 64: 0.006873863441482344, 65: 0.0071002863744242485, 66: 0.0076164313083197785, 67: 0.006909596551478289, 68: 0.008954778072125883, 69: 0.008255014463638993, 70: 0.004677757089042247, 71: 0.007209384570157456, 72: 0.007380910676554061, 73: 0.009251081578313038, 74: 0.010930053443763217}","[89, 88, 84, 84, 83, 83, 81, 80, 80, 79, 79, 79, 78, 77, 77, 77, 77, 77, 77, 77, 76, 76, 76, 76, 75, 75, 75, 74, 74, 74, 74, 74, 74, 74, 74, 73, 73, 73, 73, 72, 72, 72, 72, 72, 72, 72, 72, 72, 72, 72, 71, 70, 70, 70, 70, 70, 70, 70, 69, 69, 69, 68, 68, 67, 67, 67, 67, 65, 64, 63, 63, 62, 60, 59, 57]","dict_values([39, 44, 36, 43, 38, 46, 36, 34, 46, 46, 50, 48, 39, 43, 46, 40, 44, 41, 45, 44, 37, 43, 35, 40, 43, 47, 51, 42, 43, 45, 43, 46, 44, 49, 34, 33, 44, 46, 39, 37, 37, 39, 41, 42, 38, 48, 49, 40, 30, 43, 31, 43, 40, 43, 37, 45, 38, 39, 49, 43, 34, 30, 39, 44, 38, 45, 43, 36, 35, 36, 41, 48, 41, 50, 44])",0.05315298418865825
46,72.96,0.4938099094146249,"{0: 0.008360508950490952, 1: 0.0064564457816299265, 2: 0.007291641784540986, 3: 0.007337907381958444, 4: 0.008866489728416, 5: 0.006586877469673197, 6: 0.006937737119221052, 7: 0.0062923691307844665, 8: 0.0058412074701987065, 9: 0.005182751609820556, 10: 0.0062575208760845095, 11: 0.007349388776734394, 12: 0.008330806394352467, 13: 0.0061227904998035045, 14: 0.0070136507614982765, 15: 0.007591772285207458, 16: 0.0060447723871992955, 17: 0.004837821629042785, 18: 0.004597823108088917, 19: 0.006161850334356409, 20: 0.007149233123536596, 21: 0.008781361821958662, 22: 0.00587739539145431, 23: 0.005746694448281885, 24: 0.00762769196335676, 25: 0.005901731789674255, 26: 0.006726582831478583, 27: 0.0073399680248444526, 28: 0.008300769326001595, 29: 0.006094064459621065, 30: 0.01020157022781821, 31: 0.006679243805163782, 32: 0.0063275019207789844, 33: 0.0046441133702243825, 34: 0.007417711033622182, 35: 0.007140746609580675, 36: 0.007703367805190249, 37: 0.007248144568500515, 38: 0.005754881403321417, 39: 0.005749502430714948, 40: 0.0070411972852629815, 41: 0.006633440531280882, 42: 0.007380073507652425, 43: 0.007821133081141785, 44: 0.005104365214235873, 45: 0.006705549873482638, 46: 0.006632980721306086, 47: 0.006795530768421703, 48: 0.007935601721223833, 49: 0.006906403272845037, 50: 0.006566338124342278, 51: 0.007479316373397472, 52: 0.004216644245007484, 53: 0.006371043227977052, 54: 0.005915194217428942, 55: 0.007446454646963557, 56: 0.006054120811041197, 57: 0.007081163982920863, 58: 0.007216653554344001, 59: 0.007126722067687159, 60: 0.006245196114788967, 61: 0.008830256568842055, 62: 0.007849161636134272, 63: 0.005759040534680937, 64: 0.006703495061777989, 65: 0.00735916605659326, 66: 0.007475481348939383, 67: 0.006921324779081724, 68: 0.008926080457596656, 69: 0.00815456676264355, 70: 0.00484634994340053, 71: 0.007107526693699134, 72: 0.007337522403856897, 73: 0.009965140795924985, 74: 0.011133532232275634}","[90, 88, 88, 83, 83, 81, 81, 80, 80, 79, 79, 79, 77, 77, 77, 77, 76, 76, 76, 76, 76, 76, 76, 75, 75, 75, 75, 75, 75, 75, 74, 74, 74, 73, 73, 73, 73, 72, 72, 72, 72, 72, 72, 72, 72, 72, 72, 72, 71, 71, 71, 71, 71, 71, 70, 70, 70, 69, 69, 69, 68, 68, 68, 67, 67, 67, 66, 65, 64, 64, 63, 62, 60, 60, 58]","dict_values([39, 44, 36, 43, 38, 46, 36, 34, 46, 46, 50, 48, 39, 43, 46, 40, 44, 41, 45, 44, 37, 43, 35, 40, 43, 47, 51, 42, 43, 45, 43, 46, 44, 49, 34, 33, 44, 46, 39, 37, 37, 39, 41, 42, 38, 48, 49, 40, 30, 43, 31, 43, 40, 43, 37, 45, 38, 39, 49, 43, 34, 30, 39, 44, 38, 45, 43, 36, 35, 36, 41, 48, 41, 50, 44])",0.056436435569918925
46,72.90666666666667,0.4935333769068306,"{0: 0.008237494863532497, 1: 0.0064787335466504935, 2: 0.007688979062959241, 3: 0.006969982947785137, 4: 0.00877102830675491, 5: 0.006513056406605832, 6: 0.006782036379482951, 7: 0.0062071535343072885, 8: 0.006040209866840965, 9: 0.005397744362733934, 10: 0.006287159947765233, 11: 0.006676309503740312, 12: 0.00881455923226077, 13: 0.006076753111389565, 14: 0.007348532902781244, 15: 0.007632942214734321, 16: 0.0060432260300872925, 17: 0.004874419560117021, 18: 0.004602174492975782, 19: 0.006236317965311501, 20: 0.007339949240493808, 21: 0.009090352945981471, 22: 0.006133333449571081, 23: 0.005720351065270571, 24: 0.007605843176252338, 25: 0.005989846346852879, 26: 0.006752690284582229, 27: 0.007377171893692062, 28: 0.0084474282139584, 29: 0.0059885543243931244, 30: 0.010247707625610147, 31: 0.00670199819959793, 32: 0.006477673717753579, 33: 0.004289491721524582, 34: 0.0072147997872667085, 35: 0.007201864358910202, 36: 0.00741922180061912, 37: 0.007635616819541082, 38: 0.006166714019402115, 39: 0.005667025785628164, 40: 0.006952317695192047, 41: 0.00652835397163684, 42: 0.00758724371422212, 43: 0.00763311474376006, 44: 0.005306818618100997, 45: 0.006664547887513582, 46: 0.006695758634640118, 47: 0.0068060209548329855, 48: 0.007268829098239482, 49: 0.007218319372218832, 50: 0.006527658198613642, 51: 0.007648833765487588, 52: 0.004427214350210911, 53: 0.006263853315071239, 54: 0.00636998653243583, 55: 0.007456055608193876, 56: 0.005910990218825937, 57: 0.006874831446836921, 58: 0.007567813531834812, 59: 0.007014439925987232, 60: 0.006316226863121103, 61: 0.008876031403691894, 62: 0.007783811611635177, 63: 0.005702270414591073, 64: 0.006565076836551139, 65: 0.007625901033932233, 66: 0.00749563723026026, 67: 0.007154160596403715, 68: 0.008717316863588433, 69: 0.007844281743995922, 70: 0.004702486045644357, 71: 0.007204861247211584, 72: 0.0069717396539284065, 73: 0.009797887627844552, 74: 0.01066127192739783}","[88, 88, 87, 84, 82, 81, 81, 81, 81, 79, 78, 78, 77, 77, 77, 77, 77, 77, 76, 76, 76, 76, 76, 76, 76, 76, 75, 75, 75, 75, 74, 74, 73, 73, 73, 73, 72, 72, 72, 72, 72, 72, 72, 71, 71, 71, 71, 71, 71, 71, 71, 71, 71, 71, 70, 70, 70, 69, 69, 69, 68, 68, 68, 68, 67, 66, 66, 66, 64, 64, 63, 62, 61, 59, 58]","dict_values([39, 44, 36, 43, 38, 46, 36, 34, 46, 46, 50, 48, 39, 43, 46, 40, 44, 41, 45, 44, 37, 43, 35, 40, 43, 47, 51, 42, 43, 45, 43, 46, 44, 49, 34, 33, 44, 46, 39, 37, 37, 39, 41, 42, 38, 48, 49, 40, 30, 43, 31, 43, 40, 43, 37, 45, 38, 39, 49, 43, 34, 30, 39, 44, 38, 45, 43, 36, 35, 36, 41, 48, 41, 50, 44])",0.053564290259106764
46,73.38666666666667,0.4969439817375369,"{0: 0.007709955483514513, 1: 0.006235408153199085, 2: 0.007997109536568755, 3: 0.006907153593279308, 4: 0.008224533693309983, 5: 0.006478918400349457, 6: 0.006751297996504885, 7: 0.00638239155269207, 8: 0.005986091721134602, 9: 0.004994202705704926, 10: 0.006391947309523767, 11: 0.006629952247252645, 12: 0.009392043228722141, 13: 0.00556211635284308, 14: 0.007363902478471724, 15: 0.007762964042820633, 16: 0.0058213386564149785, 17: 0.0048986109928006874, 18: 0.004436693278917353, 19: 0.006400199330481633, 20: 0.007336183055054899, 21: 0.009543755692217638, 22: 0.0057466564968098035, 23: 0.005605919395302497, 24: 0.007622788690709894, 25: 0.005735352215682376, 26: 0.006850634933492333, 27: 0.00719381586234647, 28: 0.008541150139083667, 29: 0.00606846682540269, 30: 0.010255889555006233, 31: 0.006545185383195976, 32: 0.0068429710664611775, 33: 0.004235202605017987, 34: 0.007227986282841988, 35: 0.006921613419475248, 36: 0.007636164928629481, 37: 0.007638262102222399, 38: 0.006288707848572158, 39: 0.005631001656221081, 40: 0.006995649308637076, 41: 0.006399206428782803, 42: 0.0076652433826566195, 43: 0.007383051993553822, 44: 0.005388495369360201, 45: 0.006467179482756867, 46: 0.006772349499782776, 47: 0.006622782641718681, 48: 0.007622159588851302, 49: 0.0069236621663564335, 50: 0.00632008463597448, 51: 0.00737190459120538, 52: 0.004660328492290376, 53: 0.006162753837373959, 54: 0.006421235692591189, 55: 0.00800407695147047, 56: 0.005781025644329843, 57: 0.006940756798512218, 58: 0.00702302218821343, 59: 0.006715726898072388, 60: 0.006559613076087172, 61: 0.00866968925631167, 62: 0.007635129927003251, 63: 0.005622099620532661, 64: 0.006206595898072787, 65: 0.007903276004521684, 66: 0.007305142922813262, 67: 0.0072237894381498744, 68: 0.008220598257781795, 69: 0.007899853478299091, 70: 0.00495931162026072, 71: 0.0071070337344749865, 72: 0.006702431038303609, 73: 0.009782435413064606, 74: 0.010724078290440699}","[89, 89, 88, 86, 83, 83, 81, 81, 80, 79, 79, 79, 78, 78, 78, 78, 78, 78, 77, 77, 77, 77, 76, 76, 76, 76, 75, 75, 75, 74, 74, 74, 74, 73, 73, 73, 73, 73, 73, 73, 73, 72, 72, 72, 72, 72, 72, 72, 72, 72, 71, 71, 71, 71, 71, 71, 71, 69, 69, 69, 68, 67, 67, 67, 67, 67, 67, 65, 65, 65, 65, 61, 61, 59, 59]","dict_values([39, 44, 36, 43, 38, 46, 36, 34, 46, 46, 50, 48, 39, 43, 46, 40, 44, 41, 45, 44, 37, 43, 35, 40, 43, 47, 51, 42, 43, 45, 43, 46, 44, 49, 34, 33, 44, 46, 39, 37, 37, 39, 41, 42, 38, 48, 49, 40, 30, 43, 31, 43, 40, 43, 37, 45, 38, 39, 49, 43, 34, 30, 39, 44, 38, 45, 43, 36, 35, 36, 41, 48, 41, 50, 44])",0.05545095110532716
46,73.46666666666667,0.49742853621452204,"{0: 0.007974381481765318, 1: 0.0062234146760080595, 2: 0.007747684083759769, 3: 0.006957919934600396, 4: 0.007999253490142078, 5: 0.006520809860253733, 6: 0.006860756342049757, 7: 0.006398022218885017, 8: 0.006098347103264509, 9: 0.004969254133497556, 10: 0.006635912481360354, 11: 0.006556781665157014, 12: 0.009289227207534936, 13: 0.005785437705537259, 14: 0.007359605990903003, 15: 0.007739537282750042, 16: 0.005826421043012697, 17: 0.00522755582337909, 18: 0.0041738053966223435, 19: 0.005983786602758719, 20: 0.006853144429582815, 21: 0.009666532275702319, 22: 0.005672962502735346, 23: 0.005456072397526841, 24: 0.007217962882655491, 25: 0.005901456358654442, 26: 0.007054355932317948, 27: 0.007365677847254299, 28: 0.0084090804966298, 29: 0.006309755019461712, 30: 0.0102559131644877, 31: 0.006836299828423775, 32: 0.006854762682318903, 33: 0.004156339140096494, 34: 0.007242628297501906, 35: 0.007003875712870025, 36: 0.007876963228501168, 37: 0.0075465475979577985, 38: 0.006138109411321266, 39: 0.005643931367299962, 40: 0.006933617534009162, 41: 0.007004405465282167, 42: 0.00760365072077544, 43: 0.007935964623360102, 44: 0.0053661520722346505, 45: 0.006239474156319997, 46: 0.006677366471996661, 47: 0.006765717218305375, 48: 0.007388849000615772, 49: 0.006682775151061536, 50: 0.006125929885445846, 51: 0.0073738891517771375, 52: 0.004472134513838089, 53: 0.006308086888218225, 54: 0.006121063114618652, 55: 0.008025490987753483, 56: 0.006071529403844809, 57: 0.006730355660178329, 58: 0.007208608193441713, 59: 0.007029634783753994, 60: 0.006474516150959089, 61: 0.00868069102791763, 62: 0.007509318483604005, 63: 0.00540875296243721, 64: 0.00601550640570485, 65: 0.008049158385043734, 66: 0.007260278124417627, 67: 0.007537923999298866, 68: 0.008100113505583722, 69: 0.008162570949510478, 70: 0.004939925016399048, 71: 0.00696726046171935, 72: 0.006604178360365968, 73: 0.009347719952261519, 74: 0.010488068727846163}","[89, 88, 87, 87, 83, 83, 81, 81, 81, 81, 79, 79, 79, 78, 78, 78, 78, 77, 77, 77, 77, 76, 76, 76, 75, 75, 75, 75, 75, 75, 75, 75, 74, 74, 74, 73, 73, 73, 73, 73, 73, 73, 73, 72, 72, 72, 72, 72, 72, 72, 71, 71, 71, 71, 71, 70, 70, 70, 69, 69, 68, 68, 67, 67, 67, 67, 66, 66, 66, 66, 65, 60, 60, 59, 59]","dict_values([39, 44, 36, 43, 38, 46, 36, 34, 46, 46, 50, 48, 39, 43, 46, 40, 44, 41, 45, 44, 37, 43, 35, 40, 43, 47, 51, 42, 43, 45, 43, 46, 44, 49, 34, 33, 44, 46, 39, 37, 37, 39, 41, 42, 38, 48, 49, 40, 30, 43, 31, 43, 40, 43, 37, 45, 38, 39, 49, 43, 34, 30, 39, 44, 38, 45, 43, 36, 35, 36, 41, 48, 41, 50, 44])",0.05306965392077099
46,73.41333333333333,0.49721667058946867,"{0: 0.008094987869580433, 1: 0.006449560682516383, 2: 0.0078418235910145, 3: 0.006848058998554082, 4: 0.00782313448794055, 5: 0.006257562865292072, 6: 0.006762570484068099, 7: 0.006143418540981076, 8: 0.006262796624692975, 9: 0.004645358938572133, 10: 0.0067785312323083635, 11: 0.006719021650948156, 12: 0.009649675188322644, 13: 0.005592752698474773, 14: 0.007354589615668481, 15: 0.007704167599803059, 16: 0.006000054226050594, 17: 0.005189641152867394, 18: 0.00430503487743796, 19: 0.005815907474056914, 20: 0.007004273999661623, 21: 0.009893458846449536, 22: 0.005820339905372355, 23: 0.00535223296289702, 24: 0.0072252021184313975, 25: 0.0061104858595695, 26: 0.006837481875624013, 27: 0.007101810638427601, 28: 0.008047981130859937, 29: 0.006110808547303653, 30: 0.010089503417974287, 31: 0.006931320900265805, 32: 0.006688636795405688, 33: 0.004025189995296358, 34: 0.007115576645468994, 35: 0.0071353779431829354, 36: 0.007769289580453531, 37: 0.007485415839651239, 38: 0.0066605958900552605, 39: 0.0054053026342829585, 40: 0.00691396690070921, 41: 0.007259992700254595, 42: 0.008518947457954089, 43: 0.008142342689796262, 44: 0.005232977934045999, 45: 0.005864403849636815, 46: 0.007196510783414768, 47: 0.006303629191605847, 48: 0.007172338541443552, 49: 0.006678799710368583, 50: 0.006006909711516836, 51: 0.00718427719482469, 52: 0.004678708161759062, 53: 0.0065980769865449885, 54: 0.0058897515814209395, 55: 0.008438669054824145, 56: 0.005887085115493039, 57: 0.006536268776121272, 58: 0.007081265660351265, 59: 0.007342244291030942, 60: 0.005957643753909828, 61: 0.00838072549278826, 62: 0.007585647931813408, 63: 0.00527389131304385, 64: 0.006292761299888207, 65: 0.0079009244303024, 66: 0.007394563932585136, 67: 0.007770070652248037, 68: 0.008129268625394585, 69: 0.00813339508438524, 70: 0.004817808904892895, 71: 0.006961008798050379, 72: 0.00678638539514452, 73: 0.00939019092369924, 74: 0.011020808696340416}","[90, 88, 87, 87, 84, 83, 82, 81, 81, 80, 80, 80, 79, 78, 78, 78, 77, 77, 77, 77, 77, 76, 76, 76, 76, 76, 75, 75, 75, 75, 74, 74, 74, 74, 74, 74, 74, 74, 74, 74, 73, 73, 73, 73, 73, 72, 72, 71, 71, 71, 70, 70, 70, 70, 70, 69, 69, 69, 69, 69, 68, 68, 67, 67, 67, 67, 67, 66, 65, 65, 64, 61, 61, 58, 57]","dict_values([39, 44, 36, 43, 38, 46, 36, 34, 46, 46, 50, 48, 39, 43, 46, 40, 44, 41, 45, 44, 37, 43, 35, 40, 43, 47, 51, 42, 43, 45, 43, 46, 44, 49, 34, 33, 44, 46, 39, 37, 37, 39, 41, 42, 38, 48, 49, 40, 30, 43, 31, 43, 40, 43, 37, 45, 38, 39, 49, 43, 34, 30, 39, 44, 38, 45, 43, 36, 35, 36, 41, 48, 41, 50, 44])",0.05276652923884906
45,73.36,0.4967781775835572,"{0: 0.00801655392482368, 1: 0.006164596174811761, 2: 0.008085551357655192, 3: 0.0067821279863694624, 4: 0.007812927483630902, 5: 0.005923506993315929, 6: 0.0068725008001460424, 7: 0.006155584706390528, 8: 0.006497751379264485, 9: 0.004842663225255878, 10: 0.006240809697975547, 11: 0.006782357522226996, 12: 0.009537374999497049, 13: 0.005425546561188026, 14: 0.007016212529371792, 15: 0.007285643349622484, 16: 0.005982374375760569, 17: 0.005155537922021318, 18: 0.004467386056671741, 19: 0.005743774381455796, 20: 0.007205788234918135, 21: 0.009715672768810706, 22: 0.005925346138075732, 23: 0.005645376800759869, 24: 0.0074274764689063995, 25: 0.006482766567251524, 26: 0.0066405016665413005, 27: 0.006838808828848284, 28: 0.008150077700533769, 29: 0.006412794448736997, 30: 0.010131805880981646, 31: 0.007113311061875073, 32: 0.006695896032801872, 33: 0.0040497060972749166, 34: 0.006877399765905067, 35: 0.007201576006088714, 36: 0.007953339523790938, 37: 0.0076402277308833845, 38: 0.0066459528306851675, 39: 0.005396917196392952, 40: 0.007163076051548603, 41: 0.007431224997626252, 42: 0.008638957666041976, 43: 0.00825140889611847, 44: 0.0052225362941284255, 45: 0.005517341228359956, 46: 0.00712043296435654, 47: 0.006301268275048628, 48: 0.007127590010817939, 49: 0.006578138096817441, 50: 0.005857720641933974, 51: 0.007086525700830394, 52: 0.0045659417585869905, 53: 0.006468495187495906, 54: 0.005690431006019013, 55: 0.008278659091159466, 56: 0.006158071420242807, 57: 0.006467926340374994, 58: 0.007181413470473535, 59: 0.007046907454272065, 60: 0.005956881585140751, 61: 0.008495372608003645, 62: 0.008046776224864898, 63: 0.0053941308367965275, 64: 0.006394766902274664, 65: 0.007924464565353317, 66: 0.007151179367279454, 67: 0.007851324172644879, 68: 0.007914221997439887, 69: 0.008388359110046513, 70: 0.005176312460166304, 71: 0.007196000456567241, 72: 0.006867099727025934, 73: 0.009277430483462142, 74: 0.011011518873496055}","[90, 89, 86, 86, 84, 84, 81, 81, 81, 80, 80, 80, 79, 79, 79, 79, 78, 78, 77, 77, 77, 76, 76, 76, 76, 76, 75, 75, 75, 75, 74, 74, 74, 74, 74, 74, 74, 73, 73, 73, 73, 73, 72, 72, 72, 71, 71, 71, 71, 71, 70, 70, 70, 70, 69, 69, 69, 69, 68, 68, 68, 68, 67, 67, 67, 67, 66, 66, 66, 66, 65, 62, 60, 58, 58]","dict_values([39, 44, 36, 43, 38, 46, 36, 34, 46, 46, 50, 48, 39, 43, 46, 40, 44, 41, 45, 44, 37, 43, 35, 40, 43, 47, 51, 42, 43, 45, 43, 46, 44, 49, 34, 33, 44, 46, 39, 37, 37, 39, 41, 42, 38, 48, 49, 40, 30, 43, 31, 43, 40, 43, 37, 45, 38, 39, 49, 43, 34, 30, 39, 44, 38, 45, 43, 36, 35, 36, 41, 48, 41, 50, 44])",0.048485458709638135
45,73.36,0.49730319755277574,"{0: 0.00778324509858389, 1: 0.006170562587326375, 2: 0.007749627234020364, 3: 0.006545507313661595, 4: 0.007860342164652739, 5: 0.006216882170530058, 6: 0.00703567105617737, 7: 0.006014138093768261, 8: 0.006471674701010668, 9: 0.0048828228123939865, 10: 0.006067288839097436, 11: 0.006627475182079936, 12: 0.009504488540490788, 13: 0.005182731696071919, 14: 0.006682561299803471, 15: 0.00715925877506881, 16: 0.005808056627243418, 17: 0.005188607435817252, 18: 0.004662680232897014, 19: 0.006074684056821426, 20: 0.007586143312335442, 21: 0.009918913759641766, 22: 0.006140513506937342, 23: 0.005601317408321049, 24: 0.007462775613753431, 25: 0.006476735261459036, 26: 0.006997222369001164, 27: 0.007123081475290457, 28: 0.008664498056672212, 29: 0.006438061123444785, 30: 0.010489477153770212, 31: 0.007456297992648351, 32: 0.00682328221546536, 33: 0.004187747943095529, 34: 0.006515388094267706, 35: 0.007128655721071459, 36: 0.008007108299319773, 37: 0.007914352552826381, 38: 0.006356347400205361, 39: 0.005239078995212559, 40: 0.007544363933800608, 41: 0.007409264624999619, 42: 0.00863827612063915, 43: 0.008424795728090134, 44: 0.00519365632043527, 45: 0.0053029780196803085, 46: 0.0071619928505191255, 47: 0.006022514322528508, 48: 0.0070683730754677225, 49: 0.006487956789474398, 50: 0.005852121879545726, 51: 0.0068124184246675075, 52: 0.00463686729832761, 53: 0.006425100286654284, 54: 0.005818651775880444, 55: 0.008461951489705634, 56: 0.006273494603055541, 57: 0.006227320562330194, 58: 0.0068978472099009485, 59: 0.007093177446203369, 60: 0.005861452472015422, 61: 0.008493572380529953, 62: 0.008119649342642617, 63: 0.005178402847976338, 64: 0.006563496443990773, 65: 0.007925531681115679, 66: 0.0068221413966454095, 67: 0.007779990912011793, 68: 0.008001782993000157, 69: 0.008429479659716162, 70: 0.005384166945321524, 71: 0.007092576137165298, 72: 0.006549870375767184, 73: 0.008955974600259906, 74: 0.011014913978012747}","[91, 90, 87, 85, 84, 84, 83, 81, 81, 81, 80, 80, 80, 79, 79, 79, 79, 77, 77, 77, 77, 77, 76, 76, 75, 75, 75, 75, 74, 74, 74, 74, 74, 74, 74, 74, 73, 73, 73, 72, 72, 72, 72, 72, 72, 71, 71, 71, 71, 70, 70, 70, 70, 70, 69, 69, 69, 69, 68, 68, 68, 68, 67, 67, 67, 67, 67, 66, 66, 65, 64, 63, 60, 59, 59]","dict_values([39, 44, 36, 43, 38, 46, 36, 34, 46, 46, 50, 48, 39, 43, 46, 40, 44, 41, 45, 44, 37, 43, 35, 40, 43, 47, 51, 42, 43, 45, 43, 46, 44, 49, 34, 33, 44, 46, 39, 37, 37, 39, 41, 42, 38, 48, 49, 40, 30, 43, 31, 43, 40, 43, 37, 45, 38, 39, 49, 43, 34, 30, 39, 44, 38, 45, 43, 36, 35, 36, 41, 48, 41, 50, 44])",0.05700541001514142
44,73.01333333333334,0.4952991405064056,"{0: 0.007878924944686774, 1: 0.006448190013836999, 2: 0.007435638585652157, 3: 0.006396271018009036, 4: 0.007972606190259546, 5: 0.0061752021938308544, 6: 0.007118102591327951, 7: 0.00583903497211472, 8: 0.006772693546540841, 9: 0.004876437637403549, 10: 0.006216873757641364, 11: 0.006939632657849985, 12: 0.009798245958331389, 13: 0.00517898841441447, 14: 0.006805722187072656, 15: 0.007307045060144416, 16: 0.005567715543739951, 17: 0.005063504106792458, 18: 0.004403584838339205, 19: 0.005981627086955155, 20: 0.0075685911989998985, 21: 0.009934705232159717, 22: 0.0063871492810649065, 23: 0.005774280462289843, 24: 0.007820923167808014, 25: 0.0061262911323923495, 26: 0.006921981333477662, 27: 0.0072164691739046395, 28: 0.008159100762281705, 29: 0.006349487460017904, 30: 0.010221737479678363, 31: 0.007282736796991633, 32: 0.006845708820073297, 33: 0.004213045794747865, 34: 0.006495108872066199, 35: 0.00704916213469056, 36: 0.00813309349361603, 37: 0.0078418307103924, 38: 0.005913108829082001, 39: 0.0057935132504531965, 40: 0.007541260318222568, 41: 0.007384243368603547, 42: 0.009426236499016983, 43: 0.008245369713581144, 44: 0.005053475105269391, 45: 0.005319151969273673, 46: 0.007481317942735838, 47: 0.006184186827415723, 48: 0.007294359267005409, 49: 0.006603192308489786, 50: 0.00584872040883146, 51: 0.006637952408858172, 52: 0.0044819770479197826, 53: 0.006573301897526952, 54: 0.005876032181265649, 55: 0.008373280222951545, 56: 0.006627040143940112, 57: 0.0058551658216209205, 58: 0.006944722664259888, 59: 0.007284062769886774, 60: 0.0057612633930701025, 61: 0.008653016157756217, 62: 0.008275355790442078, 63: 0.005273470790557978, 64: 0.006718054493933508, 65: 0.007814265551586614, 66: 0.00717323074425586, 67: 0.00766559583480248, 68: 0.00831662382247153, 69: 0.008460455806234408, 70: 0.005450096463359419, 71: 0.0066433394111529084, 72: 0.006866497216314085, 73: 0.00923426363595457, 74: 0.010983300515780715}","[90, 89, 86, 86, 85, 85, 83, 80, 80, 80, 80, 79, 79, 79, 78, 78, 78, 78, 78, 77, 76, 76, 76, 75, 75, 75, 75, 75, 75, 74, 74, 74, 74, 74, 73, 73, 73, 72, 72, 72, 72, 72, 72, 72, 71, 71, 71, 70, 70, 70, 70, 70, 70, 70, 69, 69, 69, 69, 68, 68, 67, 67, 67, 66, 66, 66, 66, 66, 65, 65, 64, 61, 59, 59, 58]","dict_values([39, 44, 36, 43, 38, 46, 36, 34, 46, 46, 50, 48, 39, 43, 46, 40, 44, 41, 45, 44, 37, 43, 35, 40, 43, 47, 51, 42, 43, 45, 43, 46, 44, 49, 34, 33, 44, 46, 39, 37, 37, 39, 41, 42, 38, 48, 49, 40, 30, 43, 31, 43, 40, 43, 37, 45, 38, 39, 49, 43, 34, 30, 39, 44, 38, 45, 43, 36, 35, 36, 41, 48, 41, 50, 44])",0.0531645893815953
44,72.82666666666667,0.4945807782688085,"{0: 0.007920706836285889, 1: 0.006667711403270819, 2: 0.007449311651662967, 3: 0.006402137661831431, 4: 0.008276254936358793, 5: 0.005967801450559999, 6: 0.007260935128875481, 7: 0.0056143769644251855, 8: 0.006508616380981161, 9: 0.004791259056889214, 10: 0.006155394203620771, 11: 0.007031591714616205, 12: 0.009645415928071442, 13: 0.005226420034641138, 14: 0.007193157926575251, 15: 0.007679701613000108, 16: 0.005590480695382519, 17: 0.005135476935614443, 18: 0.004404831120844311, 19: 0.0062254431073572964, 20: 0.007452846629106937, 21: 0.00995670210820699, 22: 0.006662883465843445, 23: 0.005635553063665911, 24: 0.007914836428207717, 25: 0.0060269313428697145, 26: 0.0068199745247511335, 27: 0.007416580998102508, 28: 0.00822998444907771, 29: 0.0065124951339570305, 30: 0.010292279607227662, 31: 0.007197101125886089, 32: 0.007072491556816942, 33: 0.004039978272574404, 34: 0.0065521155664674926, 35: 0.006915868488188614, 36: 0.007851471718416696, 37: 0.007894940698639335, 38: 0.005677212036935925, 39: 0.005730848916103351, 40: 0.0074758594871371055, 41: 0.007424920672242045, 42: 0.00935463458352688, 43: 0.008140876388556586, 44: 0.005365366632833513, 45: 0.005493083576556977, 46: 0.007513731041588782, 47: 0.006225183801880418, 48: 0.007201479991847607, 49: 0.006772473222466451, 50: 0.005639472866683419, 51: 0.006429158642382339, 52: 0.004611149764884219, 53: 0.006838880869404307, 54: 0.005780995086131233, 55: 0.008238472180627432, 56: 0.00680716794858639, 57: 0.005616540497622505, 58: 0.006986310961971753, 59: 0.007323324085891407, 60: 0.00549572939461075, 61: 0.008635655043074663, 62: 0.008391694313779122, 63: 0.004963488908162871, 64: 0.006615831884533281, 65: 0.008300413675273004, 66: 0.007111449860114386, 67: 0.007813608822657728, 68: 0.008695648425630002, 69: 0.008565674580203523, 70: 0.0053763163125923105, 71: 0.006697655791036016, 72: 0.006929501655832719, 73: 0.008928758508285523, 74: 0.011083131209271686}","[90, 89, 86, 85, 84, 84, 84, 80, 80, 80, 80, 80, 79, 79, 78, 78, 78, 78, 78, 77, 76, 76, 76, 76, 75, 75, 74, 74, 74, 74, 74, 74, 73, 73, 73, 73, 73, 73, 73, 73, 72, 72, 72, 72, 72, 72, 70, 70, 70, 70, 69, 69, 69, 69, 69, 69, 69, 68, 67, 67, 67, 66, 66, 66, 66, 66, 66, 65, 65, 65, 64, 61, 59, 57, 57]","dict_values([39, 44, 36, 43, 38, 46, 36, 34, 46, 46, 50, 48, 39, 43, 46, 40, 44, 41, 45, 44, 37, 43, 35, 40, 43, 47, 51, 42, 43, 45, 43, 46, 44, 49, 34, 33, 44, 46, 39, 37, 37, 39, 41, 42, 38, 48, 49, 40, 30, 43, 31, 43, 40, 43, 37, 45, 38, 39, 49, 43, 34, 30, 39, 44, 38, 45, 43, 36, 35, 36, 41, 48, 41, 50, 44])",0.05376891786278511
44,72.66666666666667,0.49383451875081363,"{0: 0.008031073245378493, 1: 0.00691496961907788, 2: 0.007543597604557835, 3: 0.0063346864287688555, 4: 0.008302881878036603, 5: 0.006240021080450539, 6: 0.007584769722232177, 7: 0.005408821498472053, 8: 0.0065086811038556035, 9: 0.0046611137616445275, 10: 0.00640009670149354, 11: 0.007219236384952812, 12: 0.009532671671074616, 13: 0.005429260773190393, 14: 0.007009420135347601, 15: 0.007647839011180888, 16: 0.0050618988589033525, 17: 0.004778463516711102, 18: 0.004311795741944305, 19: 0.006335535299927314, 20: 0.007284325860048575, 21: 0.009953923591325516, 22: 0.00663613245176934, 23: 0.005995593638946303, 24: 0.007675286561853021, 25: 0.005681500305078478, 26: 0.006699779485797201, 27: 0.007281290948472104, 28: 0.00851608628163841, 29: 0.0065888478727976684, 30: 0.010526915822499639, 31: 0.007073246082918189, 32: 0.00667517338258516, 33: 0.004256259516759992, 34: 0.006418039515971125, 35: 0.006786994329363698, 36: 0.007918779984504541, 37: 0.008062210593219068, 38: 0.005560058763807252, 39: 0.005463212987737707, 40: 0.007390473981922759, 41: 0.0070505627421096236, 42: 0.009170227346125583, 43: 0.007868231823437228, 44: 0.005553311383831333, 45: 0.005681900315781661, 46: 0.007493117196558873, 47: 0.006665044180365336, 48: 0.007442336765290063, 49: 0.00683063380088391, 50: 0.005756764112216672, 51: 0.006576320825076946, 52: 0.004504557837156162, 53: 0.006637314437026532, 54: 0.005717183972005228, 55: 0.008263405159565017, 56: 0.007302060571211812, 57: 0.0055732778553397, 58: 0.0070301186651128295, 59: 0.007572039944192987, 60: 0.005348911344945571, 61: 0.008470180390708662, 62: 0.008550666814557871, 63: 0.0052888470380685944, 64: 0.007069684711105849, 65: 0.008480684497630961, 66: 0.007465914006364517, 67: 0.0075508776281034765, 68: 0.008488699582326053, 69: 0.008862862172632525, 70: 0.005602231953980801, 71: 0.006530410407635589, 72: 0.006990483858899496, 73: 0.009006493120892859, 74: 0.01085813885326917}","[89, 89, 85, 85, 84, 83, 83, 81, 81, 80, 80, 79, 79, 78, 78, 78, 77, 77, 77, 77, 77, 76, 76, 75, 75, 75, 75, 75, 74, 74, 74, 74, 74, 73, 73, 73, 72, 72, 72, 72, 72, 72, 72, 72, 71, 71, 71, 71, 71, 71, 70, 70, 70, 69, 69, 68, 68, 68, 68, 68, 67, 67, 67, 66, 65, 65, 65, 64, 64, 63, 62, 60, 58, 58, 56]","dict_values([39, 44, 36, 43, 38, 46, 36, 34, 46, 46, 50, 48, 39, 43, 46, 40, 44, 41, 45, 44, 37, 43, 35, 40, 43, 47, 51, 42, 43, 45, 43, 46, 44, 49, 34, 33, 44, 46, 39, 37, 37, 39, 41, 42, 38, 48, 49, 40, 30, 43, 31, 43, 40, 43, 37, 45, 38, 39, 49, 43, 34, 30, 39, 44, 38, 45, 43, 36, 35, 36, 41, 48, 41, 50, 44])",0.0497936537328508
44,72.53333333333333,0.4930881514015037,"{0: 0.008092737887580782, 1: 0.006597089273029045, 2: 0.0077776880830864245, 3: 0.006194510217316606, 4: 0.007576565160635969, 5: 0.006601837929224032, 6: 0.007587106194765786, 7: 0.005339831657189775, 8: 0.00662618746855926, 9: 0.004373754095955477, 10: 0.0062539688164495524, 11: 0.007072174421227349, 12: 0.01011206793008648, 13: 0.005597956569057014, 14: 0.006900689139450158, 15: 0.00795816563798632, 16: 0.005295727387681323, 17: 0.004996560078607643, 18: 0.004323662331486923, 19: 0.00633866860472044, 20: 0.007458193026501979, 21: 0.010031971224097335, 22: 0.006542508299382365, 23: 0.005788633927588353, 24: 0.007563568751394537, 25: 0.00577026155533678, 26: 0.006530847092812068, 27: 0.007264257828481232, 28: 0.008386916559543793, 29: 0.006734312898777023, 30: 0.010348027957499785, 31: 0.00715798921713008, 32: 0.006898198498117794, 33: 0.004402139961135375, 34: 0.006516955163972091, 35: 0.0069173414148212455, 36: 0.008103202920205945, 37: 0.008590469354046861, 38: 0.005266888180351528, 39: 0.005699710986799171, 40: 0.0073842532282824965, 41: 0.007147219261146364, 42: 0.00886704321956952, 43: 0.007710072630078143, 44: 0.005915448561408095, 45: 0.005591445098227526, 46: 0.007182267722066819, 47: 0.006493103528351861, 48: 0.0074860143131924555, 49: 0.0068420337508692955, 50: 0.005665890681218008, 51: 0.006559969890530664, 52: 0.0045841889027980745, 53: 0.006545739793485513, 54: 0.005708894463664569, 55: 0.008255173206105299, 56: 0.007312314245588511, 57: 0.00532905994449325, 58: 0.007052208008723208, 59: 0.007683767486294917, 60: 0.005548535572845932, 61: 0.00915540444854422, 62: 0.008583655319533399, 63: 0.005164453308589443, 64: 0.006669565173829621, 65: 0.008506379802866825, 66: 0.007396436834062799, 67: 0.007143509605845884, 68: 0.008774324149726032, 69: 0.008865995491126299, 70: 0.005810619002159785, 71: 0.00711861626484842, 72: 0.0065766927512914755, 73: 0.00928457674341489, 74: 0.010375828321118339}","[88, 87, 85, 85, 84, 84, 84, 81, 81, 80, 80, 80, 79, 79, 79, 78, 78, 77, 77, 76, 76, 76, 76, 75, 75, 75, 74, 74, 74, 74, 74, 73, 73, 73, 73, 72, 72, 72, 72, 72, 72, 72, 72, 72, 71, 71, 71, 71, 70, 70, 69, 69, 69, 69, 69, 69, 68, 68, 67, 67, 67, 67, 67, 66, 66, 65, 65, 64, 63, 63, 63, 60, 59, 58, 54]","dict_values([39, 44, 36, 43, 38, 46, 36, 34, 46, 46, 50, 48, 39, 43, 46, 40, 44, 41, 45, 44, 37, 43, 35, 40, 43, 47, 51, 42, 43, 45, 43, 46, 44, 49, 34, 33, 44, 46, 39, 37, 37, 39, 41, 42, 38, 48, 49, 40, 30, 43, 31, 43, 40, 43, 37, 45, 38, 39, 49, 43, 34, 30, 39, 44, 38, 45, 43, 36, 35, 36, 41, 48, 41, 50, 44])",0.05071745242214527
45,72.56,0.49309761379158695,"{0: 0.008222256509804838, 1: 0.006870734584970449, 2: 0.007708493746323328, 3: 0.006336630590231423, 4: 0.0077846476101818204, 5: 0.006312245502527817, 6: 0.0073988387229031085, 7: 0.005531685721677055, 8: 0.006493991276865041, 9: 0.004472335271837684, 10: 0.006131154400673021, 11: 0.0068377730666162395, 12: 0.010166084904587456, 13: 0.005569925037644922, 14: 0.0072780839009387605, 15: 0.008097026964840237, 16: 0.0052713701883669506, 17: 0.004810232213299489, 18: 0.004665746605427076, 19: 0.006209820958366808, 20: 0.007360129113033115, 21: 0.010279123076433276, 22: 0.006601804682076539, 23: 0.00550468364122481, 24: 0.007629635493123218, 25: 0.005820898449482556, 26: 0.006988432647932591, 27: 0.0070745565636984205, 28: 0.008362596899890763, 29: 0.0067198918281581, 30: 0.010015006613333127, 31: 0.007125341377567731, 32: 0.007023304843338403, 33: 0.004578432872675446, 34: 0.0063649746996926534, 35: 0.006377867527261497, 36: 0.008238089180224962, 37: 0.008493376720063586, 38: 0.005374299367281006, 39: 0.005806888231542619, 40: 0.006959487734108639, 41: 0.007132905681804923, 42: 0.009223430480131134, 43: 0.007758634194780095, 44: 0.006120363826297507, 45: 0.005901646266114169, 46: 0.007194174530109465, 47: 0.006724565312834977, 48: 0.007779897627548417, 49: 0.006829768381185884, 50: 0.005668024205504928, 51: 0.006542656426535946, 52: 0.004784050109870008, 53: 0.006677534044948003, 54: 0.005960644682255235, 55: 0.007856630023832765, 56: 0.007288045843261243, 57: 0.0051368554907176905, 58: 0.007142604705212133, 59: 0.007538062290830765, 60: 0.005283403721662619, 61: 0.009153918385884533, 62: 0.008481825238928974, 63: 0.004981729772562443, 64: 0.006400425097812215, 65: 0.008729580080688895, 66: 0.007251608719871287, 67: 0.006992232750659913, 68: 0.008108614280289137, 69: 0.008838243671387103, 70: 0.00567607276934891, 71: 0.007340770104319175, 72: 0.0064797977565964554, 73: 0.009428109240773572, 74: 0.010420202749729756}","[87, 87, 86, 86, 85, 84, 81, 81, 81, 81, 80, 80, 80, 79, 79, 78, 77, 77, 76, 76, 76, 76, 76, 75, 75, 75, 74, 74, 74, 74, 74, 74, 74, 73, 73, 73, 72, 72, 72, 72, 72, 72, 72, 71, 71, 71, 70, 70, 70, 69, 69, 69, 69, 69, 69, 68, 68, 68, 68, 68, 68, 67, 66, 66, 66, 65, 64, 64, 63, 62, 62, 62, 60, 60, 55]","dict_values([39, 44, 36, 43, 38, 46, 36, 34, 46, 46, 50, 48, 39, 43, 46, 40, 44, 41, 45, 44, 37, 43, 35, 40, 43, 47, 51, 42, 43, 45, 43, 46, 44, 49, 34, 33, 44, 46, 39, 37, 37, 39, 41, 42, 38, 48, 49, 40, 30, 43, 31, 43, 40, 43, 37, 45, 38, 39, 49, 43, 34, 30, 39, 44, 38, 45, 43, 36, 35, 36, 41, 48, 41, 50, 44])",0.05367848931385753
45,72.64,0.4932696068036375,"{0: 0.008220589249430704, 1: 0.006448398192435892, 2: 0.007487393823794664, 3: 0.006257610372888048, 4: 0.007852942113076827, 5: 0.00626017394725852, 6: 0.007949773998407262, 7: 0.005515043750118475, 8: 0.006525619384662238, 9: 0.004205603830203003, 10: 0.005768715544622245, 11: 0.006796143800377568, 12: 0.010156658320300707, 13: 0.0056993173589238375, 14: 0.0071761500960194164, 15: 0.008100455158930804, 16: 0.005296502155248472, 17: 0.0046423961449106235, 18: 0.004831804179193057, 19: 0.006290355151881492, 20: 0.007759204139316571, 21: 0.010801003074796083, 22: 0.006535509229095505, 23: 0.005482156192832559, 24: 0.007430336828257726, 25: 0.00600654692096721, 26: 0.007122244418154409, 27: 0.006701200322485324, 28: 0.008147769619653304, 29: 0.0067999889122950866, 30: 0.009730621400596178, 31: 0.00698556200502495, 32: 0.007152992446536487, 33: 0.004595569596510164, 34: 0.006631548219206469, 35: 0.006704137317735014, 36: 0.007976528096024704, 37: 0.008295606448535948, 38: 0.005111864153674224, 39: 0.006045138625317984, 40: 0.00715938142084484, 41: 0.007088868262127662, 42: 0.009475627169933153, 43: 0.007765021547961471, 44: 0.005830767731904668, 45: 0.006107457875698599, 46: 0.007109711043196556, 47: 0.007323777433057871, 48: 0.007531276412055869, 49: 0.006753318095697503, 50: 0.00564219715263465, 51: 0.006567658854191843, 52: 0.004980052500910494, 53: 0.006720744890975902, 54: 0.00601514562831779, 55: 0.007625086365668599, 56: 0.007078789193530283, 57: 0.005079960866799438, 58: 0.007374193708437218, 59: 0.0072599077360720535, 60: 0.005218139855201839, 61: 0.009428802213701471, 62: 0.008399312685272758, 63: 0.005146776531531826, 64: 0.006779892557603137, 65: 0.008189480414401023, 66: 0.00786654416467561, 67: 0.006988267829186444, 68: 0.007645711370012609, 69: 0.008668843866698785, 70: 0.005626583265965113, 71: 0.007027330254929538, 72: 0.0064632815860929975, 73: 0.009337527978368454, 74: 0.010366964930740671}","[88, 87, 86, 86, 85, 84, 81, 80, 80, 80, 79, 79, 79, 79, 79, 79, 77, 77, 77, 76, 76, 75, 75, 75, 75, 75, 75, 75, 75, 74, 74, 74, 74, 74, 73, 73, 73, 72, 72, 72, 72, 72, 72, 71, 71, 71, 71, 70, 70, 70, 70, 69, 69, 69, 69, 69, 69, 69, 68, 68, 67, 67, 67, 66, 66, 66, 64, 63, 63, 63, 62, 61, 61, 60, 54]","dict_values([39, 44, 36, 43, 38, 46, 36, 34, 46, 46, 50, 48, 39, 43, 46, 40, 44, 41, 45, 44, 37, 43, 35, 40, 43, 47, 51, 42, 43, 45, 43, 46, 44, 49, 34, 33, 44, 46, 39, 37, 37, 39, 41, 42, 38, 48, 49, 40, 30, 43, 31, 43, 40, 43, 37, 45, 38, 39, 49, 43, 34, 30, 39, 44, 38, 45, 43, 36, 35, 36, 41, 48, 41, 50, 44])",0.05084798527689909
45,72.66666666666667,0.4934400482773491,"{0: 0.008423069339555413, 1: 0.00652764811788962, 2: 0.007538923756850459, 3: 0.006469889203486515, 4: 0.00763238085322341, 5: 0.006162207791040306, 6: 0.007699379213597184, 7: 0.005725052860881946, 8: 0.006545825788973947, 9: 0.004213580224352062, 10: 0.006050736288514389, 11: 0.007019492718270067, 12: 0.010215075882618767, 13: 0.00555299665571367, 14: 0.0069144415150353715, 15: 0.00813868423782944, 16: 0.005829683429007654, 17: 0.005345097638278758, 18: 0.004665904221691738, 19: 0.005993605932096942, 20: 0.00790808231649121, 21: 0.010770440998732105, 22: 0.006584524766416474, 23: 0.0052337088931638616, 24: 0.006939718708712228, 25: 0.005916522674108139, 26: 0.006977372395907905, 27: 0.006727888040470778, 28: 0.008214538354371555, 29: 0.0069299597577289615, 30: 0.010229041535691558, 31: 0.007427474577269045, 32: 0.0070105297307611805, 33: 0.004638427519072209, 34: 0.0061526277640833685, 35: 0.006828160515703538, 36: 0.007910019781805644, 37: 0.007813957445418938, 38: 0.005245521529390416, 39: 0.006068712723457869, 40: 0.007059980020102627, 41: 0.007037215396194332, 42: 0.00926180030543335, 43: 0.007845840514086447, 44: 0.005612604346626766, 45: 0.00616839008277929, 46: 0.007031300433432412, 47: 0.007140598478197391, 48: 0.007775525406272751, 49: 0.007005923177443025, 50: 0.005909167527697612, 51: 0.006432295826143844, 52: 0.004591179284073942, 53: 0.007439004749088629, 54: 0.00600836580285159, 55: 0.007088315286147778, 56: 0.007003903152516417, 57: 0.005023659310995106, 58: 0.0073754876470653275, 59: 0.0067507562719723, 60: 0.005048768381611534, 61: 0.009461551334814066, 62: 0.008067333325049771, 63: 0.0052362746095633616, 64: 0.007009101606050315, 65: 0.008295216555270813, 66: 0.0076832060765235485, 67: 0.006655351628090854, 68: 0.0075644455798493495, 69: 0.008495030429146152, 70: 0.005649003788262861, 71: 0.006943919369098774, 72: 0.007098574136805944, 73: 0.009372473608492636, 74: 0.010621992165210148}","[88, 88, 87, 85, 85, 84, 81, 81, 80, 80, 79, 79, 79, 79, 78, 78, 77, 76, 76, 76, 76, 76, 75, 75, 75, 75, 75, 74, 74, 74, 74, 74, 73, 73, 73, 73, 73, 73, 73, 73, 73, 72, 72, 71, 71, 71, 71, 71, 71, 70, 70, 70, 69, 69, 69, 69, 69, 68, 68, 68, 68, 67, 67, 67, 67, 66, 65, 65, 62, 62, 61, 61, 60, 59, 54]","dict_values([39, 44, 36, 43, 38, 46, 36, 34, 46, 46, 50, 48, 39, 43, 46, 40, 44, 41, 45, 44, 37, 43, 35, 40, 43, 47, 51, 42, 43, 45, 43, 46, 44, 49, 34, 33, 44, 46, 39, 37, 37, 39, 41, 42, 38, 48, 49, 40, 30, 43, 31, 43, 40, 43, 37, 45, 38, 39, 49, 43, 34, 30, 39, 44, 38, 45, 43, 36, 35, 36, 41, 48, 41, 50, 44])",0.0504851780153186
44,72.61333333333333,0.493515551297714,"{0: 0.00834086155358987, 1: 0.006528680049948514, 2: 0.0077464835737991716, 3: 0.006046268959207793, 4: 0.007888726666231652, 5: 0.006067958105287703, 6: 0.007670877519141656, 7: 0.005874178173255797, 8: 0.006394699621539272, 9: 0.004234161447126835, 10: 0.005877310510064004, 11: 0.00702142767302774, 12: 0.009876167750770649, 13: 0.005378649746067191, 14: 0.006886611208290703, 15: 0.008470804859764336, 16: 0.005698218600096339, 17: 0.0056002306341079175, 18: 0.004705707622354496, 19: 0.005887931280231977, 20: 0.008410403522328457, 21: 0.010779775938764788, 22: 0.006357093572546133, 23: 0.0054887724387083425, 24: 0.0071930313155974005, 25: 0.00562155944488083, 26: 0.007450834327082604, 27: 0.006588835449736329, 28: 0.008272607044898135, 29: 0.0071254193269194325, 30: 0.010237331697773147, 31: 0.007245331590567099, 32: 0.006690622744948603, 33: 0.004937566555192951, 34: 0.0061904565239188965, 35: 0.0069993126768539285, 36: 0.007928251599819613, 37: 0.00783285852724277, 38: 0.005162789929358732, 39: 0.006067691700283131, 40: 0.007413564391574444, 41: 0.007002280591205678, 42: 0.009561365260446434, 43: 0.007830846028770558, 44: 0.00560855878933229, 45: 0.006332717566135351, 46: 0.007343396848741747, 47: 0.007528327284120641, 48: 0.008047770544668433, 49: 0.007058317480865546, 50: 0.006177234960128626, 51: 0.006473742875102105, 52: 0.004439766665775941, 53: 0.007043285640803645, 54: 0.005838356668788522, 55: 0.006882506725027573, 56: 0.0067762410872598275, 57: 0.005002678790694078, 58: 0.007596377595063364, 59: 0.007034302651713101, 60: 0.005036267494410056, 61: 0.009158825196414252, 62: 0.008115444328448214, 63: 0.005095333123990796, 64: 0.007308171898984736, 65: 0.00845743373146666, 66: 0.0072157199057287, 67: 0.006315330377478867, 68: 0.007111426223351954, 69: 0.008511427295028568, 70: 0.005303171897006271, 71: 0.006134330852832165, 72: 0.007131060868347062, 73: 0.009660515891687042, 74: 0.011002095544853083}","[90, 88, 87, 86, 86, 82, 81, 81, 80, 80, 80, 79, 79, 78, 78, 77, 77, 77, 77, 77, 77, 76, 76, 76, 75, 75, 75, 75, 75, 74, 74, 74, 74, 73, 73, 73, 73, 73, 73, 73, 72, 72, 72, 71, 71, 71, 71, 70, 70, 70, 70, 69, 68, 68, 68, 68, 68, 68, 68, 68, 67, 67, 66, 66, 66, 65, 64, 63, 63, 62, 62, 62, 61, 58, 54]","dict_values([39, 44, 36, 43, 38, 46, 36, 34, 46, 46, 50, 48, 39, 43, 46, 40, 44, 41, 45, 44, 37, 43, 35, 40, 43, 47, 51, 42, 43, 45, 43, 46, 44, 49, 34, 33, 44, 46, 39, 37, 37, 39, 41, 42, 38, 48, 49, 40, 30, 43, 31, 43, 40, 43, 37, 45, 38, 39, 49, 43, 34, 30, 39, 44, 38, 45, 43, 36, 35, 36, 41, 48, 41, 50, 44])",0.04866192682160064
44,72.29333333333334,0.4912785010999142,"{0: 0.008073567947620985, 1: 0.00644966264036153, 2: 0.007776242357938872, 3: 0.006194421090531286, 4: 0.00818916745375825, 5: 0.00594164405731429, 6: 0.0072976070979556325, 7: 0.006048762929212923, 8: 0.006340562173677546, 9: 0.004221612353604344, 10: 0.005723568341794354, 11: 0.007267978832149406, 12: 0.009914158072717841, 13: 0.0053487662004255915, 14: 0.006767325072971913, 15: 0.009152255340409672, 16: 0.00559610956527598, 17: 0.0056233947249338, 18: 0.004723708994690764, 19: 0.006016990788121039, 20: 0.008499451673833619, 21: 0.010458658378508517, 22: 0.006817661763878219, 23: 0.005680698143223424, 24: 0.007140838123047488, 25: 0.00552721462603381, 26: 0.0068940713439088, 27: 0.006599172837629269, 28: 0.008033696271606054, 29: 0.007195810012209022, 30: 0.010189009615381689, 31: 0.007161169619798524, 32: 0.006503697082420349, 33: 0.004940816905553051, 34: 0.0063840728232628634, 35: 0.007143133200170546, 36: 0.00808090802910484, 37: 0.007724207658510035, 38: 0.005271115035809934, 39: 0.005948902375353682, 40: 0.0072982848866590695, 41: 0.007087755497262839, 42: 0.009870641849587193, 43: 0.007967508149014235, 44: 0.00548659302783982, 45: 0.006569914673907653, 46: 0.007353767426777804, 47: 0.007394965778876928, 48: 0.007980813693947836, 49: 0.0071746195716079425, 50: 0.006467567837131292, 51: 0.006246215106170461, 52: 0.004680327648197772, 53: 0.007411944148531905, 54: 0.0058173577699553594, 55: 0.006822558678928697, 56: 0.006822562570960188, 57: 0.00514104900962818, 58: 0.007739323995347981, 59: 0.007364566614767259, 60: 0.005080028527129117, 61: 0.009131946462054546, 62: 0.00832180984891723, 63: 0.005059499760339255, 64: 0.007418888040779189, 65: 0.008596979679325925, 66: 0.007104598184729823, 67: 0.006552897154333811, 68: 0.007012465147798111, 69: 0.00926576273854941, 70: 0.0053799645056507184, 71: 0.005973450765384099, 72: 0.006859550480712409, 73: 0.009585964913646874, 74: 0.01064213834008405}","[88, 87, 87, 86, 85, 82, 81, 81, 81, 80, 80, 79, 78, 78, 78, 78, 77, 77, 77, 77, 76, 76, 76, 75, 75, 74, 74, 74, 74, 73, 73, 73, 73, 73, 73, 73, 73, 72, 72, 72, 72, 72, 72, 72, 71, 71, 71, 70, 70, 70, 69, 69, 68, 68, 68, 68, 68, 67, 67, 67, 67, 66, 66, 65, 65, 64, 64, 63, 62, 62, 62, 62, 61, 59, 53]","dict_values([39, 44, 36, 43, 38, 46, 36, 34, 46, 46, 50, 48, 39, 43, 46, 40, 44, 41, 45, 44, 37, 43, 35, 40, 43, 47, 51, 42, 43, 45, 43, 46, 44, 49, 34, 33, 44, 46, 39, 37, 37, 39, 41, 42, 38, 48, 49, 40, 30, 43, 31, 43, 40, 43, 37, 45, 38, 39, 49, 43, 34, 30, 39, 44, 38, 45, 43, 36, 35, 36, 41, 48, 41, 50, 44])",0.05092672025836788
45,72.4,0.4912932116384173,"{0: 0.007851108664088623, 1: 0.006289726246137809, 2: 0.0075946461188287386, 3: 0.00635061565114624, 4: 0.008015693052693349, 5: 0.006080847376393671, 6: 0.007108324126511574, 7: 0.006073226282435103, 8: 0.006275657878678121, 9: 0.004312772603451764, 10: 0.005819213619739936, 11: 0.007558626384639764, 12: 0.010333854822217443, 13: 0.005488864308636596, 14: 0.007051164042262449, 15: 0.009332944019787693, 16: 0.005707887557328811, 17: 0.005523510977117811, 18: 0.004754027034373351, 19: 0.005667861670126028, 20: 0.008270250904899265, 21: 0.009853651790035223, 22: 0.006582560260767769, 23: 0.0054610072611242745, 24: 0.007549995098517636, 25: 0.005485610915152692, 26: 0.006580094114200089, 27: 0.0068625558687419345, 28: 0.008141280590953945, 29: 0.007083221137610587, 30: 0.010653100663588563, 31: 0.007582020012438937, 32: 0.006417176792133006, 33: 0.004875384926203077, 34: 0.006101197991673081, 35: 0.006938092777095181, 36: 0.008427929121729981, 37: 0.007375635503663589, 38: 0.005273761768148353, 39: 0.005919854473303558, 40: 0.0073849641190888255, 41: 0.007189526895108865, 42: 0.009579354798481614, 43: 0.00792681316756645, 44: 0.0055631238250607295, 45: 0.006378519670558641, 46: 0.0072212943716178975, 47: 0.006989332749922673, 48: 0.008288230924173743, 49: 0.007404502967344903, 50: 0.006541192120747068, 51: 0.006196913749751755, 52: 0.004868136530090497, 53: 0.007156078689638122, 54: 0.0058046128505455825, 55: 0.006865958980265671, 56: 0.007204746591055707, 57: 0.005244964645596564, 58: 0.007643031424140901, 59: 0.007321710564724854, 60: 0.0050255366156513465, 61: 0.008887085942622063, 62: 0.00826894179025866, 63: 0.005109363467623347, 64: 0.007386969139596474, 65: 0.00843843095277968, 66: 0.007105496558146022, 67: 0.006742794408085757, 68: 0.007417764013388163, 69: 0.009408301680611972, 70: 0.0053363103371618335, 71: 0.0058770937571073845, 72: 0.006523482119296167, 73: 0.009567754847734084, 74: 0.010312337871233963}","[88, 87, 86, 85, 85, 84, 82, 81, 80, 80, 79, 79, 79, 79, 78, 78, 78, 77, 77, 77, 76, 76, 76, 76, 75, 74, 74, 74, 74, 74, 74, 74, 73, 73, 73, 73, 72, 72, 72, 72, 72, 71, 71, 71, 71, 71, 70, 70, 70, 70, 70, 70, 68, 68, 68, 68, 68, 68, 67, 67, 67, 66, 66, 66, 65, 64, 64, 63, 62, 62, 62, 62, 62, 60, 54]","dict_values([39, 44, 36, 43, 38, 46, 36, 34, 46, 46, 50, 48, 39, 43, 46, 40, 44, 41, 45, 44, 37, 43, 35, 40, 43, 47, 51, 42, 43, 45, 43, 46, 44, 49, 34, 33, 44, 46, 39, 37, 37, 39, 41, 42, 38, 48, 49, 40, 30, 43, 31, 43, 40, 43, 37, 45, 38, 39, 49, 43, 34, 30, 39, 44, 38, 45, 43, 36, 35, 36, 41, 48, 41, 50, 44])",0.052138145287927054
45,72.21333333333334,0.4900586079307489,"{0: 0.007935776363809365, 1: 0.00643793178232223, 2: 0.007241310977955073, 3: 0.0067040818958032525, 4: 0.008017766396309377, 5: 0.0063399381752156665, 6: 0.0070342652450542985, 7: 0.005961780442259652, 8: 0.006574775244937334, 9: 0.00427606845907858, 10: 0.005733288163355997, 11: 0.0075582550804884656, 12: 0.010479024284917465, 13: 0.0055638794102977835, 14: 0.00699888595536985, 15: 0.009133460745843437, 16: 0.005493128850125391, 17: 0.0054558728906674596, 18: 0.004777388114220427, 19: 0.00573286577633221, 20: 0.008820921237377006, 21: 0.010011902472383205, 22: 0.006870110357428998, 23: 0.005480468021549677, 24: 0.007660510977655365, 25: 0.005331446199458795, 26: 0.006354131122417172, 27: 0.0070114002276843, 28: 0.00792594035073237, 29: 0.007182252007586594, 30: 0.010680253218319953, 31: 0.0075039389093001525, 32: 0.006753489157839541, 33: 0.004464092481243384, 34: 0.005714984387867926, 35: 0.007242173917993572, 36: 0.00853741206397033, 37: 0.007278307196617686, 38: 0.005110553814386167, 39: 0.0057875374938850584, 40: 0.00718520919079915, 41: 0.007460372257843191, 42: 0.009423571824970575, 43: 0.007856629569804242, 44: 0.005514804150482256, 45: 0.006162297276651194, 46: 0.007392146924299502, 47: 0.007030506131866589, 48: 0.007654065815754617, 49: 0.007616556483911737, 50: 0.006130016138136469, 51: 0.005971844534512813, 52: 0.005354684618491658, 53: 0.007261474998946144, 54: 0.00600574113339585, 55: 0.006753655034434035, 56: 0.0073265764591134135, 57: 0.005002038039767977, 58: 0.007749784664366887, 59: 0.007281319363661765, 60: 0.005145693586351989, 61: 0.0087746828023427, 62: 0.008120755464749005, 63: 0.005151713531100274, 64: 0.007517657067748798, 65: 0.008506168028711536, 66: 0.006916953582838113, 67: 0.0067129739083122844, 68: 0.007811421963581721, 69: 0.009775339018288871, 70: 0.005493044429970877, 71: 0.0061827864460836926, 72: 0.006355172086151386, 73: 0.01005095264160995, 74: 0.010281264870551267}","[88, 87, 86, 85, 85, 84, 83, 82, 81, 79, 79, 78, 78, 78, 78, 78, 78, 77, 77, 76, 75, 75, 75, 75, 75, 75, 74, 74, 74, 74, 73, 73, 73, 73, 73, 73, 72, 72, 72, 72, 72, 71, 71, 71, 71, 70, 70, 70, 70, 70, 69, 69, 69, 68, 68, 68, 67, 67, 67, 67, 66, 66, 66, 65, 65, 65, 63, 63, 63, 62, 62, 61, 61, 60, 54]","dict_values([39, 44, 36, 43, 38, 46, 36, 34, 46, 46, 50, 48, 39, 43, 46, 40, 44, 41, 45, 44, 37, 43, 35, 40, 43, 47, 51, 42, 43, 45, 43, 46, 44, 49, 34, 33, 44, 46, 39, 37, 37, 39, 41, 42, 38, 48, 49, 40, 30, 43, 31, 43, 40, 43, 37, 45, 38, 39, 49, 43, 34, 30, 39, 44, 38, 45, 43, 36, 35, 36, 41, 48, 41, 50, 44])",0.05017751986018777
45,72.18666666666667,0.49021433759166494,"{0: 0.00818509433405744, 1: 0.006307264549768632, 2: 0.006924461298844307, 3: 0.006861014412337512, 4: 0.008173448397283687, 5: 0.00643295947386419, 6: 0.006902346185266563, 7: 0.005837003889734199, 8: 0.006598928475745987, 9: 0.0040802613492732925, 10: 0.0056525779190669465, 11: 0.0078062250876323345, 12: 0.010695527863922492, 13: 0.005317618267437036, 14: 0.006802570476682621, 15: 0.009571164522768013, 16: 0.005643106371491965, 17: 0.0052746653711298426, 18: 0.0050053840686659174, 19: 0.005449542026228422, 20: 0.009062373995581375, 21: 0.010088638900116832, 22: 0.006624807220941571, 23: 0.005413633608828283, 24: 0.0073851310379478225, 25: 0.005153379464842392, 26: 0.0064408926413553535, 27: 0.007107834875984575, 28: 0.008358426469987764, 29: 0.007188238612328347, 30: 0.01072539694920773, 31: 0.007448158770480402, 32: 0.007052733457882726, 33: 0.004397247834815571, 34: 0.005562121622936663, 35: 0.007607871624308845, 36: 0.00857866909346026, 37: 0.007179349893281665, 38: 0.005266351902142666, 39: 0.00568898597190102, 40: 0.0073912504686289805, 41: 0.006808088585620713, 42: 0.009104484955641874, 43: 0.007810159229909299, 44: 0.005597290203717428, 45: 0.006179419208089382, 46: 0.0073576264606327975, 47: 0.007503711493395448, 48: 0.007808848782058977, 49: 0.00787906723656018, 50: 0.006368042921949824, 51: 0.005737315326000213, 52: 0.005447885580676334, 53: 0.0073208184976411555, 54: 0.0061093095242307095, 55: 0.006110191683804614, 56: 0.0073784465230682765, 57: 0.004857545951223714, 58: 0.007688548664941215, 59: 0.007573486174752724, 60: 0.005144986073806462, 61: 0.008843931936444508, 62: 0.008121535023566032, 63: 0.005244690010175737, 64: 0.007914830949469159, 65: 0.00839293757756533, 66: 0.0067740013477124664, 67: 0.006563439826964162, 68: 0.007575335310616779, 69: 0.009817743855813537, 70: 0.005622352343134327, 71: 0.006275224306942335, 72: 0.0060136608842210676, 73: 0.009868265932067258, 74: 0.010230679392559606}","[88, 86, 86, 85, 85, 84, 83, 83, 80, 79, 79, 79, 79, 79, 79, 78, 77, 77, 77, 77, 76, 75, 75, 75, 75, 75, 75, 74, 74, 74, 74, 73, 73, 73, 73, 73, 73, 73, 72, 72, 72, 72, 70, 70, 70, 70, 70, 70, 70, 69, 69, 68, 68, 68, 68, 67, 67, 66, 66, 66, 66, 66, 66, 65, 65, 64, 64, 63, 63, 63, 63, 60, 60, 60, 53]","dict_values([39, 44, 36, 43, 38, 46, 36, 34, 46, 46, 50, 48, 39, 43, 46, 40, 44, 41, 45, 44, 37, 43, 35, 40, 43, 47, 51, 42, 43, 45, 43, 46, 44, 49, 34, 33, 44, 46, 39, 37, 37, 39, 41, 42, 38, 48, 49, 40, 30, 43, 31, 43, 40, 43, 37, 45, 38, 39, 49, 43, 34, 30, 39, 44, 38, 45, 43, 36, 35, 36, 41, 48, 41, 50, 44])",0.049251833655415134
44,72.10666666666667,0.4892944695600989,"{0: 0.008378207211695129, 1: 0.006335246649115198, 2: 0.007085117103914255, 3: 0.006921231049104396, 4: 0.00821065400974935, 5: 0.006516532233820102, 6: 0.00677404151078425, 7: 0.0060794460258819525, 8: 0.006428076743727002, 9: 0.004338186598905422, 10: 0.00595426226070962, 11: 0.007465149909637352, 12: 0.0106477684719751, 13: 0.00495882471276688, 14: 0.007004072288312003, 15: 0.009425649571249377, 16: 0.005637427144198989, 17: 0.005276088302171039, 18: 0.005127996119224241, 19: 0.005548899674371954, 20: 0.008980399902618164, 21: 0.01020717645470079, 22: 0.006553147529841131, 23: 0.005544971649939343, 24: 0.007176153967633193, 25: 0.004994339750460658, 26: 0.006445910128375906, 27: 0.00749380271886991, 28: 0.008320932429631027, 29: 0.007307978680416784, 30: 0.010497882305391134, 31: 0.007486969964045179, 32: 0.006950588477690428, 33: 0.004401684914014498, 34: 0.005405018924938754, 35: 0.007709699325240913, 36: 0.008629024028283132, 37: 0.0071883110701590315, 38: 0.005613064013330655, 39: 0.005892746958200092, 40: 0.0075220131683515, 41: 0.00682912111676487, 42: 0.008492894407064355, 43: 0.008072447918498931, 44: 0.00537514726033618, 45: 0.006088163464142775, 46: 0.007669322864950404, 47: 0.007493693995780671, 48: 0.0072708256656682495, 49: 0.007850030406367382, 50: 0.006455016758123692, 51: 0.005325409849028441, 52: 0.005508025123880311, 53: 0.007434043185256755, 54: 0.006065619146610629, 55: 0.005932691635145262, 56: 0.007687802539568207, 57: 0.0049962756637312285, 58: 0.00745036593946431, 59: 0.007566456709711974, 60: 0.0052171085560897236, 61: 0.009035794203893614, 62: 0.008127951249794653, 63: 0.005381318198653435, 64: 0.007942005005054615, 65: 0.008328162674279483, 66: 0.0067710996388665535, 67: 0.0064266621343191275, 68: 0.00805969167822921, 69: 0.01013697570048837, 70: 0.0055650482340912555, 71: 0.00593994302041259, 72: 0.00594920674845257, 73: 0.009616081912607823, 74: 0.010346813844780749}","[87, 86, 85, 85, 85, 84, 82, 81, 80, 80, 79, 79, 79, 79, 79, 78, 78, 77, 77, 76, 76, 76, 75, 75, 75, 75, 74, 74, 74, 74, 74, 74, 74, 74, 73, 73, 73, 72, 72, 72, 72, 72, 70, 70, 70, 70, 69, 69, 69, 69, 69, 68, 68, 68, 67, 67, 67, 67, 66, 66, 66, 65, 65, 65, 64, 64, 64, 64, 64, 63, 63, 60, 60, 59, 54]","dict_values([39, 44, 36, 43, 38, 46, 36, 34, 46, 46, 50, 48, 39, 43, 46, 40, 44, 41, 45, 44, 37, 43, 35, 40, 43, 47, 51, 42, 43, 45, 43, 46, 44, 49, 34, 33, 44, 46, 39, 37, 37, 39, 41, 42, 38, 48, 49, 40, 30, 43, 31, 43, 40, 43, 37, 45, 38, 39, 49, 43, 34, 30, 39, 44, 38, 45, 43, 36, 35, 36, 41, 48, 41, 50, 44])",0.055261654879030814
44,72.08,0.48918852236168947,"{0: 0.00838709853468855, 1: 0.006498125089474799, 2: 0.0065601116578887855, 3: 0.006729584776602819, 4: 0.00839757438374163, 5: 0.006094702438772501, 6: 0.006810365606917923, 7: 0.006042640992020389, 8: 0.00673324407080382, 9: 0.004345876789578996, 10: 0.005930366731346347, 11: 0.0075335488037806915, 12: 0.010854041966491526, 13: 0.004765081334400192, 14: 0.007084997424068589, 15: 0.00947479309753819, 16: 0.005963428064385447, 17: 0.005332197553722594, 18: 0.005070781985609097, 19: 0.005494885182768377, 20: 0.008868479638515227, 21: 0.010302746588239951, 22: 0.006648395290473508, 23: 0.005455813618836559, 24: 0.0069123703397862045, 25: 0.005334448211038867, 26: 0.006687109816956082, 27: 0.007298248049778547, 28: 0.007998674497468663, 29: 0.007394045495634275, 30: 0.010548681463386821, 31: 0.0075780299344123635, 32: 0.006699377583844628, 33: 0.004281123091016061, 34: 0.005352458474987749, 35: 0.007736755062776436, 36: 0.008813150443437707, 37: 0.007521428688588027, 38: 0.00568778126515796, 39: 0.006092735764181794, 40: 0.007753123049370351, 41: 0.007033778524564155, 42: 0.008312860180056015, 43: 0.00806658966088939, 44: 0.005005029765316905, 45: 0.0066101717171596535, 46: 0.007875456488443096, 47: 0.007511371279934486, 48: 0.007495159776472363, 49: 0.00770183555161944, 50: 0.006335504912958312, 51: 0.005149911141427868, 52: 0.005413262280459446, 53: 0.007645447437424403, 54: 0.006075874852031045, 55: 0.005819724790909337, 56: 0.008098537746693335, 57: 0.004940401887519533, 58: 0.007761938310415114, 59: 0.0074240215093821565, 60: 0.0052376442223201584, 61: 0.009243453460068059, 62: 0.008113071741104412, 63: 0.005619528409991094, 64: 0.007496060710291759, 65: 0.007876798145483898, 66: 0.006830078776857598, 67: 0.006272253752744284, 68: 0.007837553776848562, 69: 0.01059133650562649, 70: 0.005644256554070278, 71: 0.0056903617008337215, 72: 0.005946377475256191, 73: 0.009619154843705405, 74: 0.009663796285660031}","[87, 86, 85, 85, 85, 84, 81, 80, 80, 80, 80, 80, 79, 79, 78, 78, 78, 77, 77, 77, 77, 77, 75, 75, 75, 75, 75, 75, 74, 74, 73, 73, 73, 73, 73, 72, 72, 72, 72, 72, 72, 71, 71, 71, 71, 70, 70, 69, 69, 69, 68, 68, 68, 68, 68, 67, 67, 67, 66, 66, 65, 65, 65, 65, 65, 64, 64, 63, 63, 63, 62, 61, 60, 59, 53]","dict_values([39, 44, 36, 43, 38, 46, 36, 34, 46, 46, 50, 48, 39, 43, 46, 40, 44, 41, 45, 44, 37, 43, 35, 40, 43, 47, 51, 42, 43, 45, 43, 46, 44, 49, 34, 33, 44, 46, 39, 37, 37, 39, 41, 42, 38, 48, 49, 40, 30, 43, 31, 43, 40, 43, 37, 45, 38, 39, 49, 43, 34, 30, 39, 44, 38, 45, 43, 36, 35, 36, 41, 48, 41, 50, 44])",0.04700768893964023
44,72.02666666666667,0.48926407043641007,"{0: 0.008456791219374118, 1: 0.006660308380819631, 2: 0.006397594895345059, 3: 0.006775399004569576, 4: 0.008315659169559373, 5: 0.00619912744570965, 6: 0.006822325917176524, 7: 0.005875362285815107, 8: 0.006699860182344826, 9: 0.004196065653319897, 10: 0.006115360020248011, 11: 0.007296283610463504, 12: 0.011954550268207225, 13: 0.00494182978037711, 14: 0.007263091750574804, 15: 0.009323204374929195, 16: 0.0059595449055285556, 17: 0.005596589244654427, 18: 0.005350919588379361, 19: 0.0055413575266078504, 20: 0.00898894523377685, 21: 0.010753298661304212, 22: 0.006319996326647187, 23: 0.005274900488197094, 24: 0.006410728647595446, 25: 0.005592187622441608, 26: 0.006612549696409172, 27: 0.007271018487260556, 28: 0.008060144649255667, 29: 0.00751396285724274, 30: 0.010558210879150938, 31: 0.007407267582877513, 32: 0.006309966874769149, 33: 0.004206521028169009, 34: 0.005499414773200165, 35: 0.007881863135513294, 36: 0.008544649743314457, 37: 0.0070852233367157775, 38: 0.005631970850654554, 39: 0.00597238258860454, 40: 0.007673309170935328, 41: 0.007110689673196189, 42: 0.008184162396302569, 43: 0.008594714254074178, 44: 0.004704830761137622, 45: 0.006444002278865036, 46: 0.008168011108451157, 47: 0.007140023634107532, 48: 0.007230221432149711, 49: 0.007805179888041559, 50: 0.006344901221129135, 51: 0.005240251172261907, 52: 0.005714844478242262, 53: 0.007883502360190376, 54: 0.0059052018387068285, 55: 0.005773861100350266, 56: 0.007809125667122088, 57: 0.005099588027568802, 58: 0.007462466025260507, 59: 0.008044796727902452, 60: 0.005313253281233804, 61: 0.009469938713237603, 62: 0.007373093263303775, 63: 0.005613096871868263, 64: 0.00773175141601273, 65: 0.007821322882292014, 66: 0.006670735456123048, 67: 0.006216793331336118, 68: 0.007804283515948697, 69: 0.010439389143074062, 70: 0.005997467375168697, 71: 0.0058216629419600525, 72: 0.005828777708045278, 73: 0.009557374680780445, 74: 0.009768207790488807}","[90, 87, 86, 85, 85, 84, 82, 82, 80, 80, 80, 79, 79, 78, 78, 78, 77, 77, 77, 76, 76, 76, 76, 76, 75, 75, 75, 75, 74, 74, 74, 73, 73, 72, 72, 72, 71, 71, 71, 71, 71, 71, 71, 70, 70, 70, 69, 69, 69, 68, 68, 68, 68, 67, 67, 67, 67, 67, 66, 66, 66, 66, 66, 65, 65, 65, 64, 63, 63, 63, 63, 61, 61, 58, 52]","dict_values([39, 44, 36, 43, 38, 46, 36, 34, 46, 46, 50, 48, 39, 43, 46, 40, 44, 41, 45, 44, 37, 43, 35, 40, 43, 47, 51, 42, 43, 45, 43, 46, 44, 49, 34, 33, 44, 46, 39, 37, 37, 39, 41, 42, 38, 48, 49, 40, 30, 43, 31, 43, 40, 43, 37, 45, 38, 39, 49, 43, 34, 30, 39, 44, 38, 45, 43, 36, 35, 36, 41, 48, 41, 50, 44])",0.055146934349462086
44,71.94666666666667,0.4889404991875071,"{0: 0.008194626659223428, 1: 0.006457668990643245, 2: 0.006662417503189015, 3: 0.006869808420374504, 4: 0.007734368061267914, 5: 0.006164247658586817, 6: 0.00714458853345038, 7: 0.00526336351486364, 8: 0.007052475480045695, 9: 0.004150621533157947, 10: 0.006038501277505279, 11: 0.007296122576596629, 12: 0.011740250590786969, 13: 0.004739086795604071, 14: 0.007114441232746837, 15: 0.00905585107862097, 16: 0.006131647792969468, 17: 0.005661814267282618, 18: 0.005602504584466215, 19: 0.005775719609759479, 20: 0.009840926028978124, 21: 0.010413422361631956, 22: 0.006147538246335426, 23: 0.005167117329588062, 24: 0.006342591097876547, 25: 0.005652231743062923, 26: 0.006787505040454299, 27: 0.007445020928043933, 28: 0.008352778834106435, 29: 0.007194663382648791, 30: 0.010623729568544292, 31: 0.00747269262753288, 32: 0.005872401295487971, 33: 0.004396711697950518, 34: 0.005753189382207073, 35: 0.00784866745040431, 36: 0.008730182061326483, 37: 0.007081536611537872, 38: 0.006060625738783949, 39: 0.005977647583349857, 40: 0.00829884088951367, 41: 0.007273428212257987, 42: 0.008465833085295558, 43: 0.008947617431824265, 44: 0.004566030318064442, 45: 0.006297815698017573, 46: 0.00840101560433414, 47: 0.007091884358572194, 48: 0.00730898356451472, 49: 0.0075557668247299824, 50: 0.006350109376054153, 51: 0.005037234866535484, 52: 0.005857226109663055, 53: 0.007889719684192345, 54: 0.006033136536554617, 55: 0.006130265904689149, 56: 0.007742821744538072, 57: 0.005130237869608939, 58: 0.00790493905563234, 59: 0.007694170845567413, 60: 0.005339183026250817, 61: 0.009539927642736977, 62: 0.007482192215650771, 63: 0.005600132922457116, 64: 0.007499205160063728, 65: 0.007541167802792258, 66: 0.006562172573569125, 67: 0.006161982709859848, 68: 0.008061695794206819, 69: 0.010624787818864428, 70: 0.005512054892013354, 71: 0.00559099616668525, 72: 0.005696600214172501, 73: 0.009548335092193746, 74: 0.009203792961721321}","[89, 87, 86, 85, 85, 85, 83, 82, 80, 79, 79, 79, 79, 79, 78, 78, 78, 77, 77, 77, 76, 76, 76, 75, 75, 75, 75, 74, 74, 73, 73, 73, 73, 72, 72, 72, 72, 72, 71, 71, 70, 70, 70, 70, 69, 69, 69, 69, 69, 68, 68, 68, 68, 68, 68, 67, 67, 67, 67, 66, 66, 66, 66, 65, 64, 64, 63, 63, 63, 63, 62, 61, 60, 59, 52]","dict_values([39, 44, 36, 43, 38, 46, 36, 34, 46, 46, 50, 48, 39, 43, 46, 40, 44, 41, 45, 44, 37, 43, 35, 40, 43, 47, 51, 42, 43, 45, 43, 46, 44, 49, 34, 33, 44, 46, 39, 37, 37, 39, 41, 42, 38, 48, 49, 40, 30, 43, 31, 43, 40, 43, 37, 45, 38, 39, 49, 43, 34, 30, 39, 44, 38, 45, 43, 36, 35, 36, 41, 48, 41, 50, 44])",0.05647155925290733
45,72.13333333333334,0.49065379302278916,"{0: 0.008154240236667838, 1: 0.0064630195656675575, 2: 0.0066002441697462135, 3: 0.007117603475299944, 4: 0.007346668346751096, 5: 0.006205196664529517, 6: 0.007125956740881073, 7: 0.005370557202268407, 8: 0.006993178395286566, 9: 0.004163421803508229, 10: 0.005994615916337286, 11: 0.00708849419479918, 12: 0.011248546542927031, 13: 0.0049547514159614, 14: 0.006600643943419247, 15: 0.00892593207786628, 16: 0.0060794524241506755, 17: 0.005899514998598681, 18: 0.005349829571244841, 19: 0.005445958147357882, 20: 0.009951260960044795, 21: 0.010084613512513005, 22: 0.006062924070908049, 23: 0.005377348601877977, 24: 0.006192383472716057, 25: 0.005810513863695938, 26: 0.006905563297185214, 27: 0.007382907714616462, 28: 0.008436595831038743, 29: 0.006755893457164755, 30: 0.011197410841712595, 31: 0.007437010853893876, 32: 0.005852611508018489, 33: 0.0045744813265393425, 34: 0.005532293674559204, 35: 0.008018361077501385, 36: 0.00844038833563641, 37: 0.00700545966890231, 38: 0.00596510914245407, 39: 0.0063299444188423815, 40: 0.008194692421412478, 41: 0.007257434970093114, 42: 0.008659912935150511, 43: 0.009142622513700915, 44: 0.0045275055769994094, 45: 0.006381625082371628, 46: 0.00838717509993184, 47: 0.007313199315585602, 48: 0.007220084481267747, 49: 0.008037537955314367, 50: 0.006217454754809292, 51: 0.005016022170260864, 52: 0.005440935201883365, 53: 0.008063043896461381, 54: 0.0060037986153862865, 55: 0.00575630349347031, 56: 0.007272432839840833, 57: 0.005108224003595622, 58: 0.007861742255127977, 59: 0.007557073733921258, 60: 0.005262023958314597, 61: 0.009533753028547127, 62: 0.007701923389182873, 63: 0.005759343170826393, 64: 0.007520179715095312, 65: 0.007622995702028585, 66: 0.006219725736479777, 67: 0.006404790975104637, 68: 0.008078032548127327, 69: 0.010798990639303134, 70: 0.0056947016042585025, 71: 0.005318822854654554, 72: 0.005860114130749663, 73: 0.009909065205024487, 74: 0.009112608342709725}","[89, 88, 87, 87, 85, 84, 84, 82, 81, 79, 79, 79, 79, 78, 78, 78, 77, 77, 77, 77, 77, 76, 76, 75, 75, 75, 75, 75, 74, 73, 73, 73, 73, 73, 72, 72, 72, 71, 71, 71, 71, 71, 70, 70, 70, 70, 70, 69, 69, 69, 69, 68, 68, 68, 67, 67, 67, 67, 67, 67, 66, 65, 65, 65, 64, 64, 64, 64, 64, 63, 62, 61, 60, 60, 52]","dict_values([39, 44, 36, 43, 38, 46, 36, 34, 46, 46, 50, 48, 39, 43, 46, 40, 44, 41, 45, 44, 37, 43, 35, 40, 43, 47, 51, 42, 43, 45, 43, 46, 44, 49, 34, 33, 44, 46, 39, 37, 37, 39, 41, 42, 38, 48, 49, 40, 30, 43, 31, 43, 40, 43, 37, 45, 38, 39, 49, 43, 34, 30, 39, 44, 38, 45, 43, 36, 35, 36, 41, 48, 41, 50, 44])",0.05682951746099
46,72.42666666666666,0.4928091968183541,"{0: 0.008087601599393932, 1: 0.006984863235762235, 2: 0.006843222684586482, 3: 0.006759660915498356, 4: 0.007190471526697007, 5: 0.005718874968863321, 6: 0.007086742511962146, 7: 0.0054642013596509645, 8: 0.007288506043426317, 9: 0.004098536384883669, 10: 0.006232048658713019, 11: 0.006802776452010665, 12: 0.011067961210631536, 13: 0.005080621663143466, 14: 0.006471250370164737, 15: 0.008772218276073954, 16: 0.006354347989562603, 17: 0.00609789277554797, 18: 0.005302510906426101, 19: 0.005302945546082862, 20: 0.009193938777616475, 21: 0.00998049957354909, 22: 0.0061235772333057496, 23: 0.005487164802691233, 24: 0.0059918133978394605, 25: 0.006108522404593325, 26: 0.007296489619740474, 27: 0.007257112599562378, 28: 0.00849346143112676, 29: 0.006780557863537726, 30: 0.011277168427352349, 31: 0.007643313261049291, 32: 0.005773952806045379, 33: 0.004895880247076392, 34: 0.005625958703106723, 35: 0.00786791695692771, 36: 0.007906038223631532, 37: 0.0067946870841089375, 38: 0.006148760128729647, 39: 0.006206825100299844, 40: 0.007952386793628967, 41: 0.006924421537724355, 42: 0.008543625977006147, 43: 0.008953796827789424, 44: 0.004238429790165854, 45: 0.0066109152317720046, 46: 0.008798503533173735, 47: 0.0076011239579319555, 48: 0.007765549631135164, 49: 0.00787732874429639, 50: 0.006532123975402235, 51: 0.00500696447708, 52: 0.005100013347590489, 53: 0.007982157207344407, 54: 0.006189837574241775, 55: 0.0055299047719248404, 56: 0.007402992986203625, 57: 0.005102455516364726, 58: 0.007588867574023274, 59: 0.007551037922472052, 60: 0.005015996532978378, 61: 0.01007730375989623, 62: 0.007975277677799451, 63: 0.0059042984169402676, 64: 0.006884216984045747, 65: 0.007957523004845498, 66: 0.005924804315335211, 67: 0.006301262753780538, 68: 0.007763459869552218, 69: 0.010481292624135358, 70: 0.005596740276355862, 71: 0.005447008853336961, 72: 0.005740080378612825, 73: 0.010007360728297623, 74: 0.008430553647725403}","[90, 88, 88, 86, 84, 84, 83, 81, 81, 81, 79, 79, 79, 79, 78, 78, 78, 77, 77, 77, 77, 77, 76, 76, 76, 75, 75, 75, 75, 74, 74, 74, 73, 73, 72, 72, 72, 71, 71, 71, 71, 71, 71, 71, 70, 70, 70, 70, 69, 69, 69, 69, 69, 69, 68, 68, 68, 67, 67, 67, 66, 66, 65, 65, 65, 65, 65, 65, 64, 62, 62, 62, 61, 58, 52]","dict_values([39, 44, 36, 43, 38, 46, 36, 34, 46, 46, 50, 48, 39, 43, 46, 40, 44, 41, 45, 44, 37, 43, 35, 40, 43, 47, 51, 42, 43, 45, 43, 46, 44, 49, 34, 33, 44, 46, 39, 37, 37, 39, 41, 42, 38, 48, 49, 40, 30, 43, 31, 43, 40, 43, 37, 45, 38, 39, 49, 43, 34, 30, 39, 44, 38, 45, 43, 36, 35, 36, 41, 48, 41, 50, 44])",0.05168154784498555
46,72.74666666666667,0.4953606515097192,"{0: 0.007755216064360052, 1: 0.007169663255529546, 2: 0.0067914246996408165, 3: 0.006855462403200164, 4: 0.007134783563189368, 5: 0.0056812701739639175, 6: 0.007424096901205485, 7: 0.005144706009511556, 8: 0.007377705732855206, 9: 0.003928708406965588, 10: 0.00637780326958658, 11: 0.00687695439200555, 12: 0.010927595702771837, 13: 0.00484575620681909, 14: 0.00685246801545561, 15: 0.00880848757663886, 16: 0.006608013789898824, 17: 0.0061810997616955085, 18: 0.005443049804704699, 19: 0.005315947506073391, 20: 0.009303028113209703, 21: 0.01014955304589724, 22: 0.0057902211759527505, 23: 0.005603783463379493, 24: 0.005965963992588642, 25: 0.0061292997474019775, 26: 0.007217220436597559, 27: 0.006928065859563385, 28: 0.008115594556065156, 29: 0.006811737776137643, 30: 0.011356446806064728, 31: 0.007438624607494473, 32: 0.005594432262758524, 33: 0.005148807169952165, 34: 0.005495369044512528, 35: 0.007905639150564523, 36: 0.006963021489158879, 37: 0.006912801172573028, 38: 0.006478476022943737, 39: 0.0060069125573073345, 40: 0.008393798049682788, 41: 0.006849390381374443, 42: 0.008640364600727802, 43: 0.009007067174299162, 44: 0.00430703807112503, 45: 0.006337902727024208, 46: 0.009297143747281663, 47: 0.007627275130859289, 48: 0.007488559626236944, 49: 0.00793524187960468, 50: 0.0062958991018410146, 51: 0.005002752627105709, 52: 0.005048021491932526, 53: 0.007853693893263536, 54: 0.0058131798844173535, 55: 0.005330043790056645, 56: 0.007695644565964416, 57: 0.005054875588749228, 58: 0.007672423215337588, 59: 0.007567309717764796, 60: 0.004910148976440001, 61: 0.009922584672359711, 62: 0.008076441943174868, 63: 0.0059943199900926525, 64: 0.006974168454446596, 65: 0.007870018603848351, 66: 0.005759386577888489, 67: 0.00611812500276571, 68: 0.0076565535235419094, 69: 0.010188665396793202, 70: 0.005664828052164881, 71: 0.005580704228289571, 72: 0.005856147165406788, 73: 0.010122965115400354, 74: 0.007671216786750303}","[91, 89, 88, 86, 85, 85, 84, 82, 81, 81, 79, 79, 79, 79, 78, 78, 78, 78, 78, 78, 77, 77, 77, 76, 76, 76, 75, 75, 75, 74, 74, 74, 73, 73, 73, 73, 73, 73, 72, 72, 72, 72, 71, 71, 71, 70, 70, 70, 69, 69, 69, 69, 69, 68, 68, 68, 68, 67, 67, 67, 66, 66, 66, 66, 66, 66, 64, 64, 64, 63, 62, 62, 61, 59, 52]","dict_values([39, 44, 36, 43, 38, 46, 36, 34, 46, 46, 50, 48, 39, 43, 46, 40, 44, 41, 45, 44, 37, 43, 35, 40, 43, 47, 51, 42, 43, 45, 43, 46, 44, 49, 34, 33, 44, 46, 39, 37, 37, 39, 41, 42, 38, 48, 49, 40, 30, 43, 31, 43, 40, 43, 37, 45, 38, 39, 49, 43, 34, 30, 39, 44, 38, 45, 43, 36, 35, 36, 41, 48, 41, 50, 44])",0.05284209157127993
46,72.66666666666667,0.4947640382480699,"{0: 0.0077107450849300905, 1: 0.007073744845901169, 2: 0.00679387078801477, 3: 0.006603784241466631, 4: 0.00699211109193655, 5: 0.0057902822138792805, 6: 0.0076651097170508985, 7: 0.005160079729365313, 8: 0.007436233771190338, 9: 0.0037624922277487097, 10: 0.006381174541512659, 11: 0.0069907898223625, 12: 0.011091382688972447, 13: 0.004755375483970904, 14: 0.006622448021154866, 15: 0.008355031175763793, 16: 0.006915764243313702, 17: 0.0061302863509500646, 18: 0.00546495326610957, 19: 0.005119653003282412, 20: 0.009319384335348242, 21: 0.010346531695191783, 22: 0.005988268402432253, 23: 0.005492535250987591, 24: 0.0056510266667126035, 25: 0.00611547222016061, 26: 0.0071542545690822384, 27: 0.007047377881940668, 28: 0.008226547454761101, 29: 0.007210102243513692, 30: 0.011227689454439293, 31: 0.007646741204918432, 32: 0.00551724171934694, 33: 0.005347363863125199, 34: 0.005368330692052211, 35: 0.007883269492312267, 36: 0.0066101105144713386, 37: 0.007531286743580273, 38: 0.006539123963458044, 39: 0.005870831144158526, 40: 0.008620892991753833, 41: 0.006851712487415405, 42: 0.008894832133744321, 43: 0.00891575119206514, 44: 0.004480245514169658, 45: 0.006055390962119202, 46: 0.00926745370081028, 47: 0.007474000255862616, 48: 0.007689422527964838, 49: 0.008197911342027237, 50: 0.006293959818563511, 51: 0.004860878950310838, 52: 0.005311897228260339, 53: 0.00790775930917608, 54: 0.005634533711949103, 55: 0.005800184655830149, 56: 0.007677622207371412, 57: 0.0049002778904524555, 58: 0.007792000211970325, 59: 0.007932476833089931, 60: 0.004832581186876739, 61: 0.009164028490831358, 62: 0.008161256632499005, 63: 0.006294049152715559, 64: 0.0066740903117045525, 65: 0.008015040834044754, 66: 0.005585411768333841, 67: 0.005835085536761482, 68: 0.007475175039417325, 69: 0.010162690198259803, 70: 0.005588655234720253, 71: 0.005963609473617795, 72: 0.005982478939647059, 73: 0.010122413688969316, 74: 0.00762988907645019}","[90, 89, 88, 86, 86, 84, 84, 83, 81, 80, 80, 79, 79, 79, 79, 79, 78, 78, 78, 78, 77, 77, 77, 76, 76, 76, 75, 75, 75, 74, 74, 74, 73, 73, 73, 73, 72, 72, 72, 72, 71, 71, 71, 71, 71, 71, 70, 70, 69, 69, 69, 68, 68, 68, 68, 68, 68, 67, 67, 67, 67, 66, 66, 65, 65, 65, 65, 63, 63, 63, 62, 62, 61, 60, 51]","dict_values([39, 44, 36, 43, 38, 46, 36, 34, 46, 46, 50, 48, 39, 43, 46, 40, 44, 41, 45, 44, 37, 43, 35, 40, 43, 47, 51, 42, 43, 45, 43, 46, 44, 49, 34, 33, 44, 46, 39, 37, 37, 39, 41, 42, 38, 48, 49, 40, 30, 43, 31, 43, 40, 43, 37, 45, 38, 39, 49, 43, 34, 30, 39, 44, 38, 45, 43, 36, 35, 36, 41, 48, 41, 50, 44])",0.056820267654237894
46,72.82666666666667,0.49498260601317856,"{0: 0.007750100640439844, 1: 0.007053677043798215, 2: 0.006370278578675683, 3: 0.006311936689803786, 4: 0.007194302611822564, 5: 0.005604426354847854, 6: 0.007845530640701636, 7: 0.005254425420794986, 8: 0.0073704550957812654, 9: 0.003802565218593575, 10: 0.006238873085150343, 11: 0.007007494339274, 12: 0.01073986804565638, 13: 0.004846660071962037, 14: 0.006388315169278457, 15: 0.008325236948348523, 16: 0.006737961210520777, 17: 0.006084670286609684, 18: 0.005174203220137538, 19: 0.005142903671879807, 20: 0.009390203631869565, 21: 0.010334380365728498, 22: 0.005805042275132726, 23: 0.0055471966006442, 24: 0.005716766723936044, 25: 0.006122094727555267, 26: 0.007510350006079218, 27: 0.007254434173624276, 28: 0.007951521749451672, 29: 0.0075999830129473605, 30: 0.01085183907732467, 31: 0.007793027360452872, 32: 0.005737362111998784, 33: 0.005517000370349679, 34: 0.0055333810525597235, 35: 0.00761821199309329, 36: 0.006778560575435836, 37: 0.007582105742896776, 38: 0.006045088788428024, 39: 0.005877828434839762, 40: 0.008017607901417862, 41: 0.006807930939421456, 42: 0.008973778812388122, 43: 0.008590586816052813, 44: 0.004687165170997815, 45: 0.005966429460662466, 46: 0.009223510907377467, 47: 0.0074548168434124444, 48: 0.007565295000806819, 49: 0.007957331483244455, 50: 0.0062264950215632974, 51: 0.005162542004144874, 52: 0.0055215450055967705, 53: 0.008063968578289539, 54: 0.005764359539921317, 55: 0.006029469115136803, 56: 0.007682928520824151, 57: 0.0050308895471987344, 58: 0.008048132571954823, 59: 0.007882189000890182, 60: 0.00482513291788825, 61: 0.009249650278179257, 62: 0.00863860579107842, 63: 0.006432535306252312, 64: 0.0065837886795257405, 65: 0.008087195807522514, 66: 0.00572072880514492, 67: 0.005764958976108011, 68: 0.007550397915551205, 69: 0.009823249833739629, 70: 0.005758702244614853, 71: 0.005885566815772384, 72: 0.006067662363772548, 73: 0.009999049980151982, 74: 0.006989300494759559}","[89, 89, 87, 87, 85, 84, 84, 83, 81, 81, 80, 80, 80, 79, 79, 78, 78, 78, 78, 78, 77, 77, 77, 76, 76, 76, 76, 76, 75, 75, 75, 75, 74, 73, 73, 73, 72, 72, 72, 72, 71, 71, 71, 70, 70, 70, 70, 70, 69, 69, 68, 68, 68, 68, 68, 68, 68, 68, 68, 67, 66, 66, 66, 66, 65, 65, 65, 65, 64, 64, 63, 62, 62, 61, 52]","dict_values([39, 44, 36, 43, 38, 46, 36, 34, 46, 46, 50, 48, 39, 43, 46, 40, 44, 41, 45, 44, 37, 43, 35, 40, 43, 47, 51, 42, 43, 45, 43, 46, 44, 49, 34, 33, 44, 46, 39, 37, 37, 39, 41, 42, 38, 48, 49, 40, 30, 43, 31, 43, 40, 43, 37, 45, 38, 39, 49, 43, 34, 30, 39, 44, 38, 45, 43, 36, 35, 36, 41, 48, 41, 50, 44])",0.04999489834294693
46,72.69333333333333,0.4934656319640578,"{0: 0.007546112024917433, 1: 0.006863668229071293, 2: 0.006280069265930971, 3: 0.005868698224687664, 4: 0.007087674924340572, 5: 0.0055016550963174786, 6: 0.00783952850940564, 7: 0.005413093246295585, 8: 0.007632798568782818, 9: 0.0039554959278986, 10: 0.006539116264340632, 11: 0.006709857503715154, 12: 0.01062799419714944, 13: 0.004661518432245204, 14: 0.00656561354807087, 15: 0.0085807997612717, 16: 0.007181533083925769, 17: 0.005967938156177858, 18: 0.005346258731056442, 19: 0.005034484985364729, 20: 0.00921813013144175, 21: 0.01071592803960185, 22: 0.0056126767031823045, 23: 0.005715821538497083, 24: 0.0057719587239926234, 25: 0.006240448465501118, 26: 0.0074110431355301895, 27: 0.00754932170177155, 28: 0.008084421392042147, 29: 0.007621560849520112, 30: 0.010423792887222364, 31: 0.007597085981713883, 32: 0.005944295646415856, 33: 0.005513089568252071, 34: 0.00565767249067477, 35: 0.00763886644915407, 36: 0.00650490450942493, 37: 0.007646707408013313, 38: 0.006293004049768889, 39: 0.006038284608973777, 40: 0.00869541980724448, 41: 0.006927971195743863, 42: 0.008911626015894252, 43: 0.00834980796222223, 44: 0.004963749122532495, 45: 0.0054387608087166465, 46: 0.009055897340973628, 47: 0.007220115467294929, 48: 0.007705801292419637, 49: 0.008215236674080936, 50: 0.0061946095339734, 51: 0.00518555391186009, 52: 0.00576425045094784, 53: 0.008033256395063882, 54: 0.0060729955625996234, 55: 0.005809167498195275, 56: 0.0076030222674736735, 57: 0.004705879120158501, 58: 0.007759465120249284, 59: 0.007891016708148216, 60: 0.004714421260650298, 61: 0.009502788242404556, 62: 0.0085597157712959, 63: 0.00650740217960777, 64: 0.006641359027728769, 65: 0.007996982389227173, 66: 0.005455290093741946, 67: 0.00595625472780074, 68: 0.007454130918707183, 69: 0.00993621604137694, 70: 0.005976547860859173, 71: 0.005500062524457043, 72: 0.006029380995579509, 73: 0.010169220632862134, 74: 0.007463046803400402}","[89, 88, 87, 87, 85, 83, 83, 82, 81, 80, 80, 80, 80, 79, 79, 78, 78, 78, 78, 77, 77, 77, 77, 77, 77, 76, 76, 76, 75, 75, 75, 74, 74, 73, 73, 73, 72, 72, 72, 72, 71, 71, 71, 71, 71, 70, 69, 69, 69, 69, 69, 69, 68, 68, 68, 67, 67, 66, 66, 66, 66, 66, 66, 66, 65, 65, 65, 65, 64, 64, 63, 63, 61, 60, 53]","dict_values([39, 44, 36, 43, 38, 46, 36, 34, 46, 46, 50, 48, 39, 43, 46, 40, 44, 41, 45, 44, 37, 43, 35, 40, 43, 47, 51, 42, 43, 45, 43, 46, 44, 49, 34, 33, 44, 46, 39, 37, 37, 39, 41, 42, 38, 48, 49, 40, 30, 43, 31, 43, 40, 43, 37, 45, 38, 39, 49, 43, 34, 30, 39, 44, 38, 45, 43, 36, 35, 36, 41, 48, 41, 50, 44])",0.051666003685065236
46,72.48,0.49179599645847133,"{0: 0.007727694923707906, 1: 0.006887983900033585, 2: 0.005973164908564171, 3: 0.006164195098813827, 4: 0.007122620752291309, 5: 0.005663284695573786, 6: 0.00791094979369458, 7: 0.0055918466639640774, 8: 0.0074870983110770385, 9: 0.004054216625007866, 10: 0.0063067602791223145, 11: 0.00656473008694365, 12: 0.010992885006428142, 13: 0.004761356662905186, 14: 0.006650420282778224, 15: 0.00844785090637839, 16: 0.007231813002943178, 17: 0.0060363650402724366, 18: 0.005213011553866173, 19: 0.0051530730405102655, 20: 0.008760078827434577, 21: 0.010721449977439866, 22: 0.00567949379499198, 23: 0.005357895737258889, 24: 0.0057086365512376835, 25: 0.006095416685708133, 26: 0.007373366204625419, 27: 0.0075610014353074285, 28: 0.007669526350787051, 29: 0.007536117706728331, 30: 0.010569073318812097, 31: 0.007653435109699158, 32: 0.0059398801676361175, 33: 0.00605312093458357, 34: 0.005686790277766677, 35: 0.007875544729766981, 36: 0.006572237142012291, 37: 0.007824636457527076, 38: 0.006666955831474931, 39: 0.005971699828951684, 40: 0.009212481172829325, 41: 0.006609044541836927, 42: 0.008860151025793243, 43: 0.00841497384295585, 44: 0.004809428062359705, 45: 0.005283087331487155, 46: 0.008951052551887422, 47: 0.007151166638951228, 48: 0.008041349829060252, 49: 0.008481435657927909, 50: 0.0062823279769849616, 51: 0.005413365177326275, 52: 0.005463905991928738, 53: 0.008123048135586012, 54: 0.006202188647689094, 55: 0.0058476510762538545, 56: 0.008056300169513093, 57: 0.004516844667706697, 58: 0.007720914691986588, 59: 0.007946322623731166, 60: 0.004987410160369425, 61: 0.009339051511795959, 62: 0.008326534129166712, 63: 0.006261510618632784, 64: 0.006707527332809766, 65: 0.007818681488556693, 66: 0.005490449389301524, 67: 0.00572246571583691, 68: 0.006881116758299148, 69: 0.010021549900188683, 70: 0.006374978353084641, 71: 0.005720155887687453, 72: 0.006528197978671451, 73: 0.010121601019089248, 74: 0.007344329013023243}","[88, 88, 88, 87, 85, 83, 81, 81, 81, 80, 80, 80, 79, 79, 79, 78, 78, 78, 78, 77, 77, 77, 76, 76, 76, 76, 76, 75, 75, 75, 74, 74, 74, 73, 72, 72, 72, 72, 72, 72, 71, 71, 71, 70, 70, 70, 69, 69, 69, 69, 68, 68, 68, 67, 67, 67, 67, 67, 67, 66, 66, 66, 66, 66, 66, 65, 65, 64, 63, 63, 63, 63, 62, 59, 54]","dict_values([39, 44, 36, 43, 38, 46, 36, 34, 46, 46, 50, 48, 39, 43, 46, 40, 44, 41, 45, 44, 37, 43, 35, 40, 43, 47, 51, 42, 43, 45, 43, 46, 44, 49, 34, 33, 44, 46, 39, 37, 37, 39, 41, 42, 38, 48, 49, 40, 30, 43, 31, 43, 40, 43, 37, 45, 38, 39, 49, 43, 34, 30, 39, 44, 38, 45, 43, 36, 35, 36, 41, 48, 41, 50, 44])",0.051836853592624535
47,72.45333333333333,0.4917078384995436,"{0: 0.007408456151963337, 1: 0.0066981903472899534, 2: 0.00577444105410706, 3: 0.006118242347992839, 4: 0.007085939231296054, 5: 0.005522947636695462, 6: 0.008153020020732336, 7: 0.005611371074495041, 8: 0.007207419900194845, 9: 0.0037789505763863927, 10: 0.006303838846285759, 11: 0.00652558919882736, 12: 0.01093772482726753, 13: 0.0051068511052704225, 14: 0.006907080382932024, 15: 0.008763878148571509, 16: 0.00710439626453419, 17: 0.005960247045368262, 18: 0.0052563136488952625, 19: 0.005171289118475451, 20: 0.008645918757444858, 21: 0.010817599629329464, 22: 0.005470033001942622, 23: 0.005428066677465253, 24: 0.005655874569521194, 25: 0.006534443844647102, 26: 0.007154369256441895, 27: 0.0076103770683526315, 28: 0.00741303705961393, 29: 0.007581797210291788, 30: 0.010613944095920662, 31: 0.007671664654921217, 32: 0.006182454230641773, 33: 0.006460021949424605, 34: 0.0054873971120598585, 35: 0.007856987471046224, 36: 0.0062296803449809895, 37: 0.008051998019887605, 38: 0.007230629822033424, 39: 0.005845474305710157, 40: 0.009280515577167341, 41: 0.006820095619964234, 42: 0.00872192112866797, 43: 0.008874107539953987, 44: 0.004796194041734711, 45: 0.005182216102429156, 46: 0.008677981087526848, 47: 0.007208284929420994, 48: 0.00789321293646427, 49: 0.00861894318255174, 50: 0.0064840227160419955, 51: 0.0056551851509086285, 52: 0.005290686244415133, 53: 0.008188306466312563, 54: 0.006140692299728754, 55: 0.006073036515865777, 56: 0.008027216101319902, 57: 0.004499616482096286, 58: 0.007854805309731918, 59: 0.008681111880386273, 60: 0.005105520617094107, 61: 0.009364688875383264, 62: 0.008253818367730063, 63: 0.005941022785414774, 64: 0.007020862300714767, 65: 0.007538399773378835, 66: 0.005068722123940751, 67: 0.005761205380906668, 68: 0.00681044010424967, 69: 0.009565610876855042, 70: 0.0062145167048335125, 71: 0.0061579306233865705, 72: 0.00639125960213781, 73: 0.009614967135632353, 74: 0.007320321704803015}","[88, 88, 87, 86, 85, 83, 81, 81, 80, 80, 80, 80, 80, 80, 79, 79, 79, 78, 77, 77, 76, 76, 76, 76, 76, 76, 76, 75, 75, 74, 74, 73, 73, 73, 73, 73, 73, 73, 72, 72, 71, 71, 70, 70, 70, 69, 69, 69, 69, 69, 69, 69, 69, 68, 68, 67, 67, 67, 67, 66, 66, 66, 65, 65, 65, 65, 64, 64, 64, 64, 63, 62, 62, 59, 53]","dict_values([39, 44, 36, 43, 38, 46, 36, 34, 46, 46, 50, 48, 39, 43, 46, 40, 44, 41, 45, 44, 37, 43, 35, 40, 43, 47, 51, 42, 43, 45, 43, 46, 44, 49, 34, 33, 44, 46, 39, 37, 37, 39, 41, 42, 38, 48, 49, 40, 30, 43, 31, 43, 40, 43, 37, 45, 38, 39, 49, 43, 34, 30, 39, 44, 38, 45, 43, 36, 35, 36, 41, 48, 41, 50, 44])",0.0552095755009185
45,72.08,0.48950557198803124,"{0: 0.0077185194682298265, 1: 0.00689547039711481, 2: 0.005882183689442031, 3: 0.005864314514439068, 4: 0.007207085697375386, 5: 0.005204952967786028, 6: 0.00850158518922985, 7: 0.005280671433258469, 8: 0.007167349859573848, 9: 0.0037455632493082914, 10: 0.006548446607023387, 11: 0.006097803567657453, 12: 0.010848719681118604, 13: 0.0051831271471786495, 14: 0.006816308854154597, 15: 0.008671035934562156, 16: 0.007192557725207103, 17: 0.00555952876655478, 18: 0.005168841716033628, 19: 0.005457005447871029, 20: 0.008581277062651967, 21: 0.010085422861063648, 22: 0.00583953799459691, 23: 0.0053080389159357606, 24: 0.005928420316148601, 25: 0.006575009796923904, 26: 0.007090345725603831, 27: 0.0077847396190467355, 28: 0.0075344195589114715, 29: 0.007483959391015374, 30: 0.010537135859512046, 31: 0.007322777628901709, 32: 0.006112137623057755, 33: 0.006580154902227539, 34: 0.005761169518459413, 35: 0.0077647465165028694, 36: 0.006535964909197262, 37: 0.007994108728498732, 38: 0.007165583894150434, 39: 0.006062000525307458, 40: 0.009686222839452486, 41: 0.00689534291703252, 42: 0.008387365258498165, 43: 0.008949860924355806, 44: 0.004888234211132774, 45: 0.005175069362654254, 46: 0.008887330710386008, 47: 0.007287664420141081, 48: 0.008085713037843775, 49: 0.008353251354000996, 50: 0.006513047893900871, 51: 0.005266644666702235, 52: 0.005371579637656366, 53: 0.008319612590379917, 54: 0.0062412910162499835, 55: 0.006386111084901423, 56: 0.008105622957326468, 57: 0.00441638646297545, 58: 0.00795348432500185, 59: 0.008784460927627911, 60: 0.005179029846074294, 61: 0.00980967135616999, 62: 0.008422556604876631, 63: 0.005757624746141004, 64: 0.0074040957555305915, 65: 0.007176790977505659, 66: 0.005210999335210901, 67: 0.0058912767790349286, 68: 0.006341748171877284, 69: 0.009776104846010995, 70: 0.006651519644528604, 71: 0.006288811001050652, 72: 0.006922355614458364, 73: 0.009752643907752248, 74: 0.007429478581752146}","[87, 86, 86, 85, 85, 83, 82, 81, 80, 80, 80, 80, 79, 79, 78, 78, 78, 77, 77, 77, 77, 76, 76, 76, 76, 75, 75, 74, 74, 74, 74, 73, 73, 73, 73, 73, 73, 72, 72, 72, 71, 71, 70, 70, 70, 70, 69, 69, 69, 68, 68, 68, 68, 68, 68, 67, 67, 67, 66, 66, 65, 65, 65, 64, 64, 64, 64, 64, 64, 62, 62, 62, 62, 58, 52]","dict_values([39, 44, 36, 43, 38, 46, 36, 34, 46, 46, 50, 48, 39, 43, 46, 40, 44, 41, 45, 44, 37, 43, 35, 40, 43, 47, 51, 42, 43, 45, 43, 46, 44, 49, 34, 33, 44, 46, 39, 37, 37, 39, 41, 42, 38, 48, 49, 40, 30, 43, 31, 43, 40, 43, 37, 45, 38, 39, 49, 43, 34, 30, 39, 44, 38, 45, 43, 36, 35, 36, 41, 48, 41, 50, 44])",0.05479011071268285
44,72.21333333333334,0.4906274010701166,"{0: 0.00772035701692181, 1: 0.007000468890438227, 2: 0.0059666714857478246, 3: 0.005683693244651596, 4: 0.0069765525917488335, 5: 0.00512304764592649, 6: 0.008315716035675106, 7: 0.005662781219637344, 8: 0.006574028710947947, 9: 0.0037456499984666962, 10: 0.0070003767276006984, 11: 0.006107368686349245, 12: 0.010855431041284214, 13: 0.004962619143532021, 14: 0.006665133294835191, 15: 0.008219414812530553, 16: 0.007102780813044303, 17: 0.005624694555380168, 18: 0.004878900963105563, 19: 0.005485171389626255, 20: 0.008716954005652854, 21: 0.009837237172361358, 22: 0.005513463717139034, 23: 0.005296224802673602, 24: 0.006020269510115012, 25: 0.006248271770851354, 26: 0.007475779062890792, 27: 0.008147287964687437, 28: 0.007758469665468183, 29: 0.007593762714824446, 30: 0.009998325920065576, 31: 0.00708192643425881, 32: 0.005619212329492337, 33: 0.0065472561518650305, 34: 0.006151961418466303, 35: 0.007892816986840951, 36: 0.006807693222433125, 37: 0.007779629137029658, 38: 0.006965256899398597, 39: 0.006095284302200343, 40: 0.009532231172766217, 41: 0.007417450548421457, 42: 0.008504892461171878, 43: 0.00944942002313429, 44: 0.005007346103833889, 45: 0.005642974810528424, 46: 0.00902587279704377, 47: 0.0072694443963577165, 48: 0.007767656897437398, 49: 0.008358378534246693, 50: 0.006355737263771759, 51: 0.00550014225914846, 52: 0.005297513676314887, 53: 0.008527168098101945, 54: 0.006319219311719863, 55: 0.006358897447893989, 56: 0.00812413737781197, 57: 0.005055095951912297, 58: 0.008036515859300177, 59: 0.008479835419143978, 60: 0.005065692043520589, 61: 0.01001485630412531, 62: 0.008143676325286514, 63: 0.005944416564794197, 64: 0.007632836472986859, 65: 0.007377791785751143, 66: 0.004980511959126403, 67: 0.005838485954944595, 68: 0.005949964498039398, 69: 0.009478747659256093, 70: 0.006606288387297005, 71: 0.006220902503238692, 72: 0.006927844726205981, 73: 0.00955126947810663, 74: 0.007120287380757732}","[87, 86, 85, 85, 84, 82, 82, 82, 81, 81, 80, 79, 79, 79, 78, 78, 78, 78, 78, 77, 76, 76, 76, 75, 75, 75, 75, 75, 75, 75, 75, 74, 74, 74, 73, 73, 72, 72, 72, 72, 71, 71, 70, 70, 70, 69, 69, 69, 69, 69, 69, 68, 68, 68, 68, 67, 67, 66, 66, 66, 66, 66, 65, 65, 64, 64, 64, 63, 63, 63, 62, 62, 62, 61, 53]","dict_values([39, 44, 36, 43, 38, 46, 36, 34, 46, 46, 50, 48, 39, 43, 46, 40, 44, 41, 45, 44, 37, 43, 35, 40, 43, 47, 51, 42, 43, 45, 43, 46, 44, 49, 34, 33, 44, 46, 39, 37, 37, 39, 41, 42, 38, 48, 49, 40, 30, 43, 31, 43, 40, 43, 37, 45, 38, 39, 49, 43, 34, 30, 39, 44, 38, 45, 43, 36, 35, 36, 41, 48, 41, 50, 44])",0.05581361860148498
44,72.16,0.4911593052436826,"{0: 0.007932752495711298, 1: 0.007112868988946542, 2: 0.006294059294721587, 3: 0.005664939095045473, 4: 0.0070106102830139305, 5: 0.004979029385670402, 6: 0.00842751997429528, 7: 0.005326635371350996, 8: 0.006245093445234469, 9: 0.0036206822569942168, 10: 0.006543787926319128, 11: 0.005965771652530965, 12: 0.010932262413769241, 13: 0.005039076702324638, 14: 0.006944818190360548, 15: 0.008770119442449925, 16: 0.006977466157162193, 17: 0.0055148821988652355, 18: 0.005036218480599496, 19: 0.005706062760610653, 20: 0.00868195496642059, 21: 0.009567309401294955, 22: 0.0057204768675252465, 23: 0.005122773142616702, 24: 0.005970599453594718, 25: 0.006187818771881771, 26: 0.007958897266362128, 27: 0.008103713442917966, 28: 0.008017504479903714, 29: 0.007529287573526157, 30: 0.01001068301237775, 31: 0.006760790136705581, 32: 0.0054914917180325104, 33: 0.00659795824009775, 34: 0.006210255249982253, 35: 0.007612719228303459, 36: 0.007019875483666034, 37: 0.007550012564738971, 38: 0.006767737564882359, 39: 0.0060070387204887625, 40: 0.0096122201058798, 41: 0.007441798297870483, 42: 0.008731208252991797, 43: 0.009745600159769824, 44: 0.005520122756490444, 45: 0.005868645841411165, 46: 0.009179902312740447, 47: 0.006928399563638731, 48: 0.007837770118048855, 49: 0.00806971838148031, 50: 0.006288621357955887, 51: 0.005701430470896881, 52: 0.00557555375211393, 53: 0.008395287152285142, 54: 0.006554280229889093, 55: 0.006534173976004743, 56: 0.007720967060285748, 57: 0.004894619158631257, 58: 0.00836670157425624, 59: 0.008740611404166578, 60: 0.00484322420602086, 61: 0.00995265463620457, 62: 0.008151390143813475, 63: 0.006009186547421262, 64: 0.007451677099579225, 65: 0.007657094956757872, 66: 0.004750661445007187, 67: 0.005961775926047286, 68: 0.005591480864077586, 69: 0.009601172913984046, 70: 0.006584196947536101, 71: 0.006155181475939845, 72: 0.00694178965296251, 73: 0.009738816699625678, 74: 0.006440187913528229}","[87, 87, 86, 85, 83, 83, 82, 82, 82, 81, 80, 80, 80, 79, 78, 78, 78, 77, 77, 77, 76, 76, 76, 76, 76, 76, 75, 75, 75, 75, 75, 74, 74, 74, 73, 73, 72, 72, 72, 71, 71, 70, 70, 70, 70, 69, 69, 69, 69, 69, 68, 68, 68, 67, 67, 67, 67, 66, 66, 66, 65, 65, 65, 65, 64, 64, 64, 64, 63, 63, 62, 61, 61, 60, 52]","dict_values([39, 44, 36, 43, 38, 46, 36, 34, 46, 46, 50, 48, 39, 43, 46, 40, 44, 41, 45, 44, 37, 43, 35, 40, 43, 47, 51, 42, 43, 45, 43, 46, 44, 49, 34, 33, 44, 46, 39, 37, 37, 39, 41, 42, 38, 48, 49, 40, 30, 43, 31, 43, 40, 43, 37, 45, 38, 39, 49, 43, 34, 30, 39, 44, 38, 45, 43, 36, 35, 36, 41, 48, 41, 50, 44])",0.05187290131316958
46,72.24,0.49158192855765664,"{0: 0.007654981326888563, 1: 0.00706792059752367, 2: 0.006740807176774915, 3: 0.005642322998115447, 4: 0.006925256369608343, 5: 0.0049913531795140464, 6: 0.008520005734504057, 7: 0.005223102415609528, 8: 0.00581001141413241, 9: 0.00351769052741232, 10: 0.006328757621129295, 11: 0.005946520171157237, 12: 0.010938211416153903, 13: 0.005170404165961971, 14: 0.0069188136908977975, 15: 0.008754552158244095, 16: 0.006823163838440897, 17: 0.005503893447852123, 18: 0.004802335457577464, 19: 0.005503979643952207, 20: 0.00845953084524122, 21: 0.009421139053459883, 22: 0.005873143389577663, 23: 0.005085692679484845, 24: 0.005856570509331415, 25: 0.006903732879011174, 26: 0.00808895110585843, 27: 0.008738396897271386, 28: 0.008039053628130456, 29: 0.007714872710873827, 30: 0.010204911473772832, 31: 0.006464224477257145, 32: 0.0056080499035728705, 33: 0.006592829922225305, 34: 0.005996794850585783, 35: 0.007938639608661714, 36: 0.007355311314174397, 37: 0.0076649393741221586, 38: 0.006627983879803628, 39: 0.00645175133745726, 40: 0.009612337157527755, 41: 0.00705532803085987, 42: 0.008615734314859706, 43: 0.009404877693980447, 44: 0.005506117139228259, 45: 0.005761675695280265, 46: 0.00878997194660613, 47: 0.007105229595961574, 48: 0.0075681567486870095, 49: 0.008042755335114019, 50: 0.006092125508640903, 51: 0.0059324650518826905, 52: 0.005904619305603035, 53: 0.008735195207134446, 54: 0.006335326782752064, 55: 0.006475467674337682, 56: 0.007417848416408921, 57: 0.005097872581585982, 58: 0.008332565241472158, 59: 0.008380951285532623, 60: 0.00469430815552649, 61: 0.010077162753547296, 62: 0.008048189163918223, 63: 0.005526103779775302, 64: 0.007620674023903291, 65: 0.007494693742135433, 66: 0.004990149525847903, 67: 0.006380460747641369, 68: 0.005540576101482218, 69: 0.009558993465087833, 70: 0.006637063849927982, 71: 0.006259889377983146, 72: 0.007026410076111792, 73: 0.00951606791600521, 74: 0.0065083607025176}","[87, 86, 86, 85, 83, 83, 83, 83, 82, 82, 80, 80, 79, 78, 78, 78, 78, 78, 78, 77, 77, 77, 76, 76, 76, 76, 75, 75, 75, 75, 74, 74, 74, 74, 73, 72, 72, 72, 72, 72, 71, 71, 71, 70, 70, 70, 70, 70, 69, 68, 68, 68, 68, 68, 67, 67, 66, 66, 66, 65, 65, 65, 65, 65, 64, 64, 64, 64, 63, 63, 62, 61, 61, 61, 51]","dict_values([39, 44, 36, 43, 38, 46, 36, 34, 46, 46, 50, 48, 39, 43, 46, 40, 44, 41, 45, 44, 37, 43, 35, 40, 43, 47, 51, 42, 43, 45, 43, 46, 44, 49, 34, 33, 44, 46, 39, 37, 37, 39, 41, 42, 38, 48, 49, 40, 30, 43, 31, 43, 40, 43, 37, 45, 38, 39, 49, 43, 34, 30, 39, 44, 38, 45, 43, 36, 35, 36, 41, 48, 41, 50, 44])",0.057560071080893116
47,72.08,0.48996887202887945,"{0: 0.007680929702547295, 1: 0.006806046924153584, 2: 0.006502124002539049, 3: 0.00615655263293545, 4: 0.006826568548451468, 5: 0.005423630427820861, 6: 0.008057271390036333, 7: 0.005319843921856292, 8: 0.005816862312936263, 9: 0.003532713806490491, 10: 0.0063485427478813024, 11: 0.005646341596304904, 12: 0.010762252519619599, 13: 0.005396413872489832, 14: 0.006771249626060557, 15: 0.008522019308796232, 16: 0.006735620493028762, 17: 0.0054877129503456655, 18: 0.005236202777525631, 19: 0.005700840393563929, 20: 0.00834254243642572, 21: 0.009414384941685013, 22: 0.005440131935514328, 23: 0.005309180816439565, 24: 0.005795044374738156, 25: 0.006774980860356664, 26: 0.007862818815638004, 27: 0.00910230276440922, 28: 0.007650999102606439, 29: 0.007977755460482351, 30: 0.00966389505365795, 31: 0.006723956628249228, 32: 0.005619770005565282, 33: 0.0066154552941549045, 34: 0.006044475706541594, 35: 0.007899494726182425, 36: 0.006902705959694307, 37: 0.00778716300886476, 38: 0.006353026188572175, 39: 0.006747312403997136, 40: 0.009553212709789188, 41: 0.00707678127233249, 42: 0.008979367435791526, 43: 0.009742455396399572, 44: 0.005750707599515745, 45: 0.005559946728131271, 46: 0.008820558690468883, 47: 0.007363190897943253, 48: 0.007752819564022778, 49: 0.007921345097832823, 50: 0.006022143460682716, 51: 0.00580909001932377, 52: 0.005958969600792636, 53: 0.00938746537992697, 54: 0.0063784164001082074, 55: 0.006153335502844264, 56: 0.007670123213181978, 57: 0.005677538672966162, 58: 0.008341385257188354, 59: 0.008486179279940205, 60: 0.004730373126915186, 61: 0.010164557931913171, 62: 0.007797605228362977, 63: 0.005563561713376004, 64: 0.007729133833066125, 65: 0.007728260779352286, 66: 0.004910447573721624, 67: 0.006169469320562225, 68: 0.00574710023535642, 69: 0.009736890039224823, 70: 0.00691142846213597, 71: 0.006204847874229214, 72: 0.006698488543210055, 73: 0.009458552036043616, 74: 0.006314141711215827}","[87, 86, 84, 84, 84, 83, 83, 83, 82, 81, 81, 80, 79, 78, 78, 78, 78, 77, 76, 76, 76, 76, 76, 76, 75, 75, 75, 75, 75, 75, 74, 74, 73, 73, 73, 73, 72, 72, 71, 71, 70, 70, 70, 70, 69, 69, 69, 69, 68, 68, 68, 68, 68, 68, 67, 67, 66, 66, 66, 66, 66, 66, 65, 65, 65, 64, 64, 64, 64, 63, 63, 62, 62, 62, 51]","dict_values([39, 44, 36, 43, 38, 46, 36, 34, 46, 46, 50, 48, 39, 43, 46, 40, 44, 41, 45, 44, 37, 43, 35, 40, 43, 47, 51, 42, 43, 45, 43, 46, 44, 49, 34, 33, 44, 46, 39, 37, 37, 39, 41, 42, 38, 48, 49, 40, 30, 43, 31, 43, 40, 43, 37, 45, 38, 39, 49, 43, 34, 30, 39, 44, 38, 45, 43, 36, 35, 36, 41, 48, 41, 50, 44])",0.0536540906508423
45,71.76,0.4871830834750953,"{0: 0.007759294109493144, 1: 0.006381226309242839, 2: 0.00671206310283886, 3: 0.006055917556774065, 4: 0.006671393249248323, 5: 0.005201742770000898, 6: 0.008188758510325592, 7: 0.005398070586643415, 8: 0.005687736956330946, 9: 0.003559627994050113, 10: 0.006281359254832493, 11: 0.0056147414382496435, 12: 0.010384132796117012, 13: 0.0054289580156733205, 14: 0.006917501882508511, 15: 0.008663831937212632, 16: 0.006614155208563047, 17: 0.005365561995632759, 18: 0.005355703140436933, 19: 0.005722193408724073, 20: 0.008553269038286742, 21: 0.009739197371573822, 22: 0.0055207372129164045, 23: 0.0055421399682113424, 24: 0.005732801459013428, 25: 0.0068785511757127075, 26: 0.007999463605351656, 27: 0.009293506689328851, 28: 0.007693472557928556, 29: 0.008256553132692716, 30: 0.009257284808277203, 31: 0.006772383905329212, 32: 0.006018990084274097, 33: 0.006632286457293663, 34: 0.00616022493303002, 35: 0.007895983967162536, 36: 0.006822322658860608, 37: 0.007585427936574196, 38: 0.006182464636318071, 39: 0.0066233138238780504, 40: 0.009442422771743415, 41: 0.006904352609149604, 42: 0.009056676648239875, 43: 0.009492527300510712, 44: 0.005761017398224211, 45: 0.005851011974074561, 46: 0.008390809180497382, 47: 0.007559801947662355, 48: 0.008130338527281263, 49: 0.00791570919164585, 50: 0.005934521828209727, 51: 0.00583129500089218, 52: 0.006037861478252049, 53: 0.009957958668696655, 54: 0.0065210014848535065, 55: 0.006527027643441265, 56: 0.007596925517343089, 57: 0.005790095572485301, 58: 0.008618402579772836, 59: 0.00844154724462283, 60: 0.004632266979156983, 61: 0.010025644468571843, 62: 0.007889696005645796, 63: 0.005509500817788559, 64: 0.008043294686454297, 65: 0.007737981698154055, 66: 0.004765769034136698, 67: 0.006304865420075509, 68: 0.006036027875321369, 69: 0.009834618064430407, 70: 0.006540357261328657, 71: 0.006127092160878911, 72: 0.006965696967879811, 73: 0.009630092196558573, 74: 0.006319872659807867}","[86, 84, 84, 83, 83, 83, 82, 82, 82, 81, 81, 80, 78, 78, 78, 78, 77, 77, 77, 76, 76, 76, 76, 76, 76, 75, 75, 74, 74, 74, 73, 73, 73, 72, 72, 72, 72, 71, 71, 70, 70, 70, 70, 70, 69, 69, 69, 69, 68, 68, 68, 68, 67, 67, 67, 67, 66, 66, 66, 65, 65, 65, 65, 65, 65, 65, 64, 64, 64, 63, 63, 61, 61, 61, 51]","dict_values([39, 44, 36, 43, 38, 46, 36, 34, 46, 46, 50, 48, 39, 43, 46, 40, 44, 41, 45, 44, 37, 43, 35, 40, 43, 47, 51, 42, 43, 45, 43, 46, 44, 49, 34, 33, 44, 46, 39, 37, 37, 39, 41, 42, 38, 48, 49, 40, 30, 43, 31, 43, 40, 43, 37, 45, 38, 39, 49, 43, 34, 30, 39, 44, 38, 45, 43, 36, 35, 36, 41, 48, 41, 50, 44])",0.05365670364943306
44,71.38666666666667,0.4843749414273602,"{0: 0.007731358607481339, 1: 0.006562656276972429, 2: 0.00667847061731312, 3: 0.0059749849850243165, 4: 0.006606414293348401, 5: 0.00540733785085797, 6: 0.008260281187017306, 7: 0.005309245722624799, 8: 0.005559612053625242, 9: 0.0036875108959770705, 10: 0.0063021085662848565, 11: 0.005691707108263292, 12: 0.010178928232177068, 13: 0.005736355037764545, 14: 0.006997020253863113, 15: 0.00886643401275526, 16: 0.006868234388612308, 17: 0.005308069436798574, 18: 0.005251641047049992, 19: 0.005491874404101938, 20: 0.008384997073031468, 21: 0.009986871363434794, 22: 0.005474874557207861, 23: 0.005496387647159245, 24: 0.005963527163390434, 25: 0.006946404617561432, 26: 0.008449709754154388, 27: 0.009053915283260928, 28: 0.007454369062623551, 29: 0.008368753979206525, 30: 0.008943501153809041, 31: 0.006378267615323155, 32: 0.005940738325731869, 33: 0.006507450891803125, 34: 0.0063090658621916176, 35: 0.007969104258659074, 36: 0.007109033750474549, 37: 0.00768103238504322, 38: 0.005827159211529043, 39: 0.006683822003245421, 40: 0.009892322105596435, 41: 0.007645955948104496, 42: 0.009192256846744445, 43: 0.009419559101846019, 44: 0.005788547999547285, 45: 0.005749264146124364, 46: 0.008741668310640426, 47: 0.007604555378025588, 48: 0.008094361624852097, 49: 0.007962084504810056, 50: 0.005988227638664641, 51: 0.005962326257303641, 52: 0.0061335052414854445, 53: 0.010010577245540836, 54: 0.00662375791303153, 55: 0.006474163312479358, 56: 0.007728090783877343, 57: 0.006048252004166629, 58: 0.008465910249541868, 59: 0.008587450167077569, 60: 0.004719474604700865, 61: 0.009676197155989958, 62: 0.007966635505471265, 63: 0.005579060032765153, 64: 0.007968652116171001, 65: 0.00800114218156626, 66: 0.004687584525170292, 67: 0.0062497326166177465, 68: 0.006172042580573096, 69: 0.009859354317715468, 70: 0.006649228292331022, 71: 0.005664469868116063, 72: 0.007133461931734899, 73: 0.009244239384023864, 74: 0.006756716408158818}","[85, 84, 83, 83, 82, 81, 81, 81, 81, 81, 80, 80, 79, 78, 77, 77, 77, 77, 77, 77, 76, 76, 76, 76, 75, 75, 75, 74, 74, 74, 73, 73, 73, 72, 72, 72, 72, 71, 71, 71, 70, 70, 69, 69, 69, 69, 68, 68, 68, 68, 67, 67, 67, 67, 66, 66, 65, 65, 65, 65, 65, 64, 64, 64, 64, 64, 64, 64, 63, 62, 62, 61, 61, 60, 52]","dict_values([39, 44, 36, 43, 38, 46, 36, 34, 46, 46, 50, 48, 39, 43, 46, 40, 44, 41, 45, 44, 37, 43, 35, 40, 43, 47, 51, 42, 43, 45, 43, 46, 44, 49, 34, 33, 44, 46, 39, 37, 37, 39, 41, 42, 38, 48, 49, 40, 30, 43, 31, 43, 40, 43, 37, 45, 38, 39, 49, 43, 34, 30, 39, 44, 38, 45, 43, 36, 35, 36, 41, 48, 41, 50, 44])",0.05566239004656354
45,71.46666666666667,0.4851132952002186,"{0: 0.007892759907490221, 1: 0.006669838393758708, 2: 0.006544818910564025, 3: 0.005915126672001801, 4: 0.006479400678192779, 5: 0.005615221445625988, 6: 0.008090660740946538, 7: 0.004943416009971641, 8: 0.005706308204494309, 9: 0.003727945057792269, 10: 0.006428859290868663, 11: 0.005719691606728154, 12: 0.010199463912105768, 13: 0.0059974696674220075, 14: 0.006597147839539284, 15: 0.008916232750782006, 16: 0.007133286772178946, 17: 0.005150655628261518, 18: 0.005215822240184997, 19: 0.0056487266913618096, 20: 0.008318097445936881, 21: 0.010537645099423542, 22: 0.005496717926055841, 23: 0.005203448699125582, 24: 0.006031723819507533, 25: 0.00711453772118706, 26: 0.008654456550083093, 27: 0.008879995567205421, 28: 0.007144931305323277, 29: 0.008738184112962687, 30: 0.008136057258383395, 31: 0.006741018298511425, 32: 0.0058095303693889684, 33: 0.006220931008753446, 34: 0.0059302584026155155, 35: 0.007538338466865969, 36: 0.006696574800504326, 37: 0.007558997421435046, 38: 0.006157826887052295, 39: 0.006461644646313473, 40: 0.010072460983699323, 41: 0.00715733054165658, 42: 0.00890190368104577, 43: 0.009437155453021252, 44: 0.0058954829054398, 45: 0.005811883814790865, 46: 0.008834638444901064, 47: 0.00759889034688422, 48: 0.008051651957838362, 49: 0.008083616699702945, 50: 0.005878856046182155, 51: 0.006123734877948361, 52: 0.006397724008653211, 53: 0.010288369011362203, 54: 0.006666225927071139, 55: 0.006891203039597416, 56: 0.007169077160731027, 57: 0.0057849370249566994, 58: 0.008539631546987104, 59: 0.008641660460873288, 60: 0.004827603138952865, 61: 0.010161343614407126, 62: 0.008140853600418841, 63: 0.005525700129912322, 64: 0.007713289460420289, 65: 0.008141790013582867, 66: 0.004082053024703264, 67: 0.006715543900082728, 68: 0.006255907076416733, 69: 0.009778671449057573, 70: 0.0067554355787253564, 71: 0.0060615077684362546, 72: 0.007168478559030658, 73: 0.009012653367530219, 74: 0.006753676524975032}","[86, 85, 83, 83, 82, 82, 82, 81, 81, 81, 79, 79, 79, 79, 78, 78, 78, 77, 77, 76, 76, 76, 76, 75, 75, 75, 74, 73, 73, 73, 73, 72, 72, 72, 72, 71, 71, 71, 71, 71, 71, 70, 70, 70, 70, 69, 69, 69, 69, 68, 68, 68, 68, 67, 67, 67, 66, 66, 66, 66, 64, 64, 64, 64, 64, 64, 63, 63, 63, 63, 62, 61, 61, 56, 52]","dict_values([39, 44, 36, 43, 38, 46, 36, 34, 46, 46, 50, 48, 39, 43, 46, 40, 44, 41, 45, 44, 37, 43, 35, 40, 43, 47, 51, 42, 43, 45, 43, 46, 44, 49, 34, 33, 44, 46, 39, 37, 37, 39, 41, 42, 38, 48, 49, 40, 30, 43, 31, 43, 40, 43, 37, 45, 38, 39, 49, 43, 34, 30, 39, 44, 38, 45, 43, 36, 35, 36, 41, 48, 41, 50, 44])",0.05512043328135442
46,71.57333333333334,0.48557220568364773,"{0: 0.008260087905625019, 1: 0.006529544053904887, 2: 0.0063506694013736814, 3: 0.006076932325830571, 4: 0.006357091771065677, 5: 0.005811998603712213, 6: 0.007686970454609203, 7: 0.0049422222641137955, 8: 0.005847616190471555, 9: 0.0038559125055030595, 10: 0.006256951526176143, 11: 0.005668496974573494, 12: 0.010469397548117267, 13: 0.006148481409180028, 14: 0.006848312625017025, 15: 0.008569062348318765, 16: 0.007223853745129744, 17: 0.005234769566452038, 18: 0.005090032830226915, 19: 0.005588693694174436, 20: 0.008084421205414093, 21: 0.010246400372521258, 22: 0.0049981613488197275, 23: 0.005205372300537582, 24: 0.00619311377621093, 25: 0.0065450354724109734, 26: 0.008344967535630007, 27: 0.00898592199070072, 28: 0.00682610422923292, 29: 0.008696813744800058, 30: 0.008226995363066227, 31: 0.006812680009166103, 32: 0.005864452610055434, 33: 0.006261919105804693, 34: 0.00608977311585757, 35: 0.0072738823097838225, 36: 0.007142232231024858, 37: 0.007549018961069174, 38: 0.006336162097555039, 39: 0.0064726576317906525, 40: 0.00984585640012732, 41: 0.007074023230724555, 42: 0.00903198500521653, 43: 0.00968527850328309, 44: 0.005944390223504271, 45: 0.00624945276603125, 46: 0.009071013715898614, 47: 0.00782452292123304, 48: 0.007740114804064565, 49: 0.00810440286879121, 50: 0.006237487575540399, 51: 0.006194827833947654, 52: 0.0063428436117542175, 53: 0.009658409521559212, 54: 0.0069929051977905225, 55: 0.006548356245936339, 56: 0.007002839016170242, 57: 0.006186521815475914, 58: 0.008339296612271724, 59: 0.008107069663007043, 60: 0.005324065099818949, 61: 0.010438771567663976, 62: 0.008267111732949136, 63: 0.005499147494952151, 64: 0.007686985581911429, 65: 0.007662816099224301, 66: 0.004361463161989421, 67: 0.006191925432053979, 68: 0.005948777262052222, 69: 0.010087859500410268, 70: 0.006983474944033607, 71: 0.006025104011378802, 72: 0.007321875848752275, 73: 0.00890846151573042, 74: 0.006681622932733988}","[86, 85, 84, 84, 83, 82, 82, 81, 81, 80, 80, 80, 80, 79, 79, 77, 77, 77, 76, 76, 76, 75, 75, 75, 75, 74, 74, 74, 73, 73, 73, 72, 71, 71, 71, 71, 71, 71, 71, 71, 70, 70, 70, 70, 69, 69, 69, 69, 69, 69, 69, 69, 69, 68, 67, 67, 66, 66, 66, 66, 66, 65, 64, 64, 64, 64, 64, 64, 64, 63, 61, 61, 61, 57, 53]","dict_values([39, 44, 36, 43, 38, 46, 36, 34, 46, 46, 50, 48, 39, 43, 46, 40, 44, 41, 45, 44, 37, 43, 35, 40, 43, 47, 51, 42, 43, 45, 43, 46, 44, 49, 34, 33, 44, 46, 39, 37, 37, 39, 41, 42, 38, 48, 49, 40, 30, 43, 31, 43, 40, 43, 37, 45, 38, 39, 49, 43, 34, 30, 39, 44, 38, 45, 43, 36, 35, 36, 41, 48, 41, 50, 44])",0.05781417618564283
47,71.65333333333334,0.48652820865130747,"{0: 0.008225699298295471, 1: 0.006512817087531029, 2: 0.006617666533175057, 3: 0.006128008422339964, 4: 0.00633035718269102, 5: 0.005583950566394032, 6: 0.007585227186247058, 7: 0.0049470574399536615, 8: 0.0059737977830465, 9: 0.00392847617832728, 10: 0.00636416169424094, 11: 0.005369686165005139, 12: 0.010437458685146464, 13: 0.006385205595422465, 14: 0.006776796031602259, 15: 0.009061387895515355, 16: 0.007205970498115085, 17: 0.004889506425137497, 18: 0.005126575188132316, 19: 0.005714341165507181, 20: 0.00770252485870998, 21: 0.010568549337514263, 22: 0.004933288100785235, 23: 0.005212426191710449, 24: 0.00620515391297212, 25: 0.006297969788764838, 26: 0.008048908461876595, 27: 0.0095063653472321, 28: 0.006939596515737107, 29: 0.00887988911355952, 30: 0.008404804000698641, 31: 0.006778557521225093, 32: 0.005711357942151419, 33: 0.006301287335073104, 34: 0.005993855044445081, 35: 0.00703646235290937, 36: 0.007398571484196221, 37: 0.0074546623979590155, 38: 0.006082186625698875, 39: 0.006746830213026441, 40: 0.009759649850878198, 41: 0.0069001837929206795, 42: 0.008928770563575562, 43: 0.00966806954064571, 44: 0.005969651432155532, 45: 0.0061497440456512046, 46: 0.00907876654760643, 47: 0.00802791083880842, 48: 0.007588424001207103, 49: 0.007981584818330466, 50: 0.006139869290412958, 51: 0.0060797469489981115, 52: 0.006548958653841578, 53: 0.009320956079994232, 54: 0.006849036917332005, 55: 0.00653490286346178, 56: 0.007063206398654295, 57: 0.00600580309025508, 58: 0.008464619768330852, 59: 0.008322213711144605, 60: 0.005284514106111246, 61: 0.010466398254636116, 62: 0.00768585814426401, 63: 0.005451399239761827, 64: 0.00788786592357131, 65: 0.007549902631879755, 66: 0.004243066902885048, 67: 0.006015786612498755, 68: 0.006353252868425506, 69: 0.009817800673397381, 70: 0.006836892828146639, 71: 0.005983552500437696, 72: 0.0076321724080484965, 73: 0.009096652259919033, 74: 0.006934314926332768}","[86, 86, 84, 84, 83, 83, 82, 82, 81, 81, 80, 80, 80, 79, 79, 77, 76, 76, 76, 76, 76, 76, 76, 75, 75, 75, 74, 74, 73, 73, 72, 72, 72, 72, 72, 71, 71, 71, 71, 71, 71, 70, 70, 70, 70, 70, 70, 69, 69, 68, 68, 68, 68, 68, 67, 67, 67, 67, 66, 66, 65, 65, 65, 65, 64, 64, 63, 63, 63, 63, 61, 61, 61, 56, 53]","dict_values([39, 44, 36, 43, 38, 46, 36, 34, 46, 46, 50, 48, 39, 43, 46, 40, 44, 41, 45, 44, 37, 43, 35, 40, 43, 47, 51, 42, 43, 45, 43, 46, 44, 49, 34, 33, 44, 46, 39, 37, 37, 39, 41, 42, 38, 48, 49, 40, 30, 43, 31, 43, 40, 43, 37, 45, 38, 39, 49, 43, 34, 30, 39, 44, 38, 45, 43, 36, 35, 36, 41, 48, 41, 50, 44])",0.05549885324992394
47,71.6,0.4862135294155349,"{0: 0.008321052090113234, 1: 0.006569740244121906, 2: 0.006640878777286239, 3: 0.0064611776480803275, 4: 0.006397232747478784, 5: 0.0057923683080280475, 6: 0.007858498934931249, 7: 0.005196694022802646, 8: 0.005680682249681798, 9: 0.003941747366421036, 10: 0.006534603473520436, 11: 0.005426115353019348, 12: 0.010479412792045518, 13: 0.00632468092810878, 14: 0.007049867410894726, 15: 0.008897175698857191, 16: 0.006939519116501893, 17: 0.005173710095469576, 18: 0.005430163772124704, 19: 0.005572457812091182, 20: 0.007517938573727154, 21: 0.01085052112682409, 22: 0.0048290457524517915, 23: 0.005517529450171705, 24: 0.005931447561586571, 25: 0.00579516866838212, 26: 0.007620320806613861, 27: 0.009847337695132673, 28: 0.006726861246190044, 29: 0.008408886959750155, 30: 0.008379671311091193, 31: 0.0067798916692023365, 32: 0.005551969105706622, 33: 0.006335097559150276, 34: 0.006006042849895485, 35: 0.006662125810469196, 36: 0.007857625546574078, 37: 0.007301176006688728, 38: 0.006350950797461662, 39: 0.00697041223750628, 40: 0.009268197396991874, 41: 0.007766882426889194, 42: 0.00918657142652987, 43: 0.009704053845901955, 44: 0.006107739338573583, 45: 0.006486629922620266, 46: 0.00850182564704484, 47: 0.008045393818689395, 48: 0.007643471132883389, 49: 0.007849654257746091, 50: 0.006070157060624149, 51: 0.005824420393069311, 52: 0.006741438904256198, 53: 0.00923482751779917, 54: 0.006700736572972515, 55: 0.006743151707561521, 56: 0.007133218408919962, 57: 0.005838778646071246, 58: 0.008356344547029102, 59: 0.008524459912910001, 60: 0.005300712132036599, 61: 0.009847043918468091, 62: 0.007641751158393797, 63: 0.0056234540778215105, 64: 0.0076957182611457385, 65: 0.007284902368571302, 66: 0.004330018794219801, 67: 0.0060047145833888455, 68: 0.006242080801222648, 69: 0.009722998719539829, 70: 0.006556756438760576, 71: 0.0061704709374894385, 72: 0.008145296820356872, 73: 0.009502229838225006, 74: 0.00663522493865889}","[87, 86, 85, 85, 83, 83, 81, 81, 81, 81, 79, 79, 79, 79, 77, 77, 77, 77, 76, 76, 75, 75, 75, 75, 75, 75, 75, 74, 73, 73, 73, 72, 72, 72, 72, 71, 71, 71, 70, 70, 70, 70, 70, 70, 69, 69, 69, 69, 69, 68, 68, 68, 68, 68, 68, 68, 67, 67, 66, 66, 66, 64, 64, 64, 64, 64, 64, 63, 63, 63, 63, 62, 61, 57, 53]","dict_values([39, 44, 36, 43, 38, 46, 36, 34, 46, 46, 50, 48, 39, 43, 46, 40, 44, 41, 45, 44, 37, 43, 35, 40, 43, 47, 51, 42, 43, 45, 43, 46, 44, 49, 34, 33, 44, 46, 39, 37, 37, 39, 41, 42, 38, 48, 49, 40, 30, 43, 31, 43, 40, 43, 37, 45, 38, 39, 49, 43, 34, 30, 39, 44, 38, 45, 43, 36, 35, 36, 41, 48, 41, 50, 44])",0.055469762699874095
47,71.52,0.48559228317452097,"{0: 0.008346281194198255, 1: 0.006829363750800003, 2: 0.00680526620877393, 3: 0.006468550261202898, 4: 0.006621265167935626, 5: 0.0060608314961043104, 6: 0.007956608910391556, 7: 0.005164822032638734, 8: 0.005635518182997492, 9: 0.004018949243300756, 10: 0.006751749577739141, 11: 0.005626180812570955, 12: 0.010445350445584886, 13: 0.006073828119337738, 14: 0.006940162944602488, 15: 0.008672380458003533, 16: 0.0068002340986909535, 17: 0.005058598172843802, 18: 0.0057535368087861995, 19: 0.0053366167808804685, 20: 0.007721796749789143, 21: 0.010603746436019683, 22: 0.0046523900639990345, 23: 0.0055245588600150546, 24: 0.005905475058608741, 25: 0.0060254018996131024, 26: 0.007288201944792733, 27: 0.010229450269380285, 28: 0.006289611166256192, 29: 0.008598157483217104, 30: 0.008448333273305986, 31: 0.00680778783981355, 32: 0.005767670186314508, 33: 0.006442000503301366, 34: 0.005811312819199148, 35: 0.006262207284093548, 36: 0.007869049356986763, 37: 0.007029627818040651, 38: 0.006138997739330282, 39: 0.0069404191160747615, 40: 0.008898761139943579, 41: 0.00834366348766606, 42: 0.008944797226036976, 43: 0.009621793909632095, 44: 0.005760271391482013, 45: 0.006395576719013251, 46: 0.008602261001747094, 47: 0.008390410735642099, 48: 0.007466607328606276, 49: 0.007926665395419913, 50: 0.006430573654660384, 51: 0.005844996914385457, 52: 0.00677080678206337, 53: 0.00954232006816351, 54: 0.0066093080363487395, 55: 0.006905845254403466, 56: 0.006927425350478738, 57: 0.005851080129196064, 58: 0.00822324189648731, 59: 0.008652386962482892, 60: 0.005412139992062883, 61: 0.00997434601948437, 62: 0.007555565020919854, 63: 0.005485384266168101, 64: 0.007669848764736614, 65: 0.007032018534863611, 66: 0.0043663362556095025, 67: 0.005977050588394296, 68: 0.006311009074381485, 69: 0.009659218591109596, 70: 0.0065764873154664245, 71: 0.0064472159199199545, 72: 0.008239620346210478, 73: 0.009592376561824401, 74: 0.006784774949409366}","[86, 86, 85, 85, 83, 83, 82, 81, 80, 80, 80, 80, 79, 78, 77, 77, 77, 77, 77, 77, 76, 76, 76, 75, 75, 74, 73, 73, 73, 72, 72, 72, 72, 72, 72, 71, 71, 71, 71, 71, 70, 70, 70, 69, 69, 69, 69, 68, 68, 68, 68, 67, 67, 67, 67, 67, 67, 67, 67, 66, 66, 65, 64, 64, 64, 64, 64, 63, 63, 63, 63, 62, 60, 57, 54]","dict_values([39, 44, 36, 43, 38, 46, 36, 34, 46, 46, 50, 48, 39, 43, 46, 40, 44, 41, 45, 44, 37, 43, 35, 40, 43, 47, 51, 42, 43, 45, 43, 46, 44, 49, 34, 33, 44, 46, 39, 37, 37, 39, 41, 42, 38, 48, 49, 40, 30, 43, 31, 43, 40, 43, 37, 45, 38, 39, 49, 43, 34, 30, 39, 44, 38, 45, 43, 36, 35, 36, 41, 48, 41, 50, 44])",0.05927827742160424
48,71.65333333333334,0.48646318292657603,"{0: 0.00830345415663546, 1: 0.006658608611289682, 2: 0.007010024763859394, 3: 0.006850848303045541, 4: 0.006806016469126567, 5: 0.006024228139681371, 6: 0.00795376863644378, 7: 0.005144830632453648, 8: 0.005642711967039202, 9: 0.00414909527687671, 10: 0.0067155183253543105, 11: 0.005371486921814116, 12: 0.00976034085751996, 13: 0.005992607400577155, 14: 0.007507514707415859, 15: 0.008742504225950716, 16: 0.006531791597520716, 17: 0.005049482585266704, 18: 0.005922875210108926, 19: 0.005115035271376027, 20: 0.007756811575580573, 21: 0.010607796531705203, 22: 0.0044308152060837155, 23: 0.005422359351972937, 24: 0.0062140624789377204, 25: 0.006207307849587641, 26: 0.007304279082426625, 27: 0.010202977675703894, 28: 0.0063709055586538615, 29: 0.008097687516382786, 30: 0.008231057435448358, 31: 0.0068207304179302665, 32: 0.0055309534858945415, 33: 0.006390189715780831, 34: 0.005770015791537117, 35: 0.006657583511823541, 36: 0.00810321004294501, 37: 0.007228639011399532, 38: 0.0061175817172789, 39: 0.0070481497113477785, 40: 0.0089924602474844, 41: 0.008311267431599064, 42: 0.008726991952692971, 43: 0.00967676910876578, 44: 0.005930082724277896, 45: 0.00583620361721734, 46: 0.008602348793890444, 47: 0.008354850815367609, 48: 0.007417979612003446, 49: 0.008299395026587589, 50: 0.0065962787073403925, 51: 0.005507542042239036, 52: 0.0071843671141985236, 53: 0.009196898822551586, 54: 0.006733481287934996, 55: 0.00707056735617069, 56: 0.006938143444545099, 57: 0.005754626210840011, 58: 0.008500962000598317, 59: 0.008644215567325197, 60: 0.005311664851174749, 61: 0.00936412859471014, 62: 0.007461463592379802, 63: 0.005221111315938493, 64: 0.008029384164393256, 65: 0.006808489695592944, 66: 0.004227420482829397, 67: 0.006113802301186124, 68: 0.006369015542873045, 69: 0.0094371032780389, 70: 0.006579148318516401, 71: 0.006356551656259065, 72: 0.008301578807516995, 73: 0.009624712868956347, 74: 0.006742027920818903}","[86, 86, 86, 83, 83, 83, 81, 80, 80, 79, 79, 79, 78, 78, 78, 78, 78, 78, 77, 77, 77, 77, 76, 75, 75, 75, 74, 74, 73, 73, 73, 72, 72, 72, 72, 72, 72, 72, 72, 71, 70, 70, 70, 70, 70, 69, 69, 69, 69, 68, 68, 68, 68, 67, 67, 67, 67, 67, 67, 67, 66, 65, 65, 64, 63, 63, 63, 63, 63, 62, 62, 62, 59, 56, 55]","dict_values([39, 44, 36, 43, 38, 46, 36, 34, 46, 46, 50, 48, 39, 43, 46, 40, 44, 41, 45, 44, 37, 43, 35, 40, 43, 47, 51, 42, 43, 45, 43, 46, 44, 49, 34, 33, 44, 46, 39, 37, 37, 39, 41, 42, 38, 48, 49, 40, 30, 43, 31, 43, 40, 43, 37, 45, 38, 39, 49, 43, 34, 30, 39, 44, 38, 45, 43, 36, 35, 36, 41, 48, 41, 50, 44])",0.056314092207321115
49,72.05333333333333,0.4892535596438721,"{0: 0.008322843060619148, 1: 0.006908190099219366, 2: 0.0072978172165183925, 3: 0.006868834145281776, 4: 0.007243493070577273, 5: 0.00615136592591602, 6: 0.00790257636266907, 7: 0.005140487187843715, 8: 0.005862689007156812, 9: 0.0043321974280998, 10: 0.006916603675016527, 11: 0.005251660681036016, 12: 0.009457545883979568, 13: 0.006178712194291929, 14: 0.007273342072111413, 15: 0.008735698911110616, 16: 0.006411638489060363, 17: 0.004664946007434988, 18: 0.005710711218631305, 19: 0.0049459454883289105, 20: 0.00839774926526425, 21: 0.010605799819397192, 22: 0.004244840061073261, 23: 0.005398347967912244, 24: 0.006054832203250782, 25: 0.0062819981269954086, 26: 0.00739673423002595, 27: 0.010162582592559949, 28: 0.006416415444475832, 29: 0.008001358675782519, 30: 0.008086398777003762, 31: 0.006880498159587873, 32: 0.005738051321661944, 33: 0.006559756808009905, 34: 0.006075505335967186, 35: 0.0067673104810321945, 36: 0.007914574705937047, 37: 0.0072027548529332965, 38: 0.006223224431625995, 39: 0.00668771052449728, 40: 0.009030207097099355, 41: 0.008161449444544788, 42: 0.008552549807751438, 43: 0.009595848872785997, 44: 0.005601875847806812, 45: 0.005820659505504534, 46: 0.008430874698767165, 47: 0.008456750998030955, 48: 0.007138584115009698, 49: 0.00795147290323675, 50: 0.006677027427989434, 51: 0.005349036585315856, 52: 0.00703196451735516, 53: 0.009022701984128783, 54: 0.00718834929519914, 55: 0.006572945370466088, 56: 0.006933252577772988, 57: 0.006007081356438836, 58: 0.008145221575719454, 59: 0.008561453380725932, 60: 0.004977393300231927, 61: 0.00926311459359251, 62: 0.0073817960885673006, 63: 0.005154110691672619, 64: 0.00802143350047182, 65: 0.006792464055152341, 66: 0.004413808664813001, 67: 0.006246469666499478, 68: 0.006283842566387521, 69: 0.009487662840709975, 70: 0.006680364546777887, 71: 0.005892085080236904, 72: 0.007826672459630188, 73: 0.009257705065845183, 74: 0.006630171258365121}","[87, 87, 87, 84, 82, 82, 80, 80, 80, 80, 79, 79, 79, 79, 79, 79, 78, 78, 78, 78, 77, 77, 77, 76, 75, 74, 74, 74, 74, 74, 74, 74, 73, 73, 73, 72, 72, 71, 71, 71, 71, 70, 70, 70, 70, 70, 70, 70, 69, 69, 69, 69, 69, 68, 68, 68, 68, 67, 67, 67, 66, 65, 65, 65, 65, 64, 63, 62, 62, 62, 61, 61, 58, 58, 57]","dict_values([39, 44, 36, 43, 38, 46, 36, 34, 46, 46, 50, 48, 39, 43, 46, 40, 44, 41, 45, 44, 37, 43, 35, 40, 43, 47, 51, 42, 43, 45, 43, 46, 44, 49, 34, 33, 44, 46, 39, 37, 37, 39, 41, 42, 38, 48, 49, 40, 30, 43, 31, 43, 40, 43, 37, 45, 38, 39, 49, 43, 34, 30, 39, 44, 38, 45, 43, 36, 35, 36, 41, 48, 41, 50, 44])",0.055130777377395704
49,72.13333333333334,0.48917217565430643,"{0: 0.00849542748420947, 1: 0.00642206737519468, 2: 0.00729691864577563, 3: 0.0067062593354872595, 4: 0.00673982505247812, 5: 0.006253957748387545, 6: 0.007737993502250563, 7: 0.0050672712113092, 8: 0.005705243194344845, 9: 0.004502045885688639, 10: 0.0069680809272107975, 11: 0.005435033799867086, 12: 0.009242385691711973, 13: 0.0062804762644180865, 14: 0.007811925471639152, 15: 0.008967801223831829, 16: 0.006413066754041453, 17: 0.004653363690611997, 18: 0.005431483698544604, 19: 0.005093938235620129, 20: 0.008896404265281415, 21: 0.010323574686909207, 22: 0.004304781962189236, 23: 0.005514687409904397, 24: 0.006133634458294463, 25: 0.006262568637505049, 26: 0.0071651351948285175, 27: 0.010455208479192738, 28: 0.0067979653318893975, 29: 0.008143909223258243, 30: 0.00817994917273443, 31: 0.006616227050197662, 32: 0.005527092300593271, 33: 0.006605654404895155, 34: 0.0060784089742676505, 35: 0.007169178851916327, 36: 0.007809265637085896, 37: 0.006993351762304755, 38: 0.005905455175427308, 39: 0.006691680464399605, 40: 0.00898538168657273, 41: 0.008673088578339363, 42: 0.008460324738527137, 43: 0.009434730877254506, 44: 0.0054621035808884305, 45: 0.005857421828105161, 46: 0.008172962498195047, 47: 0.008151617130833759, 48: 0.007099219383426368, 49: 0.008353272269097206, 50: 0.006424751801604144, 51: 0.005315992037852647, 52: 0.00674517279658218, 53: 0.00905884517095237, 54: 0.007177359395454138, 55: 0.006573914738466259, 56: 0.006889448019400028, 57: 0.006192025552985101, 58: 0.00831412841067726, 59: 0.00827224977224604, 60: 0.00532751424773913, 61: 0.009014189107172168, 62: 0.007794199230946639, 63: 0.004775106973561451, 64: 0.007815835156714076, 65: 0.006978868496930101, 66: 0.004523886658518506, 67: 0.006232049655011662, 68: 0.0062875270490507845, 69: 0.009512217757272646, 70: 0.006573781483665324, 71: 0.006128246692643947, 72: 0.007768428302727024, 73: 0.009109613572689775, 74: 0.006402620492280569}","[88, 86, 86, 84, 81, 81, 81, 81, 80, 80, 80, 79, 79, 79, 79, 79, 78, 78, 78, 78, 78, 77, 77, 77, 75, 75, 74, 74, 73, 73, 73, 73, 73, 73, 72, 72, 72, 72, 71, 71, 71, 71, 71, 71, 70, 70, 70, 70, 69, 69, 69, 69, 69, 69, 68, 67, 67, 67, 67, 66, 66, 66, 65, 64, 64, 64, 64, 63, 63, 62, 62, 61, 59, 59, 58]","dict_values([39, 44, 36, 43, 38, 46, 36, 34, 46, 46, 50, 48, 39, 43, 46, 40, 44, 41, 45, 44, 37, 43, 35, 40, 43, 47, 51, 42, 43, 45, 43, 46, 44, 49, 34, 33, 44, 46, 39, 37, 37, 39, 41, 42, 38, 48, 49, 40, 30, 43, 31, 43, 40, 43, 37, 45, 38, 39, 49, 43, 34, 30, 39, 44, 38, 45, 43, 36, 35, 36, 41, 48, 41, 50, 44])",0.056625472784362516
49,72.26666666666667,0.48970511385525356,"{0: 0.00843486284209095, 1: 0.0064258160217527905, 2: 0.007584773563609414, 3: 0.0065628766069582975, 4: 0.006829103272970005, 5: 0.006063686378815057, 6: 0.008114620155907231, 7: 0.0050329415295500635, 8: 0.006129826339413405, 9: 0.004523284756886014, 10: 0.0066452439867061295, 11: 0.005424500717258459, 12: 0.009317168002608855, 13: 0.006273321267281036, 14: 0.00802895330825662, 15: 0.008878923863135128, 16: 0.0064008996363008365, 17: 0.004912955743841431, 18: 0.005168977545222569, 19: 0.005091761417687953, 20: 0.00839599457618918, 21: 0.010219335064196894, 22: 0.004421622318007341, 23: 0.005747878467141371, 24: 0.0061105624130125425, 25: 0.0060238683603218235, 26: 0.007115758820712726, 27: 0.010797020426743102, 28: 0.006823824954589983, 29: 0.008323875174600509, 30: 0.008121025308539288, 31: 0.006832995103994975, 32: 0.005692425935678074, 33: 0.006306039202139816, 34: 0.0060004367545039, 35: 0.0073382077194300436, 36: 0.0077246720437787655, 37: 0.00692015932354789, 38: 0.00558053524962366, 39: 0.006688758192551497, 40: 0.00887798087363751, 41: 0.008853656445820512, 42: 0.008514210742855795, 43: 0.009018846063789417, 44: 0.005477462443164857, 45: 0.0057128445454940405, 46: 0.008242443967049484, 47: 0.008288465690717927, 48: 0.007375450630739547, 49: 0.008219935860952814, 50: 0.006373512011894893, 51: 0.005230741666073184, 52: 0.0064961115600220155, 53: 0.008626565919143576, 54: 0.006815244819912248, 55: 0.006199432111163864, 56: 0.006811589015744396, 57: 0.006320860297950728, 58: 0.008300380871090108, 59: 0.008029807772168107, 60: 0.005158749638294529, 61: 0.009034920086597507, 62: 0.00766070581699871, 63: 0.0045819593521454, 64: 0.00824080639875587, 65: 0.0068917196583690886, 66: 0.004757572866256711, 67: 0.006326548270717254, 68: 0.006514565308983916, 69: 0.009471822291226605, 70: 0.00662018034881319, 71: 0.006366629745559448, 72: 0.007622305021293484, 73: 0.009309440016774652, 74: 0.006358250166990515}","[89, 86, 85, 84, 82, 81, 81, 80, 80, 80, 80, 80, 79, 79, 79, 79, 79, 79, 78, 78, 77, 77, 77, 76, 76, 75, 75, 75, 74, 74, 73, 73, 73, 73, 73, 72, 72, 72, 72, 72, 71, 71, 71, 70, 70, 70, 70, 70, 69, 69, 69, 69, 68, 68, 68, 68, 67, 66, 66, 66, 66, 65, 65, 65, 65, 64, 64, 64, 63, 62, 62, 62, 60, 60, 58]","dict_values([39, 44, 36, 43, 38, 46, 36, 34, 46, 46, 50, 48, 39, 43, 46, 40, 44, 41, 45, 44, 37, 43, 35, 40, 43, 47, 51, 42, 43, 45, 43, 46, 44, 49, 34, 33, 44, 46, 39, 37, 37, 39, 41, 42, 38, 48, 49, 40, 30, 43, 31, 43, 40, 43, 37, 45, 38, 39, 49, 43, 34, 30, 39, 44, 38, 45, 43, 36, 35, 36, 41, 48, 41, 50, 44])",0.05252352228319326
51,72.37333333333333,0.4901072072200458,"{0: 0.008591832778126246, 1: 0.006360805511243995, 2: 0.0072074919234201154, 3: 0.006725254094198365, 4: 0.006856859696936885, 5: 0.005819167762006882, 6: 0.008359916573105955, 7: 0.005203805884374167, 8: 0.006186432493857554, 9: 0.004671530195693344, 10: 0.006714706209616554, 11: 0.005551922820878702, 12: 0.009091020356408195, 13: 0.006296429788226897, 14: 0.007875101838927586, 15: 0.008797495420118892, 16: 0.006282119726155821, 17: 0.004630989576837828, 18: 0.005191858619013286, 19: 0.005491769612821047, 20: 0.00856396788168407, 21: 0.009985506350224266, 22: 0.0045164544014657205, 23: 0.005554629924806127, 24: 0.00617635875572744, 25: 0.006206385462219847, 26: 0.0072906786524531, 27: 0.011387106914561575, 28: 0.006925609378982308, 29: 0.008415612514497057, 30: 0.008201877835285925, 31: 0.0067956065408041584, 32: 0.005462641645696819, 33: 0.006316312801439838, 34: 0.005921428561849282, 35: 0.007257443200819929, 36: 0.007603336493731779, 37: 0.007026992629536392, 38: 0.005520434678818398, 39: 0.006676592048030283, 40: 0.00897559043914049, 41: 0.00865480925584544, 42: 0.00828171111662988, 43: 0.009126713190719293, 44: 0.00544035125070533, 45: 0.005678540118313024, 46: 0.008259292043510962, 47: 0.008250522086050354, 48: 0.007175605577822602, 49: 0.008140557667267496, 50: 0.006432216647976881, 51: 0.0054118304954249305, 52: 0.006691963508044022, 53: 0.008509385252685457, 54: 0.006728883532358412, 55: 0.0061374498210958, 56: 0.006730568982535342, 57: 0.006244054190661065, 58: 0.008521348517498788, 59: 0.007928975856571204, 60: 0.00518237481096545, 61: 0.009142295369578026, 62: 0.007879130024300655, 63: 0.004274177452500075, 64: 0.007772301424416765, 65: 0.006531277595917249, 66: 0.0047600080501395345, 67: 0.006159585557132822, 68: 0.006993264217908234, 69: 0.008886895016235317, 70: 0.006690519159957574, 71: 0.006168861462108007, 72: 0.007496456828932275, 73: 0.009574603268652776, 74: 0.0064471368246221995}","[92, 85, 85, 84, 82, 82, 81, 80, 80, 80, 80, 80, 79, 79, 79, 79, 79, 78, 78, 78, 78, 77, 77, 76, 76, 76, 76, 74, 74, 74, 73, 73, 73, 73, 73, 73, 72, 72, 72, 72, 71, 71, 71, 70, 70, 70, 70, 69, 69, 69, 69, 69, 69, 68, 68, 68, 67, 67, 67, 67, 66, 65, 65, 65, 64, 64, 64, 64, 64, 63, 61, 61, 60, 60, 59]","dict_values([39, 44, 36, 43, 38, 46, 36, 34, 46, 46, 50, 48, 39, 43, 46, 40, 44, 41, 45, 44, 37, 43, 35, 40, 43, 47, 51, 42, 43, 45, 43, 46, 44, 49, 34, 33, 44, 46, 39, 37, 37, 39, 41, 42, 38, 48, 49, 40, 30, 43, 31, 43, 40, 43, 37, 45, 38, 39, 49, 43, 34, 30, 39, 44, 38, 45, 43, 36, 35, 36, 41, 48, 41, 50, 44])",0.05524738941996225
51,72.42666666666666,0.4908049587389576,"{0: 0.0083994108204314, 1: 0.006152813385499048, 2: 0.0074140025298359506, 3: 0.006925078089911191, 4: 0.0063974341103609335, 5: 0.005919046995177364, 6: 0.00875099416251332, 7: 0.005277499170653452, 8: 0.005865393071771143, 9: 0.004413345388370383, 10: 0.006702020960597461, 11: 0.00550567239651694, 12: 0.009306085161240228, 13: 0.006280156625091035, 14: 0.007515259801934545, 15: 0.008412593263220296, 16: 0.006273876639975765, 17: 0.004378048091876983, 18: 0.005093343078501544, 19: 0.0055176126029957825, 20: 0.008647328635041978, 21: 0.009782680245723036, 22: 0.004290982452541356, 23: 0.005535043319028515, 24: 0.006343830411801062, 25: 0.006161513970081351, 26: 0.00740206133201085, 27: 0.011304430325449814, 28: 0.007015415922680292, 29: 0.00845153223195607, 30: 0.008176643731991774, 31: 0.007274808138015709, 32: 0.005458977031393139, 33: 0.006503739499707986, 34: 0.005894166977414212, 35: 0.007337528272432015, 36: 0.006985714362645197, 37: 0.006929684059778411, 38: 0.005785969306503557, 39: 0.006651954454863326, 40: 0.0088659102441351, 41: 0.00886085721223821, 42: 0.008394166101270764, 43: 0.009265570070085697, 44: 0.005212261791437425, 45: 0.0057134467860814, 46: 0.008228417088906051, 47: 0.008273678519970615, 48: 0.006939977196632393, 49: 0.008474482236370295, 50: 0.006637931351066639, 51: 0.005244891792239457, 52: 0.006595104704567695, 53: 0.00839051100385741, 54: 0.006922571674450607, 55: 0.006134115971139574, 56: 0.006941399304727453, 57: 0.006168019927546262, 58: 0.008909385208912187, 59: 0.00806427015745262, 60: 0.00514377901094608, 61: 0.009391875434924778, 62: 0.008256973653314058, 63: 0.004000702522966132, 64: 0.007913134260410652, 65: 0.006325036086352045, 66: 0.004998640759302138, 67: 0.00614277408448694, 68: 0.006768423793201434, 69: 0.008728687341229427, 70: 0.006522609876588686, 71: 0.0061849223915269825, 72: 0.007502583695059843, 73: 0.009692816050583634, 74: 0.006376892590365701}","[92, 85, 84, 84, 82, 81, 81, 81, 81, 81, 80, 80, 80, 80, 79, 79, 79, 79, 79, 78, 78, 78, 77, 77, 77, 76, 75, 74, 74, 74, 74, 73, 73, 73, 73, 73, 73, 71, 71, 71, 71, 70, 70, 70, 70, 70, 70, 70, 69, 69, 69, 69, 69, 69, 69, 68, 68, 67, 67, 66, 65, 65, 65, 65, 64, 64, 64, 64, 64, 63, 62, 60, 60, 59, 58]","dict_values([39, 44, 36, 43, 38, 46, 36, 34, 46, 46, 50, 48, 39, 43, 46, 40, 44, 41, 45, 44, 37, 43, 35, 40, 43, 47, 51, 42, 43, 45, 43, 46, 44, 49, 34, 33, 44, 46, 39, 37, 37, 39, 41, 42, 38, 48, 49, 40, 30, 43, 31, 43, 40, 43, 37, 45, 38, 39, 49, 43, 34, 30, 39, 44, 38, 45, 43, 36, 35, 36, 41, 48, 41, 50, 44])",0.055036726668560874
51,72.4,0.49067485699084545,"{0: 0.008627874253909228, 1: 0.006516757984477076, 2: 0.007402511482313962, 3: 0.0064402550314227305, 4: 0.006205634366975863, 5: 0.005855380542066975, 6: 0.009468850044856623, 7: 0.005282887629928199, 8: 0.005753135364377657, 9: 0.004631037103269911, 10: 0.006693447815601932, 11: 0.005630764232918101, 12: 0.009665619216714653, 13: 0.006288862690272707, 14: 0.007707984839109494, 15: 0.008343014271614869, 16: 0.006261154083594304, 17: 0.0047581266376726765, 18: 0.004750688988203495, 19: 0.0052084557598814024, 20: 0.008991811038203602, 21: 0.009580409488418436, 22: 0.004430504754757479, 23: 0.00508642682722454, 24: 0.006201556801053453, 25: 0.006387616401015169, 26: 0.007189729174735903, 27: 0.01158640239756475, 28: 0.007053626020789705, 29: 0.008535246390089986, 30: 0.008260899495623926, 31: 0.007757814388875117, 32: 0.0055614935357659176, 33: 0.0065228296077871235, 34: 0.005821891908999721, 35: 0.0070814028799889095, 36: 0.006885544606079908, 37: 0.006821219646591731, 38: 0.00601529657333454, 39: 0.006651663323049202, 40: 0.008562512569200442, 41: 0.008801355627467583, 42: 0.008469961889035807, 43: 0.009397255774007464, 44: 0.005434381932385104, 45: 0.0055770116239886374, 46: 0.008538611599146465, 47: 0.008044207694762611, 48: 0.006474655256559195, 49: 0.008433982097123713, 50: 0.00652528013907347, 51: 0.005070416541346063, 52: 0.0072549463728276194, 53: 0.008407442844807439, 54: 0.006928109352772044, 55: 0.006065779554050952, 56: 0.006637841586100789, 57: 0.0062149952497942435, 58: 0.008682962800217674, 59: 0.00824986697027707, 60: 0.005169906123625793, 61: 0.00867776084558551, 62: 0.007970530772401114, 63: 0.004054291669225175, 64: 0.007984706549374271, 65: 0.006325250185689497, 66: 0.004979014425747636, 67: 0.006262027532458877, 68: 0.007034884882708416, 69: 0.008567215096440041, 70: 0.006695432977782665, 71: 0.005975134240746588, 72: 0.007479356599129037, 73: 0.009534522520768833, 74: 0.006408188049594763}","[93, 85, 83, 83, 82, 82, 82, 81, 81, 81, 80, 80, 79, 79, 79, 79, 79, 79, 79, 78, 78, 78, 78, 77, 76, 75, 75, 75, 74, 74, 74, 73, 73, 73, 73, 73, 72, 72, 72, 71, 71, 71, 70, 70, 70, 70, 70, 70, 70, 69, 69, 69, 69, 69, 69, 69, 68, 67, 66, 66, 65, 65, 64, 64, 64, 64, 63, 63, 62, 62, 62, 61, 61, 59, 59]","dict_values([39, 44, 36, 43, 38, 46, 36, 34, 46, 46, 50, 48, 39, 43, 46, 40, 44, 41, 45, 44, 37, 43, 35, 40, 43, 47, 51, 42, 43, 45, 43, 46, 44, 49, 34, 33, 44, 46, 39, 37, 37, 39, 41, 42, 38, 48, 49, 40, 30, 43, 31, 43, 40, 43, 37, 45, 38, 39, 49, 43, 34, 30, 39, 44, 38, 45, 43, 36, 35, 36, 41, 48, 41, 50, 44])",0.05211752456342063
51,72.64,0.49172406035248134,"{0: 0.008462320895482425, 1: 0.006806152872805799, 2: 0.007611245149531924, 3: 0.006047244257663626, 4: 0.006472449042014217, 5: 0.006013829607918384, 6: 0.009609089485145347, 7: 0.005088459624570423, 8: 0.005893317479743745, 9: 0.004449821518083131, 10: 0.006654139528435554, 11: 0.00580198258408348, 12: 0.009562479742127237, 13: 0.006247026646014745, 14: 0.007543809569965398, 15: 0.007990047775338658, 16: 0.0061519931100704195, 17: 0.005000449440879754, 18: 0.004843345546524146, 19: 0.00493457231425062, 20: 0.0088311258380683, 21: 0.00970179477813784, 22: 0.004585195169444993, 23: 0.005172833433998847, 24: 0.006336029559257884, 25: 0.006424375211700504, 26: 0.007088208272927933, 27: 0.01109099082564497, 28: 0.007287012276202585, 29: 0.008595127468273926, 30: 0.008004855102025083, 31: 0.007442135052605578, 32: 0.005757065209105918, 33: 0.006376674918108836, 34: 0.006247738991693893, 35: 0.00675612015156012, 36: 0.0070259457836373196, 37: 0.006851783114786174, 38: 0.005916829929812315, 39: 0.006328911378279237, 40: 0.008025765693872837, 41: 0.008635581097750774, 42: 0.008555565447588705, 43: 0.009090619479185297, 44: 0.005222468648017523, 45: 0.005518512583946383, 46: 0.00814132280351925, 47: 0.008212720137196736, 48: 0.006456952041107697, 49: 0.008336152423983383, 50: 0.006665571223961836, 51: 0.004988870198070288, 52: 0.007596596865698237, 53: 0.008024983713861334, 54: 0.006854435554581749, 55: 0.006188077661288901, 56: 0.006817582915721781, 57: 0.006310090453338314, 58: 0.008375489142375053, 59: 0.007969851673305354, 60: 0.005139961900611603, 61: 0.008661677082215795, 62: 0.00828659390253217, 63: 0.004065919405423741, 64: 0.007781803541040141, 65: 0.00644516171930973, 66: 0.004990015457337182, 67: 0.006410697733155019, 68: 0.007174573227505343, 69: 0.008512839346773217, 70: 0.006772022383761816, 71: 0.006445780261716508, 72: 0.007755230436887904, 73: 0.009136413567844302, 74: 0.0065691495536912906}","[92, 84, 84, 82, 82, 82, 82, 81, 81, 81, 80, 80, 80, 80, 80, 79, 79, 78, 78, 77, 77, 77, 77, 77, 76, 76, 76, 76, 75, 75, 74, 74, 74, 73, 73, 73, 73, 72, 72, 72, 71, 71, 71, 71, 71, 70, 70, 70, 70, 70, 70, 70, 70, 69, 69, 69, 69, 68, 67, 66, 66, 65, 64, 64, 64, 64, 64, 63, 63, 63, 62, 61, 61, 60, 58]","dict_values([39, 44, 36, 43, 38, 46, 36, 34, 46, 46, 50, 48, 39, 43, 46, 40, 44, 41, 45, 44, 37, 43, 35, 40, 43, 47, 51, 42, 43, 45, 43, 46, 44, 49, 34, 33, 44, 46, 39, 37, 37, 39, 41, 42, 38, 48, 49, 40, 30, 43, 31, 43, 40, 43, 37, 45, 38, 39, 49, 43, 34, 30, 39, 44, 38, 45, 43, 36, 35, 36, 41, 48, 41, 50, 44])",0.05217275169753389
51,72.53333333333333,0.491296383447113,"{0: 0.008297869816089404, 1: 0.006446216448559486, 2: 0.007801014559014261, 3: 0.006162797159889266, 4: 0.005958998424340989, 5: 0.005889678817435271, 6: 0.009355302406970148, 7: 0.005212439508531554, 8: 0.006056573144163858, 9: 0.004632383171433547, 10: 0.006352749324987373, 11: 0.005741682246283186, 12: 0.009664932674281246, 13: 0.006437148281624726, 14: 0.00772356977640511, 15: 0.007978203141182083, 16: 0.006190564404654853, 17: 0.004953230922914015, 18: 0.004734613397026736, 19: 0.005202646589999373, 20: 0.00886900805219112, 21: 0.009922568191370235, 22: 0.004506054658742598, 23: 0.00532811353852138, 24: 0.006366776486927696, 25: 0.0062133648482493135, 26: 0.007385394067540329, 27: 0.010850503706642844, 28: 0.00687293639493529, 29: 0.008686074700573677, 30: 0.008534758944411523, 31: 0.007444320921559637, 32: 0.005546622953240559, 33: 0.0063683970249122646, 34: 0.006031733514078277, 35: 0.006871113999020739, 36: 0.006956257730608805, 37: 0.006774769421343625, 38: 0.005722964260357236, 39: 0.006294931260695626, 40: 0.00821945205554915, 41: 0.008871115910500854, 42: 0.008413054458777592, 43: 0.008970959696434832, 44: 0.005303510001070912, 45: 0.00520955427841924, 46: 0.008027831222615621, 47: 0.008199580701139398, 48: 0.0065667234324784576, 49: 0.0086017940156675, 50: 0.006678522300956919, 51: 0.005042649037212438, 52: 0.00720694959440126, 53: 0.008029908444798478, 54: 0.006561848158737632, 55: 0.00645613807039689, 56: 0.006789000625474497, 57: 0.006817970305656012, 58: 0.008506280266599957, 59: 0.007953563075294311, 60: 0.005248778686051154, 61: 0.008482089693469601, 62: 0.00856519723521296, 63: 0.003932738369508053, 64: 0.008087534867029554, 65: 0.006806292909300344, 66: 0.0050363697373830155, 67: 0.006344767778924781, 68: 0.007272596692730659, 69: 0.008455912165322517, 70: 0.006467000979247738, 71: 0.006249738015036671, 72: 0.007775208062993499, 73: 0.009709014799248005, 74: 0.006681119892639862}","[91, 85, 83, 83, 82, 81, 81, 81, 81, 81, 80, 80, 80, 80, 80, 80, 79, 79, 78, 78, 77, 77, 77, 77, 77, 77, 75, 75, 75, 74, 74, 73, 73, 73, 73, 72, 72, 72, 72, 72, 71, 71, 71, 71, 70, 70, 70, 70, 70, 70, 70, 69, 69, 69, 69, 68, 68, 67, 67, 67, 65, 65, 65, 64, 64, 64, 64, 63, 63, 63, 63, 61, 61, 59, 59]","dict_values([39, 44, 36, 43, 38, 46, 36, 34, 46, 46, 50, 48, 39, 43, 46, 40, 44, 41, 45, 44, 37, 43, 35, 40, 43, 47, 51, 42, 43, 45, 43, 46, 44, 49, 34, 33, 44, 46, 39, 37, 37, 39, 41, 42, 38, 48, 49, 40, 30, 43, 31, 43, 40, 43, 37, 45, 38, 39, 49, 43, 34, 30, 39, 44, 38, 45, 43, 36, 35, 36, 41, 48, 41, 50, 44])",0.04889949178200691
50,72.56,0.49196689142622335,"{0: 0.008594474342765432, 1: 0.0064374953691388485, 2: 0.007985855816044794, 3: 0.006181683227695983, 4: 0.006318060997293142, 5: 0.005897846080782703, 6: 0.009067727880509585, 7: 0.005212819661677524, 8: 0.005919399949286406, 9: 0.004684974909065966, 10: 0.006369874530762701, 11: 0.005636133392550944, 12: 0.00966008411591141, 13: 0.006236599242953796, 14: 0.007833490432090513, 15: 0.00788527683396614, 16: 0.006351193888781358, 17: 0.004956726230377145, 18: 0.004736172506243767, 19: 0.0050762363802499925, 20: 0.008840802003801487, 21: 0.00994004982079785, 22: 0.0044946251664771215, 23: 0.005449277034848837, 24: 0.006144147005248619, 25: 0.006481816925039427, 26: 0.007369282055619541, 27: 0.010619810105672953, 28: 0.0070505871170236135, 29: 0.008308623111975628, 30: 0.008573896929449923, 31: 0.007965438698875124, 32: 0.005508445418035634, 33: 0.006150166871785206, 34: 0.005777173391349412, 35: 0.006970844277792396, 36: 0.0071967987622093095, 37: 0.006522667362270353, 38: 0.005277026788834896, 39: 0.00635362650389781, 40: 0.008089670431604926, 41: 0.009385376499178819, 42: 0.008571042701308639, 43: 0.008941393207625025, 44: 0.005502748638146563, 45: 0.005405915848084413, 46: 0.0078113922961624525, 47: 0.008543997010055104, 48: 0.006581830366309818, 49: 0.008555095688625702, 50: 0.0067393926079107255, 51: 0.004998955573850938, 52: 0.007170058826158949, 53: 0.007986454173036547, 54: 0.006561092774411535, 55: 0.006443827976146792, 56: 0.006594090000374235, 57: 0.006508774946102653, 58: 0.008518973954097106, 59: 0.007616983180445379, 60: 0.005215337338251029, 61: 0.008467388396203174, 62: 0.008564791148434654, 63: 0.003837699979858791, 64: 0.00797785885417832, 65: 0.006796604610493237, 66: 0.005243780035898188, 67: 0.006544401986973833, 68: 0.007134256995468402, 69: 0.00843771908971939, 70: 0.006430635976367613, 71: 0.0062856823977734625, 72: 0.0077436679478721125, 73: 0.009702630497845085, 74: 0.006748174710389952}","[90, 85, 83, 83, 82, 82, 82, 81, 81, 81, 81, 81, 80, 80, 80, 79, 79, 79, 78, 78, 77, 77, 77, 77, 77, 76, 76, 76, 75, 75, 74, 73, 73, 73, 72, 72, 72, 72, 72, 72, 71, 71, 71, 71, 71, 70, 70, 70, 70, 70, 70, 69, 69, 69, 69, 68, 68, 66, 66, 66, 65, 65, 65, 65, 65, 64, 64, 63, 63, 63, 62, 62, 61, 59, 58]","dict_values([39, 44, 36, 43, 38, 46, 36, 34, 46, 46, 50, 48, 39, 43, 46, 40, 44, 41, 45, 44, 37, 43, 35, 40, 43, 47, 51, 42, 43, 45, 43, 46, 44, 49, 34, 33, 44, 46, 39, 37, 37, 39, 41, 42, 38, 48, 49, 40, 30, 43, 31, 43, 40, 43, 37, 45, 38, 39, 49, 43, 34, 30, 39, 44, 38, 45, 43, 36, 35, 36, 41, 48, 41, 50, 44])",0.04888341065130924
50,72.72,0.49366457385371454,"{0: 0.008767676594430573, 1: 0.006386614001055167, 2: 0.007916792796640182, 3: 0.006089554219112208, 4: 0.0065159167787621, 5: 0.005867000231183707, 6: 0.008722568557622852, 7: 0.005261669936216832, 8: 0.005519430118379423, 9: 0.004739274919074539, 10: 0.006455793218340947, 11: 0.005860984505426755, 12: 0.009563061276733072, 13: 0.005931078833972221, 14: 0.007949532697145718, 15: 0.007571933811090779, 16: 0.0061544453581753485, 17: 0.004917297009101046, 18: 0.004458830823832825, 19: 0.004804081121064545, 20: 0.00900684402482572, 21: 0.009938819130689464, 22: 0.004706931877046479, 23: 0.005209304192755471, 24: 0.006041830480018925, 25: 0.007089551211489377, 26: 0.007228273775641602, 27: 0.010530486729180737, 28: 0.006879266213925084, 29: 0.008301960235185432, 30: 0.008591772991443097, 31: 0.008155035425930492, 32: 0.005724082505886476, 33: 0.0060119209815544935, 34: 0.00563888740618797, 35: 0.006890884645012742, 36: 0.007543222065182929, 37: 0.006331861808879276, 38: 0.004998010732143242, 39: 0.006604009780661413, 40: 0.008346644250569803, 41: 0.009138025507877894, 42: 0.00846856289846373, 43: 0.00909954396194455, 44: 0.00517993075132099, 45: 0.005423186817254666, 46: 0.00803968956228085, 47: 0.008502060929636554, 48: 0.0066828826065905116, 49: 0.008716123062885838, 50: 0.006671037219415088, 51: 0.005054734162523211, 52: 0.006669354706091063, 53: 0.008263707869715517, 54: 0.00643770801727244, 55: 0.006641688987812199, 56: 0.006412731067148311, 57: 0.00669741676833931, 58: 0.008420958623431047, 59: 0.007172873432692493, 60: 0.005179654431785622, 61: 0.008941152475446152, 62: 0.009198928089095266, 63: 0.0034943711036646294, 64: 0.0077260441636790396, 65: 0.0067371774381060215, 66: 0.005353214907912037, 67: 0.006653375512191174, 68: 0.0071258190930373255, 69: 0.008667139424571682, 70: 0.006377422055829883, 71: 0.006150347777112377, 72: 0.007729003422582345, 73: 0.009389599199967005, 74: 0.006945624744432249}","[90, 85, 84, 84, 83, 82, 82, 82, 82, 81, 81, 81, 81, 81, 80, 79, 79, 79, 79, 78, 78, 78, 78, 77, 77, 76, 76, 76, 75, 74, 74, 74, 73, 73, 73, 73, 72, 72, 72, 71, 71, 71, 71, 71, 71, 71, 71, 71, 70, 70, 70, 69, 69, 69, 68, 68, 68, 67, 67, 66, 65, 65, 65, 64, 64, 64, 64, 63, 63, 63, 62, 62, 61, 59, 56]","dict_values([39, 44, 36, 43, 38, 46, 36, 34, 46, 46, 50, 48, 39, 43, 46, 40, 44, 41, 45, 44, 37, 43, 35, 40, 43, 47, 51, 42, 43, 45, 43, 46, 44, 49, 34, 33, 44, 46, 39, 37, 37, 39, 41, 42, 38, 48, 49, 40, 30, 43, 31, 43, 40, 43, 37, 45, 38, 39, 49, 43, 34, 30, 39, 44, 38, 45, 43, 36, 35, 36, 41, 48, 41, 50, 44])",0.049443093679860564
50,72.77333333333333,0.494433753365399,"{0: 0.008748470969870232, 1: 0.00612666830727419, 2: 0.007640637788289794, 3: 0.00597498018765239, 4: 0.006497025299794406, 5: 0.005999045273103797, 6: 0.008384238817284331, 7: 0.005123178396008217, 8: 0.005690698978790685, 9: 0.004865872353221518, 10: 0.006504064484108243, 11: 0.005884458163137858, 12: 0.009517603345183328, 13: 0.005751930422426159, 14: 0.00796600658907445, 15: 0.007459354866885223, 16: 0.005859516611431698, 17: 0.004358496967904178, 18: 0.0044323476902639785, 19: 0.005078279406995362, 20: 0.009182687866724113, 21: 0.010006403196586966, 22: 0.004509162193087622, 23: 0.005382528925601318, 24: 0.006176923225549928, 25: 0.00713413477837796, 26: 0.0074096407129417945, 27: 0.010480822860762603, 28: 0.006757699145392495, 29: 0.008381151210977654, 30: 0.008661499622619742, 31: 0.008281792426016833, 32: 0.0059099152595578595, 33: 0.006522127982363314, 34: 0.005504139855053957, 35: 0.0069865098784770195, 36: 0.007356118970200307, 37: 0.006580772877356388, 38: 0.005038660714213635, 39: 0.006363001361398032, 40: 0.008794341874699007, 41: 0.009590989376027616, 42: 0.008426152534188212, 43: 0.00909914697008546, 44: 0.00495509294452466, 45: 0.005248096406856026, 46: 0.007992757170525227, 47: 0.008152540902784458, 48: 0.00651148204093878, 49: 0.009014748256752188, 50: 0.006725118187389512, 51: 0.0050163734652374755, 52: 0.006431195097272858, 53: 0.008411678203379085, 54: 0.006590907276812437, 55: 0.006848445724672713, 56: 0.0066129040796133855, 57: 0.006660325069592618, 58: 0.008114739599507887, 59: 0.007428584111593487, 60: 0.0051765841910083885, 61: 0.008954214810333176, 62: 0.009214116677544511, 63: 0.0031586238465594876, 64: 0.007683187192305169, 65: 0.006906667166623673, 66: 0.005040418667346534, 67: 0.0067606827715584045, 68: 0.007119112410229865, 69: 0.008866898043467622, 70: 0.0064290885880028195, 71: 0.005902789728286801, 72: 0.007311647999917936, 73: 0.009637480151931006, 74: 0.0069382952972064866}","[90, 85, 84, 84, 84, 83, 83, 83, 82, 82, 81, 81, 81, 80, 80, 80, 79, 79, 78, 78, 77, 77, 77, 77, 77, 77, 77, 76, 75, 75, 74, 74, 74, 74, 73, 73, 73, 72, 72, 72, 72, 72, 71, 71, 71, 71, 71, 71, 70, 70, 70, 69, 68, 68, 68, 68, 68, 67, 67, 65, 65, 65, 65, 65, 65, 64, 63, 63, 63, 62, 62, 61, 60, 60, 54]","dict_values([39, 44, 36, 43, 38, 46, 36, 34, 46, 46, 50, 48, 39, 43, 46, 40, 44, 41, 45, 44, 37, 43, 35, 40, 43, 47, 51, 42, 43, 45, 43, 46, 44, 49, 34, 33, 44, 46, 39, 37, 37, 39, 41, 42, 38, 48, 49, 40, 30, 43, 31, 43, 40, 43, 37, 45, 38, 39, 49, 43, 34, 30, 39, 44, 38, 45, 43, 36, 35, 36, 41, 48, 41, 50, 44])",0.05407575568574495
51,72.85333333333334,0.49457194885847516,"{0: 0.008949026414541844, 1: 0.005993728521186019, 2: 0.007849954074194879, 3: 0.006052809554253519, 4: 0.006471628752886257, 5: 0.005644020505399018, 6: 0.008723139927191816, 7: 0.005007819427411738, 8: 0.005730293153329722, 9: 0.004922119325776696, 10: 0.006442341589869784, 11: 0.005802796254923992, 12: 0.009751490362401749, 13: 0.005835018258481237, 14: 0.007947775790536654, 15: 0.007384799456174863, 16: 0.005802548996872001, 17: 0.004208741054429891, 18: 0.0043199140909574805, 19: 0.004872726456145379, 20: 0.009076040191967883, 21: 0.009714658652213857, 22: 0.004557612580416153, 23: 0.0053372921381017015, 24: 0.005975082397112856, 25: 0.006851099948034427, 26: 0.007563438395066346, 27: 0.010525133868805875, 28: 0.006780232617683805, 29: 0.007790443772330368, 30: 0.008393821140273098, 31: 0.008252272034085762, 32: 0.0059970906105127775, 33: 0.006662129040385696, 34: 0.00513209560984341, 35: 0.007137324059666556, 36: 0.007679506514772767, 37: 0.006471706350297131, 38: 0.005010436736815819, 39: 0.006473242543716705, 40: 0.008594177247683363, 41: 0.009661917827386204, 42: 0.008371967746973085, 43: 0.009028982292050755, 44: 0.005084300566282594, 45: 0.005482853300265832, 46: 0.008484839147490335, 47: 0.008061121632987465, 48: 0.006499270244687141, 49: 0.008902089476201424, 50: 0.006595782344980924, 51: 0.00480939852045154, 52: 0.006461747295987313, 53: 0.008411191892016992, 54: 0.006561352767430514, 55: 0.007017383941460564, 56: 0.006645850836977751, 57: 0.0063272048319976916, 58: 0.008234898111168083, 59: 0.007643279771565912, 60: 0.005139897846332106, 61: 0.008710446268569724, 62: 0.00969443704834868, 63: 0.003463718529928068, 64: 0.0075836222501361366, 65: 0.007033455500126941, 66: 0.005118306480317846, 67: 0.006494587276007126, 68: 0.007163828518590232, 69: 0.009118726341267699, 70: 0.006452478170898508, 71: 0.0061200802747182394, 72: 0.007369396766700692, 73: 0.009323769931362476, 74: 0.0068989327778987124}","[90, 86, 84, 84, 84, 83, 83, 83, 83, 82, 81, 80, 80, 80, 80, 79, 79, 79, 79, 78, 78, 78, 78, 78, 77, 77, 77, 76, 75, 75, 75, 75, 74, 74, 73, 73, 72, 72, 72, 72, 71, 71, 71, 71, 71, 71, 71, 71, 70, 70, 69, 69, 69, 69, 68, 68, 68, 68, 65, 65, 65, 65, 65, 64, 64, 64, 64, 63, 63, 62, 62, 62, 61, 60, 56]","dict_values([39, 44, 36, 43, 38, 46, 36, 34, 46, 46, 50, 48, 39, 43, 46, 40, 44, 41, 45, 44, 37, 43, 35, 40, 43, 47, 51, 42, 43, 45, 43, 46, 44, 49, 34, 33, 44, 46, 39, 37, 37, 39, 41, 42, 38, 48, 49, 40, 30, 43, 31, 43, 40, 43, 37, 45, 38, 39, 49, 43, 34, 30, 39, 44, 38, 45, 43, 36, 35, 36, 41, 48, 41, 50, 44])",0.05637887495739449
51,72.45333333333333,0.49189053742863165,"{0: 0.00888943610403518, 1: 0.006107109173048184, 2: 0.007666688007517992, 3: 0.005860304784252862, 4: 0.006883213559589442, 5: 0.00585049216418826, 6: 0.008591383155114029, 7: 0.004946615932199548, 8: 0.005774209437270462, 9: 0.005057401174854062, 10: 0.0067497012777650795, 11: 0.005647405354973018, 12: 0.009656227749380096, 13: 0.005890419529557815, 14: 0.007906780334184417, 15: 0.008053388364874776, 16: 0.0058467107291777405, 17: 0.004502075980340928, 18: 0.004161633332986202, 19: 0.0051791433685395155, 20: 0.008933535371670671, 21: 0.00963283347570812, 22: 0.005036816803669468, 23: 0.0054561175436662005, 24: 0.005955737635237356, 25: 0.006767072727995118, 26: 0.007790189643593473, 27: 0.010653015272495861, 28: 0.0067184365578782, 29: 0.007829839020847341, 30: 0.008215302434638744, 31: 0.008046268957743555, 32: 0.005902802039159843, 33: 0.006724853512166507, 34: 0.005312143544175527, 35: 0.007028605506350482, 36: 0.007865872948059658, 37: 0.006864248711953285, 38: 0.004785747171783109, 39: 0.006440684460309621, 40: 0.008146245178199693, 41: 0.009523791172674148, 42: 0.008221185537593148, 43: 0.00889954653249691, 44: 0.0050903782741636506, 45: 0.0054787743851380175, 46: 0.008876023304399018, 47: 0.008202566053955893, 48: 0.0065251585905318045, 49: 0.008789047005426166, 50: 0.006352299237967763, 51: 0.004768035509163215, 52: 0.006620129720103999, 53: 0.00809792430085205, 54: 0.0064592033721718985, 55: 0.0073331437211731606, 56: 0.00663034590456347, 57: 0.006747747806860836, 58: 0.008345053265354547, 59: 0.0075564104578767655, 60: 0.005216744188388489, 61: 0.009033257330625384, 62: 0.00965589039510058, 63: 0.003374030010107817, 64: 0.00753437757258161, 65: 0.007103890092098131, 66: 0.005526166449514042, 67: 0.006629336231266372, 68: 0.007185626897617461, 69: 0.009112060901361895, 70: 0.006691531499673316, 71: 0.005949091392510129, 72: 0.007236668181174072, 73: 0.009446501964052076, 74: 0.006896749008718756}","[90, 85, 83, 83, 83, 83, 82, 82, 82, 81, 81, 80, 80, 79, 79, 79, 79, 78, 78, 78, 77, 77, 77, 77, 77, 77, 76, 76, 75, 75, 75, 74, 73, 73, 73, 73, 72, 72, 72, 72, 71, 71, 71, 71, 71, 70, 70, 70, 70, 70, 70, 69, 68, 68, 68, 67, 67, 66, 65, 65, 65, 65, 64, 64, 64, 63, 63, 63, 63, 63, 62, 62, 61, 61, 55]","dict_values([39, 44, 36, 43, 38, 46, 36, 34, 46, 46, 50, 48, 39, 43, 46, 40, 44, 41, 45, 44, 37, 43, 35, 40, 43, 47, 51, 42, 43, 45, 43, 46, 44, 49, 34, 33, 44, 46, 39, 37, 37, 39, 41, 42, 38, 48, 49, 40, 30, 43, 31, 43, 40, 43, 37, 45, 38, 39, 49, 43, 34, 30, 39, 44, 38, 45, 43, 36, 35, 36, 41, 48, 41, 50, 44])",0.052833147907049044
51,72.29333333333334,0.491310247440969,"{0: 0.009123623583562532, 1: 0.006231883700358089, 2: 0.007646103403566449, 3: 0.005866088818704631, 4: 0.007282558852488361, 5: 0.005999301583316639, 6: 0.00910677657630793, 7: 0.004970497524750849, 8: 0.005768635222862489, 9: 0.00514324517613884, 10: 0.006933513198523028, 11: 0.005655991734733584, 12: 0.009869356796840095, 13: 0.00564320785395952, 14: 0.007375826227844513, 15: 0.00836761618847673, 16: 0.005865492082098567, 17: 0.004486167377618628, 18: 0.004104629585145522, 19: 0.005204954118080574, 20: 0.008918944705991302, 21: 0.009597041021438718, 22: 0.004617741663658846, 23: 0.0056854101504014145, 24: 0.005979864362270316, 25: 0.007157212740320808, 26: 0.00790091403186712, 27: 0.011136011038599304, 28: 0.006788817816493972, 29: 0.008113504953648805, 30: 0.00798927210395634, 31: 0.008065909626803749, 32: 0.005779555946789937, 33: 0.0069991501061337415, 34: 0.004521765371870267, 35: 0.006880056878756979, 36: 0.007887344548261961, 37: 0.006832900246695981, 38: 0.004716676576288975, 39: 0.0063133225987575215, 40: 0.007766723422623328, 41: 0.009555211085382785, 42: 0.008248244077311919, 43: 0.008706865132064864, 44: 0.005249061115459446, 45: 0.005347079786125823, 46: 0.009079163981207054, 47: 0.008212842085992163, 48: 0.006363118709906968, 49: 0.008786856210691196, 50: 0.006373634180653724, 51: 0.004599322166748296, 52: 0.00657149975765057, 53: 0.008389799728282422, 54: 0.006543255719990843, 55: 0.0069580765610797405, 56: 0.006641117381476572, 57: 0.006563703916628958, 58: 0.008134897986870102, 59: 0.007869541057726127, 60: 0.005266218777347877, 61: 0.008890137766288615, 62: 0.00973085823100667, 63: 0.003592374268205931, 64: 0.007568927483246506, 65: 0.007010424975351631, 66: 0.005337390818886269, 67: 0.0066821152312226606, 68: 0.007342998066587855, 69: 0.009059939833762005, 70: 0.00658179533731464, 71: 0.005851538144357816, 72: 0.007585276613841939, 73: 0.009454340464188107, 74: 0.0071048578693796655}","[91, 85, 84, 83, 83, 82, 82, 82, 82, 81, 81, 80, 80, 79, 79, 79, 79, 78, 78, 78, 78, 78, 78, 77, 77, 76, 75, 75, 74, 74, 74, 74, 74, 73, 73, 73, 73, 72, 72, 72, 72, 71, 71, 71, 70, 70, 70, 70, 70, 70, 70, 69, 67, 67, 67, 66, 66, 66, 66, 65, 65, 65, 63, 63, 63, 63, 62, 62, 62, 62, 61, 61, 61, 60, 57]","dict_values([39, 44, 36, 43, 38, 46, 36, 34, 46, 46, 50, 48, 39, 43, 46, 40, 44, 41, 45, 44, 37, 43, 35, 40, 43, 47, 51, 42, 43, 45, 43, 46, 44, 49, 34, 33, 44, 46, 39, 37, 37, 39, 41, 42, 38, 48, 49, 40, 30, 43, 31, 43, 40, 43, 37, 45, 38, 39, 49, 43, 34, 30, 39, 44, 38, 45, 43, 36, 35, 36, 41, 48, 41, 50, 44])",0.05503664796658176
50,72.37333333333333,0.4917457816337517,"{0: 0.008892676940515536, 1: 0.006280709114934017, 2: 0.007021662016808492, 3: 0.006154059621401477, 4: 0.007443281190841252, 5: 0.005884672403246952, 6: 0.009092108143885218, 7: 0.0050317797308019625, 8: 0.006139705842080745, 9: 0.005486473567543337, 10: 0.006965058979860906, 11: 0.005733816949569788, 12: 0.009658476938099096, 13: 0.00558369703956034, 14: 0.007241322726366529, 15: 0.008334556512359297, 16: 0.006143945344520051, 17: 0.004533749122425127, 18: 0.00448950808740476, 19: 0.005491494612403299, 20: 0.00903340764875598, 21: 0.009577208378974848, 22: 0.004414652776430629, 23: 0.005824517419288507, 24: 0.005763135493484626, 25: 0.007088010330351834, 26: 0.007563516535433057, 27: 0.010834468665429545, 28: 0.006597800326076232, 29: 0.008047619403888458, 30: 0.007962616584208222, 31: 0.008149436732238705, 32: 0.006086733342353655, 33: 0.007086576733856193, 34: 0.004324150609874217, 35: 0.006857875123614742, 36: 0.00790557332440511, 37: 0.006952260952039988, 38: 0.004555234768354134, 39: 0.006405100155244292, 40: 0.00810798102083391, 41: 0.009764809517284442, 42: 0.008046552885639317, 43: 0.00876517431611823, 44: 0.005088939329399866, 45: 0.00517751718569747, 46: 0.00895350836138474, 47: 0.008473507829001976, 48: 0.006586353251413187, 49: 0.009112912806208602, 50: 0.006378470288694101, 51: 0.004585662125508011, 52: 0.006482179748220903, 53: 0.008317736855641196, 54: 0.0066007095084191164, 55: 0.006983465253329046, 56: 0.006822441604122977, 57: 0.007026164614945716, 58: 0.007820455681180546, 59: 0.007905333868337368, 60: 0.00518321947024599, 61: 0.009033508497454401, 62: 0.009429332198886418, 63: 0.003500157095312803, 64: 0.007307678019240374, 65: 0.0069692569131015215, 66: 0.005005223936563166, 67: 0.006640582239431537, 68: 0.0066977234560656, 69: 0.009111423924576745, 70: 0.006366961173613113, 71: 0.005643905443347165, 72: 0.007990446644986519, 73: 0.009359888150148103, 74: 0.007118910765541052}","[90, 84, 84, 83, 83, 83, 82, 82, 82, 81, 81, 81, 80, 80, 79, 79, 78, 78, 78, 78, 78, 77, 77, 76, 76, 76, 75, 75, 75, 74, 74, 74, 74, 73, 73, 73, 73, 73, 72, 72, 71, 71, 71, 71, 71, 71, 71, 71, 71, 71, 70, 69, 68, 67, 67, 67, 66, 66, 66, 65, 65, 65, 64, 64, 64, 63, 63, 62, 62, 61, 61, 61, 60, 60, 56]","dict_values([39, 44, 36, 43, 38, 46, 36, 34, 46, 46, 50, 48, 39, 43, 46, 40, 44, 41, 45, 44, 37, 43, 35, 40, 43, 47, 51, 42, 43, 45, 43, 46, 44, 49, 34, 33, 44, 46, 39, 37, 37, 39, 41, 42, 38, 48, 49, 40, 30, 43, 31, 43, 40, 43, 37, 45, 38, 39, 49, 43, 34, 30, 39, 44, 38, 45, 43, 36, 35, 36, 41, 48, 41, 50, 44])",0.04804911784143903
50,72.18666666666667,0.49042856008613794,"{0: 0.009303529950667761, 1: 0.006372826683820991, 2: 0.007124130335598603, 3: 0.0063738479655911255, 4: 0.007996234767303476, 5: 0.006110834924824332, 6: 0.00890727585485687, 7: 0.0047639233040495926, 8: 0.006184004692018843, 9: 0.005352522173682663, 10: 0.007107734494440676, 11: 0.005966729610296322, 12: 0.00892714371650024, 13: 0.0058131941072661975, 14: 0.007305027055638862, 15: 0.007872010591452205, 16: 0.005923338223850664, 17: 0.004525825036223174, 18: 0.0045442210142181945, 19: 0.005516599284464759, 20: 0.009296706099536593, 21: 0.009210628236271992, 22: 0.004245377738762454, 23: 0.0058322693858610455, 24: 0.005647913111559834, 25: 0.0074057409406776895, 26: 0.007509638658448081, 27: 0.010699507034174003, 28: 0.006595942268944635, 29: 0.008243642896735631, 30: 0.007787744152898365, 31: 0.008303462071276918, 32: 0.0062112994099327795, 33: 0.007406704992788257, 34: 0.004325222274368263, 35: 0.00695320238607767, 36: 0.00787205991496917, 37: 0.006569335412795591, 38: 0.004445489838435913, 39: 0.006375601162146828, 40: 0.008448920051327025, 41: 0.009801249606180428, 42: 0.007941333746763354, 43: 0.009237206355068233, 44: 0.005160641497027939, 45: 0.005209050791337234, 46: 0.00868517502796447, 47: 0.008125541103897325, 48: 0.006495791555718611, 49: 0.009163415388379293, 50: 0.006383872779926657, 51: 0.004809352594543505, 52: 0.00636953179293622, 53: 0.008422843844015952, 54: 0.006670269836159445, 55: 0.007025331207478216, 56: 0.006616778389030597, 57: 0.00679619586459359, 58: 0.0077525176651681614, 59: 0.008250606696534159, 60: 0.005034873124630823, 61: 0.009317186402076329, 62: 0.009254719369092052, 63: 0.0036430724825058758, 64: 0.007375319515826128, 65: 0.007020364851118289, 66: 0.005026140283284629, 67: 0.006959861511428063, 68: 0.0063937464585956, 69: 0.009061219321475314, 70: 0.00642860857959815, 71: 0.005557600614170546, 72: 0.008181053699815255, 73: 0.00941765566643521, 74: 0.007321071085605943}","[89, 84, 84, 84, 83, 83, 82, 82, 81, 81, 80, 80, 79, 79, 78, 78, 78, 77, 77, 77, 77, 77, 77, 77, 77, 76, 76, 75, 75, 75, 74, 74, 74, 74, 73, 73, 73, 72, 72, 72, 71, 71, 71, 71, 71, 71, 71, 70, 70, 70, 69, 68, 68, 67, 67, 67, 66, 66, 66, 65, 65, 65, 64, 64, 63, 63, 63, 62, 62, 61, 61, 60, 60, 59, 57]","dict_values([39, 44, 36, 43, 38, 46, 36, 34, 46, 46, 50, 48, 39, 43, 46, 40, 44, 41, 45, 44, 37, 43, 35, 40, 43, 47, 51, 42, 43, 45, 43, 46, 44, 49, 34, 33, 44, 46, 39, 37, 37, 39, 41, 42, 38, 48, 49, 40, 30, 43, 31, 43, 40, 43, 37, 45, 38, 39, 49, 43, 34, 30, 39, 44, 38, 45, 43, 36, 35, 36, 41, 48, 41, 50, 44])",0.05306482161409168
49,72.18666666666667,0.4909099414634328,"{0: 0.009223548059559364, 1: 0.006875809434119427, 2: 0.006970577195389444, 3: 0.006238411967592351, 4: 0.007780214726481188, 5: 0.006044372077716125, 6: 0.00921572587379958, 7: 0.0045716141817903665, 8: 0.0062071567696834985, 9: 0.0051327209140782926, 10: 0.0069573707809948504, 11: 0.005732543405291849, 12: 0.009118559258090764, 13: 0.005691420516909372, 14: 0.007406291346703585, 15: 0.007637007714169687, 16: 0.005848074338228117, 17: 0.004354737924686565, 18: 0.004550441530823269, 19: 0.005520227641881201, 20: 0.00848805707158625, 21: 0.009654588438452965, 22: 0.004058212553308675, 23: 0.0056522131265132145, 24: 0.005631187553405094, 25: 0.007527365137330298, 26: 0.007259364608499361, 27: 0.010516595458254917, 28: 0.0068418888356076134, 29: 0.008311942063723186, 30: 0.007675725257950568, 31: 0.008423425588915852, 32: 0.006759631590058498, 33: 0.007642858059676163, 34: 0.0042853808251274205, 35: 0.006663241619263729, 36: 0.00775028730831679, 37: 0.006378935787251661, 38: 0.004379305929291003, 39: 0.0067738680435457535, 40: 0.008802521221148716, 41: 0.009989015265462692, 42: 0.00799441034784189, 43: 0.009447220478603031, 44: 0.005302950261028286, 45: 0.005171164415332752, 46: 0.008561682614483071, 47: 0.008229815767724365, 48: 0.006099000920669523, 49: 0.00912360863312751, 50: 0.006556913293777989, 51: 0.005015062466602651, 52: 0.00658770871287144, 53: 0.008646959143128234, 54: 0.006596373054522258, 55: 0.007363102349303252, 56: 0.006665448511921847, 57: 0.006569792967681564, 58: 0.007827408107572383, 59: 0.008243290996514078, 60: 0.00513986250295457, 61: 0.008976716205000205, 62: 0.009439077727396803, 63: 0.003789094073232707, 64: 0.006953607635540437, 65: 0.007060956382706269, 66: 0.005450247529561922, 67: 0.006629488071972517, 68: 0.0064349536129099825, 69: 0.009305361531753185, 70: 0.006254080553411337, 71: 0.0051794678502492, 72: 0.008236485467745613, 73: 0.009453081031385403, 74: 0.007439730313930275}","[88, 86, 84, 84, 84, 84, 82, 81, 81, 81, 80, 80, 79, 79, 79, 79, 79, 78, 77, 77, 77, 77, 76, 76, 76, 76, 76, 76, 75, 75, 74, 74, 74, 74, 73, 73, 73, 72, 72, 72, 72, 71, 71, 71, 71, 70, 70, 70, 70, 70, 69, 69, 68, 67, 67, 66, 66, 66, 65, 65, 64, 64, 64, 64, 63, 63, 63, 63, 63, 61, 60, 60, 59, 58, 58]","dict_values([39, 44, 36, 43, 38, 46, 36, 34, 46, 46, 50, 48, 39, 43, 46, 40, 44, 41, 45, 44, 37, 43, 35, 40, 43, 47, 51, 42, 43, 45, 43, 46, 44, 49, 34, 33, 44, 46, 39, 37, 37, 39, 41, 42, 38, 48, 49, 40, 30, 43, 31, 43, 40, 43, 37, 45, 38, 39, 49, 43, 34, 30, 39, 44, 38, 45, 43, 36, 35, 36, 41, 48, 41, 50, 44])",0.05536904485886652
49,72.21333333333334,0.49102297853694266,"{0: 0.008929154336192954, 1: 0.0064509081918457676, 2: 0.006986126667398749, 3: 0.006102395542783626, 4: 0.007525094951510377, 5: 0.0061528026109766805, 6: 0.009164761553477629, 7: 0.004627150634353943, 8: 0.006047326274687278, 9: 0.005021771343718993, 10: 0.00701297380414722, 11: 0.0056939423491060084, 12: 0.009304139717650489, 13: 0.005620455374514021, 14: 0.007416031879853554, 15: 0.007607366706095332, 16: 0.00569008906237819, 17: 0.004373094181550465, 18: 0.004708211914737656, 19: 0.005326619966915095, 20: 0.008180269913371641, 21: 0.009637382553636104, 22: 0.003997348751246054, 23: 0.0055224879544405504, 24: 0.005460179529180483, 25: 0.007702259478928979, 26: 0.0071956013142758625, 27: 0.010208021745848589, 28: 0.007056502499007742, 29: 0.008284009347071688, 30: 0.007872539492004471, 31: 0.00839675804412847, 32: 0.006921331681327657, 33: 0.007718419455342907, 34: 0.004449678611026542, 35: 0.006824217647919859, 36: 0.00777581159752184, 37: 0.006493928998549044, 38: 0.004415544378861072, 39: 0.006716913569898472, 40: 0.009035009458770893, 41: 0.010657581715561698, 42: 0.008571982295221764, 43: 0.009510619816674826, 44: 0.005200710753526266, 45: 0.005584616953117013, 46: 0.00857388179757308, 47: 0.007929072187688187, 48: 0.005928372866192916, 49: 0.00884907660553342, 50: 0.006488025311220667, 51: 0.004964178465082492, 52: 0.0065803666516779805, 53: 0.008678170730896327, 54: 0.006484752765120623, 55: 0.0071991082163603325, 56: 0.006717186663873908, 57: 0.0067688456319022795, 58: 0.007496133841150078, 59: 0.008041350716613656, 60: 0.004863736321675284, 61: 0.008863767957450046, 62: 0.009314325342921481, 63: 0.004024430677354188, 64: 0.007093788486153233, 65: 0.007249063933088533, 66: 0.005647552629669977, 67: 0.006589565422320121, 68: 0.0065636721627754125, 69: 0.00948007853422499, 70: 0.006238909219182964, 71: 0.005343160459660747, 72: 0.007821181403028296, 73: 0.009502406831108168, 74: 0.007657137457809187}","[88, 87, 84, 84, 83, 83, 83, 82, 81, 81, 80, 79, 79, 79, 79, 79, 78, 78, 77, 77, 77, 77, 76, 76, 76, 76, 75, 75, 75, 75, 75, 75, 74, 74, 74, 73, 73, 73, 72, 72, 72, 71, 71, 71, 71, 71, 70, 70, 70, 70, 69, 69, 67, 67, 67, 66, 66, 66, 65, 65, 64, 64, 64, 64, 63, 63, 63, 62, 62, 62, 61, 60, 59, 59, 58]","dict_values([39, 44, 36, 43, 38, 46, 36, 34, 46, 46, 50, 48, 39, 43, 46, 40, 44, 41, 45, 44, 37, 43, 35, 40, 43, 47, 51, 42, 43, 45, 43, 46, 44, 49, 34, 33, 44, 46, 39, 37, 37, 39, 41, 42, 38, 48, 49, 40, 30, 43, 31, 43, 40, 43, 37, 45, 38, 39, 49, 43, 34, 30, 39, 44, 38, 45, 43, 36, 35, 36, 41, 48, 41, 50, 44])",0.055202158274950966
48,72.21333333333334,0.49109633390311824,"{0: 0.008944272791975167, 1: 0.006294950187698135, 2: 0.007200791798275333, 3: 0.00613567153633911, 4: 0.007229348820377358, 5: 0.006261147779646265, 6: 0.00932751910428341, 7: 0.004699467643158283, 8: 0.0061456157319365115, 9: 0.005004282297377075, 10: 0.007278408170972012, 11: 0.005744510623617548, 12: 0.00928024825695334, 13: 0.005710616528457317, 14: 0.0074721037067324, 15: 0.008096846412871504, 16: 0.005807607673397099, 17: 0.004379904858110029, 18: 0.004809276465248727, 19: 0.005403711967991111, 20: 0.008019133270739939, 21: 0.009254445874744575, 22: 0.004172944272891565, 23: 0.005706505729890835, 24: 0.005469054341730927, 25: 0.007295083037601766, 26: 0.007453112448264768, 27: 0.00994971044461175, 28: 0.00707153981353057, 29: 0.008491173290213132, 30: 0.0076550115289720335, 31: 0.008216260918664193, 32: 0.006959224768630558, 33: 0.007881447106657011, 34: 0.004223758926215735, 35: 0.0066786842189025105, 36: 0.007686027312424407, 37: 0.005961380396401132, 38: 0.004431903357249435, 39: 0.006764928611319945, 40: 0.009199047601569772, 41: 0.010725605642941225, 42: 0.00872652407396499, 43: 0.009216549643849804, 44: 0.005374300349902801, 45: 0.005370045664870258, 46: 0.008366138109424943, 47: 0.007802538335066372, 48: 0.005736874830699401, 49: 0.008915430067747426, 50: 0.0065153796728749935, 51: 0.004813748070928508, 52: 0.006434544784225494, 53: 0.008988385684198996, 54: 0.006633793094877115, 55: 0.007504907652695891, 56: 0.0070288663462745775, 57: 0.006788513173682449, 58: 0.007470363407570089, 59: 0.008249800685796121, 60: 0.005256186828924146, 61: 0.008826888900450663, 62: 0.008843068483988487, 63: 0.004104404689345156, 64: 0.00702216138640956, 65: 0.007543253757131286, 66: 0.005311932727024059, 67: 0.006563378964626251, 68: 0.00646125790394147, 69: 0.009539923763609057, 70: 0.006038455478071728, 71: 0.004875091399773336, 72: 0.00799249553527147, 73: 0.009701508337298133, 74: 0.007592446835562566}","[88, 86, 83, 83, 83, 83, 83, 82, 81, 81, 80, 80, 80, 79, 78, 78, 78, 78, 78, 78, 77, 76, 76, 76, 76, 76, 76, 76, 75, 75, 75, 75, 74, 74, 74, 74, 73, 73, 72, 72, 72, 71, 71, 71, 71, 70, 70, 70, 70, 70, 68, 68, 68, 67, 67, 67, 66, 66, 65, 65, 65, 64, 64, 63, 63, 63, 63, 62, 62, 62, 60, 60, 60, 59, 58]","dict_values([39, 44, 36, 43, 38, 46, 36, 34, 46, 46, 50, 48, 39, 43, 46, 40, 44, 41, 45, 44, 37, 43, 35, 40, 43, 47, 51, 42, 43, 45, 43, 46, 44, 49, 34, 33, 44, 46, 39, 37, 37, 39, 41, 42, 38, 48, 49, 40, 30, 43, 31, 43, 40, 43, 37, 45, 38, 39, 49, 43, 34, 30, 39, 44, 38, 45, 43, 36, 35, 36, 41, 48, 41, 50, 44])",0.05359987039877469
48,72.13333333333334,0.4906600016358835,"{0: 0.009263936341896496, 1: 0.006499387746482798, 2: 0.0071366257484514984, 3: 0.006326282418788616, 4: 0.007227384069411612, 5: 0.00650983470773396, 6: 0.009406783944798434, 7: 0.0046492653726170905, 8: 0.005952725565783476, 9: 0.0052398898979368145, 10: 0.00709946554430393, 11: 0.005777709117974288, 12: 0.00914805806506715, 13: 0.005749973726585272, 14: 0.007857723743425821, 15: 0.007541039908278359, 16: 0.005596859522940554, 17: 0.004381688787577088, 18: 0.004832977681315799, 19: 0.005181477695025539, 20: 0.008251644107939288, 21: 0.009218006637206165, 22: 0.0044455045921861355, 23: 0.0059474704732230205, 24: 0.005435552150005803, 25: 0.007191287620542178, 26: 0.0073095596647241795, 27: 0.009700727362754858, 28: 0.007008366959083782, 29: 0.008423811124329052, 30: 0.007974650758468182, 31: 0.008251156393859036, 32: 0.007397684520163403, 33: 0.00812190204003544, 34: 0.004344097288683391, 35: 0.006847108425983757, 36: 0.007122644727002591, 37: 0.006250791503663006, 38: 0.004516626144940051, 39: 0.0068748822229674445, 40: 0.009190017520485021, 41: 0.010507323089347126, 42: 0.008235625649767098, 43: 0.008789806797818513, 44: 0.0051467820062780075, 45: 0.005520630250240069, 46: 0.009165034719989282, 47: 0.007881708739890326, 48: 0.005750259902565439, 49: 0.00915616937311739, 50: 0.006712131755491343, 51: 0.004877704135169742, 52: 0.006166351192565185, 53: 0.009031760880812931, 54: 0.00631797256751774, 55: 0.007349980265831357, 56: 0.006783872878994757, 57: 0.006484040401280484, 58: 0.007213065940183701, 59: 0.008455712345187126, 60: 0.005219882939165923, 61: 0.009009223527941772, 62: 0.009261450863791645, 63: 0.004312405402334597, 64: 0.007023531515654618, 65: 0.007587143339710549, 66: 0.005428929283491541, 67: 0.006463325174129012, 68: 0.00638512630326918, 69: 0.009436001960887085, 70: 0.006282335055174053, 71: 0.004650797908474647, 72: 0.00781890795884734, 73: 0.009768682814331731, 74: 0.007260534996189783}","[87, 85, 84, 83, 82, 82, 82, 81, 81, 81, 81, 81, 80, 80, 79, 79, 79, 78, 78, 77, 77, 77, 76, 76, 75, 75, 75, 75, 75, 74, 74, 74, 74, 74, 73, 73, 73, 73, 72, 72, 71, 71, 71, 71, 71, 71, 70, 70, 70, 69, 69, 69, 68, 67, 67, 67, 66, 66, 65, 64, 64, 64, 64, 64, 63, 63, 63, 62, 62, 62, 60, 60, 60, 60, 59]","dict_values([39, 44, 36, 43, 38, 46, 36, 34, 46, 46, 50, 48, 39, 43, 46, 40, 44, 41, 45, 44, 37, 43, 35, 40, 43, 47, 51, 42, 43, 45, 43, 46, 44, 49, 34, 33, 44, 46, 39, 37, 37, 39, 41, 42, 38, 48, 49, 40, 30, 43, 31, 43, 40, 43, 37, 45, 38, 39, 49, 43, 34, 30, 39, 44, 38, 45, 43, 36, 35, 36, 41, 48, 41, 50, 44])",0.050301454484575375
47,72.13333333333334,0.4915478979878024,"{0: 0.00910727577743395, 1: 0.006472098565640517, 2: 0.0071351502379390684, 3: 0.006209482580265668, 4: 0.006690930540148908, 5: 0.00705215744820134, 6: 0.009267207527810541, 7: 0.004443877587673588, 8: 0.005713494230701827, 9: 0.004926105990841707, 10: 0.006964435323203608, 11: 0.00580962495524804, 12: 0.008706045764846147, 13: 0.006001787643904019, 14: 0.008248401511608352, 15: 0.007745663559645258, 16: 0.005725523330891978, 17: 0.004370545695226827, 18: 0.004927994089220267, 19: 0.005505589113572801, 20: 0.008259911426859735, 21: 0.00900079466931403, 22: 0.004522881460351338, 23: 0.005800801427377254, 24: 0.005093877003410616, 25: 0.007558982624193054, 26: 0.007679670788655175, 27: 0.009238652152228044, 28: 0.006968831951953554, 29: 0.008222204162826582, 30: 0.008604351825586797, 31: 0.008332487811337433, 32: 0.0076528806391904115, 33: 0.008109119869232604, 34: 0.00409967575283684, 35: 0.006900841692310346, 36: 0.006928665945840172, 37: 0.006067186961485663, 38: 0.004623412245221672, 39: 0.0069302072229614105, 40: 0.009196788394554062, 41: 0.01054651095197597, 42: 0.007986462766607319, 43: 0.009368491025729042, 44: 0.0048532277894140965, 45: 0.005800243457145288, 46: 0.00906776155765915, 47: 0.00813810723542081, 48: 0.005698591310226924, 49: 0.009067633186602607, 50: 0.006744344775209823, 51: 0.004915047931707142, 52: 0.00636627594564673, 53: 0.009298827401003035, 54: 0.006407413027934971, 55: 0.007155696747916238, 56: 0.0065883993653593894, 57: 0.006478659041292408, 58: 0.007174076808550434, 59: 0.008719544534141388, 60: 0.005288735991346019, 61: 0.009146596159407291, 62: 0.009320287065946866, 63: 0.004125728240471486, 64: 0.007148884254784138, 65: 0.0076904453202885645, 66: 0.005431075323706644, 67: 0.005906976246682093, 68: 0.006358603712258009, 69: 0.009248707721521388, 70: 0.006455767728461925, 71: 0.004658922169704025, 72: 0.00784388848162581, 73: 0.00983150475203768, 74: 0.007009738250545545}","[87, 83, 83, 83, 82, 82, 82, 82, 81, 81, 81, 80, 80, 80, 79, 79, 79, 79, 79, 78, 77, 77, 77, 76, 76, 76, 76, 75, 75, 75, 75, 74, 74, 74, 73, 73, 73, 72, 72, 72, 71, 71, 71, 71, 71, 70, 70, 70, 69, 69, 69, 69, 69, 68, 67, 66, 65, 65, 65, 65, 65, 65, 64, 64, 63, 63, 61, 61, 61, 61, 61, 60, 60, 59, 59]","dict_values([39, 44, 36, 43, 38, 46, 36, 34, 46, 46, 50, 48, 39, 43, 46, 40, 44, 41, 45, 44, 37, 43, 35, 40, 43, 47, 51, 42, 43, 45, 43, 46, 44, 49, 34, 33, 44, 46, 39, 37, 37, 39, 41, 42, 38, 48, 49, 40, 30, 43, 31, 43, 40, 43, 37, 45, 38, 39, 49, 43, 34, 30, 39, 44, 38, 45, 43, 36, 35, 36, 41, 48, 41, 50, 44])",0.05173509725605695
47,72.24,0.4931271464810045,"{0: 0.009048423022178365, 1: 0.006056041848160512, 2: 0.007472929321336727, 3: 0.006111352358709178, 4: 0.0066396749281827545, 5: 0.007030000189102203, 6: 0.009464353620583052, 7: 0.004453851289777207, 8: 0.005560419899208278, 9: 0.005002139413674196, 10: 0.007231369382877643, 11: 0.005914849834919876, 12: 0.008624045998499025, 13: 0.0058551115612614476, 14: 0.008404553535730433, 15: 0.00771195712868301, 16: 0.00576932967101323, 17: 0.003976287988080374, 18: 0.005318180311576276, 19: 0.0053981556880085615, 20: 0.007887280915355932, 21: 0.009473684916575001, 22: 0.004143320920247011, 23: 0.005214849723504414, 24: 0.005132756313023931, 25: 0.0073186134315606, 26: 0.007657893136186129, 27: 0.009209297208565354, 28: 0.006877805974625145, 29: 0.008812100932031382, 30: 0.008653185727024185, 31: 0.008680687225654187, 32: 0.007908773822310413, 33: 0.007778166873394086, 34: 0.004046932639811082, 35: 0.007085259633093079, 36: 0.007117920719461733, 37: 0.006014464220570729, 38: 0.0048622327435576245, 39: 0.006939006627075349, 40: 0.009401350283963257, 41: 0.010206091880399821, 42: 0.008066826209586871, 43: 0.00937686833254642, 44: 0.004465462816028697, 45: 0.005648510306219631, 46: 0.008676894503447595, 47: 0.00768031351925681, 48: 0.005433181320786506, 49: 0.009004268352853657, 50: 0.006948574361444076, 51: 0.004850419377612156, 52: 0.006376941740047103, 53: 0.008991404571572376, 54: 0.006503223603578738, 55: 0.007279047093650356, 56: 0.00685090252937834, 57: 0.0062887952175033745, 58: 0.00733584364372885, 59: 0.008636018655537231, 60: 0.005295255945426295, 61: 0.009326734456778731, 62: 0.00968942026553099, 63: 0.004130199973488287, 64: 0.007632856257854982, 65: 0.007416420348763179, 66: 0.005329578081730856, 67: 0.00637980421843144, 68: 0.005427206163762212, 69: 0.009545058582108254, 70: 0.006498848811452967, 71: 0.004472625809711133, 72: 0.007783012357173251, 73: 0.010045401093092305, 74: 0.007065705906553861}","[86, 84, 84, 83, 83, 83, 83, 83, 82, 81, 80, 80, 80, 79, 79, 79, 79, 79, 78, 78, 78, 78, 77, 77, 76, 76, 76, 76, 75, 75, 75, 75, 75, 74, 74, 74, 74, 73, 72, 72, 72, 72, 71, 71, 71, 71, 70, 70, 70, 69, 69, 68, 67, 67, 67, 66, 65, 65, 65, 65, 64, 64, 64, 64, 63, 63, 63, 62, 62, 61, 59, 59, 59, 58, 57]","dict_values([39, 44, 36, 43, 38, 46, 36, 34, 46, 46, 50, 48, 39, 43, 46, 40, 44, 41, 45, 44, 37, 43, 35, 40, 43, 47, 51, 42, 43, 45, 43, 46, 44, 49, 34, 33, 44, 46, 39, 37, 37, 39, 41, 42, 38, 48, 49, 40, 30, 43, 31, 43, 40, 43, 37, 45, 38, 39, 49, 43, 34, 30, 39, 44, 38, 45, 43, 36, 35, 36, 41, 48, 41, 50, 44])",0.04903919382788268
48,72.32,0.49353606454250953,"{0: 0.008861637192300693, 1: 0.0061482536404138454, 2: 0.007669676713732527, 3: 0.006029448037124206, 4: 0.006596442673949574, 5: 0.006572413681083758, 6: 0.009758302987843349, 7: 0.004233459163122641, 8: 0.006179377288547021, 9: 0.004915307008479429, 10: 0.007532823664054575, 11: 0.0055226866200787685, 12: 0.008856756313514425, 13: 0.006032302644209349, 14: 0.00842026572969395, 15: 0.007996657307630595, 16: 0.005950687910209997, 17: 0.004002356525686063, 18: 0.005530038038174078, 19: 0.0054047227120819314, 20: 0.007499135937915084, 21: 0.009079388015164464, 22: 0.0042546354200544605, 23: 0.005221205103352065, 24: 0.005307966004851261, 25: 0.0071464313266546165, 26: 0.007896285340686255, 27: 0.009649917224933881, 28: 0.0068473933319547495, 29: 0.008534579880876837, 30: 0.008330451966075243, 31: 0.008459156351127694, 32: 0.007422526936485337, 33: 0.007527049926814078, 34: 0.003943162925865342, 35: 0.00695116258509564, 36: 0.0071572228951458615, 37: 0.005919148352003079, 38: 0.004660770045237027, 39: 0.0071795219348377475, 40: 0.0093940747243586, 41: 0.010100553519598135, 42: 0.008147383894079057, 43: 0.009590201750699388, 44: 0.004547250381444459, 45: 0.005664059495313199, 46: 0.008664813724840967, 47: 0.007639314297333334, 48: 0.0055637678693763225, 49: 0.008905403976209047, 50: 0.007087580979639757, 51: 0.004954705757592448, 52: 0.006510035159053018, 53: 0.008784208227901165, 54: 0.006783254675365197, 55: 0.007136229458228069, 56: 0.006968909385019574, 57: 0.006196563061569474, 58: 0.007280302522539341, 59: 0.008352875415815525, 60: 0.0054572955499444745, 61: 0.008765919941128584, 62: 0.009802959742177214, 63: 0.0042310632275722225, 64: 0.007876314596847239, 65: 0.007580260989503171, 66: 0.005287937339972946, 67: 0.006362540259609695, 68: 0.005873265343417985, 69: 0.009196382523752633, 70: 0.006462922876530557, 71: 0.004363431563260599, 72: 0.007675535051788221, 73: 0.010076716754959787, 74: 0.006876216022269057}","[86, 85, 85, 84, 84, 83, 82, 81, 81, 81, 80, 80, 80, 79, 79, 79, 79, 78, 78, 78, 77, 77, 77, 77, 77, 77, 76, 76, 76, 75, 74, 74, 74, 74, 74, 74, 73, 73, 73, 73, 72, 72, 72, 71, 71, 71, 71, 70, 70, 70, 69, 68, 68, 68, 67, 67, 66, 66, 66, 65, 65, 64, 64, 64, 63, 63, 62, 62, 61, 61, 60, 60, 58, 57, 57]","dict_values([39, 44, 36, 43, 38, 46, 36, 34, 46, 46, 50, 48, 39, 43, 46, 40, 44, 41, 45, 44, 37, 43, 35, 40, 43, 47, 51, 42, 43, 45, 43, 46, 44, 49, 34, 33, 44, 46, 39, 37, 37, 39, 41, 42, 38, 48, 49, 40, 30, 43, 31, 43, 40, 43, 37, 45, 38, 39, 49, 43, 34, 30, 39, 44, 38, 45, 43, 36, 35, 36, 41, 48, 41, 50, 44])",0.04935020579354509
47,72.0,0.4907951281307239,"{0: 0.008800821616739968, 1: 0.005651537712582527, 2: 0.007868490281050888, 3: 0.006331531418785667, 4: 0.0064509879248153094, 5: 0.006397597746914819, 6: 0.009772275300828668, 7: 0.004516957771604528, 8: 0.006260309900621475, 9: 0.005093213648909372, 10: 0.007619729340548459, 11: 0.00561933080919332, 12: 0.00879622720273426, 13: 0.006294740849658826, 14: 0.008453065571901768, 15: 0.008174093327028053, 16: 0.005693187351764685, 17: 0.004099459284815668, 18: 0.005597764304452113, 19: 0.005858839359460545, 20: 0.007349785540872999, 21: 0.009243755714080603, 22: 0.004267235807926679, 23: 0.005281300371448372, 24: 0.005376125687480132, 25: 0.007285897609822451, 26: 0.008195784626414841, 27: 0.00919102583763938, 28: 0.006773888119990388, 29: 0.00821062043880005, 30: 0.008294794675117926, 31: 0.008295222858698215, 32: 0.007112645281532445, 33: 0.007686014210997018, 34: 0.0039490078890253195, 35: 0.006897018931078665, 36: 0.007276732624639157, 37: 0.0059111922477646465, 38: 0.004849812464142079, 39: 0.0070980887966359905, 40: 0.009525956786389293, 41: 0.010256481840665573, 42: 0.008375893882053828, 43: 0.00940066299208349, 44: 0.004452075735435074, 45: 0.006211952885513462, 46: 0.008827436083409149, 47: 0.007429530134353896, 48: 0.005298518503584746, 49: 0.009073811680052824, 50: 0.007264227596447372, 51: 0.004908118463265362, 52: 0.006307396385758152, 53: 0.008138719689231686, 54: 0.006815914489898437, 55: 0.007233131903918222, 56: 0.006848325228382702, 57: 0.005879569816355743, 58: 0.007258185318047711, 59: 0.008704855224070525, 60: 0.005631931477196029, 61: 0.00907116324747879, 62: 0.009579026562592633, 63: 0.0042769756068454425, 64: 0.007924710931972634, 65: 0.007646231570527756, 66: 0.00539598447246581, 67: 0.006580110186129828, 68: 0.006298760042743606, 69: 0.009309408393881898, 70: 0.00651318213487283, 71: 0.004637665771812823, 72: 0.007540239419265034, 73: 0.010094870530251912, 74: 0.006975241451972854}","[86, 84, 84, 83, 83, 83, 81, 81, 81, 81, 80, 79, 79, 79, 79, 79, 78, 78, 78, 78, 77, 77, 76, 76, 76, 76, 75, 75, 75, 75, 74, 74, 74, 74, 73, 73, 73, 72, 72, 72, 72, 72, 71, 71, 71, 71, 70, 70, 69, 69, 68, 68, 68, 67, 67, 66, 66, 66, 66, 65, 65, 65, 64, 64, 64, 63, 62, 62, 62, 61, 60, 59, 59, 58, 56]","dict_values([39, 44, 36, 43, 38, 46, 36, 34, 46, 46, 50, 48, 39, 43, 46, 40, 44, 41, 45, 44, 37, 43, 35, 40, 43, 47, 51, 42, 43, 45, 43, 46, 44, 49, 34, 33, 44, 46, 39, 37, 37, 39, 41, 42, 38, 48, 49, 40, 30, 43, 31, 43, 40, 43, 37, 45, 38, 39, 49, 43, 34, 30, 39, 44, 38, 45, 43, 36, 35, 36, 41, 48, 41, 50, 44])",0.05044224965706448
47,71.86666666666666,0.4905013684826461,"{0: 0.008610200887710582, 1: 0.00546049271206921, 2: 0.008222075859032434, 3: 0.006213257000104381, 4: 0.006543672165599276, 5: 0.006619283063371736, 6: 0.009556496773681977, 7: 0.004595394385113774, 8: 0.006129968091084193, 9: 0.005526567054723585, 10: 0.007593298838942609, 11: 0.005659838327870896, 12: 0.00845547699685197, 13: 0.006101293610866692, 14: 0.00826145530181062, 15: 0.008208647556337809, 16: 0.005901486821625046, 17: 0.003852655141825037, 18: 0.005652996806262058, 19: 0.006020114934979464, 20: 0.00718093947567001, 21: 0.0098919139772096, 22: 0.0044038016846865355, 23: 0.005092340226806252, 24: 0.005330090620431807, 25: 0.007058643163401188, 26: 0.008497300987781887, 27: 0.009301695512483384, 28: 0.0064364408075560965, 29: 0.0078671751571545, 30: 0.008473063063481761, 31: 0.008588691027088527, 32: 0.007012662824071566, 33: 0.007724840071938425, 34: 0.0040476622470019185, 35: 0.007174087414169869, 36: 0.007420681948461594, 37: 0.006153156244034241, 38: 0.004680151816894649, 39: 0.0072361400009201375, 40: 0.009573524335259126, 41: 0.010760871253571593, 42: 0.008523615489253856, 43: 0.009140279000097083, 44: 0.0045110188793012545, 45: 0.006079246358734063, 46: 0.008604329198075649, 47: 0.007486535823276102, 48: 0.005161680789666393, 49: 0.009207031550527385, 50: 0.007288955200069845, 51: 0.004902453431935656, 52: 0.006530504813063803, 53: 0.00799959848057804, 54: 0.006608139880718037, 55: 0.0071107693611822806, 56: 0.0068648299409922765, 57: 0.0057801542173517755, 58: 0.007311925611582029, 59: 0.008811002884280866, 60: 0.005475452057948099, 61: 0.009241156814649428, 62: 0.00950839029114182, 63: 0.004309169212790576, 64: 0.007895108886840058, 65: 0.007683414031847732, 66: 0.005187844875583178, 67: 0.006800346916362097, 68: 0.006303367421336202, 69: 0.009158029497667267, 70: 0.006254694522863947, 71: 0.0045676702041074005, 72: 0.007832738148634605, 73: 0.01021981192045265, 74: 0.007058148111959891}","[88, 85, 84, 84, 83, 82, 81, 81, 80, 80, 80, 79, 79, 79, 78, 78, 78, 78, 78, 77, 77, 77, 77, 77, 76, 76, 75, 75, 75, 74, 74, 74, 73, 73, 73, 73, 72, 72, 72, 72, 72, 72, 71, 71, 70, 70, 70, 70, 70, 70, 69, 67, 67, 67, 67, 66, 66, 66, 65, 65, 64, 64, 64, 64, 63, 63, 62, 62, 62, 61, 61, 60, 58, 56, 56]","dict_values([39, 44, 36, 43, 38, 46, 36, 34, 46, 46, 50, 48, 39, 43, 46, 40, 44, 41, 45, 44, 37, 43, 35, 40, 43, 47, 51, 42, 43, 45, 43, 46, 44, 49, 34, 33, 44, 46, 39, 37, 37, 39, 41, 42, 38, 48, 49, 40, 30, 43, 31, 43, 40, 43, 37, 45, 38, 39, 49, 43, 34, 30, 39, 44, 38, 45, 43, 36, 35, 36, 41, 48, 41, 50, 44])",0.048211316909965246
48,71.6,0.4892472830836432,"{0: 0.008964904169227196, 1: 0.00530875273510931, 2: 0.008191423601206081, 3: 0.006134290338648011, 4: 0.006574362810874294, 5: 0.006734213797506736, 6: 0.008747021977491382, 7: 0.004602294646133984, 8: 0.006657087048175178, 9: 0.00558268717438357, 10: 0.007422113211271358, 11: 0.005770385024854072, 12: 0.00875682052406214, 13: 0.0061755581746737575, 14: 0.008354822810754899, 15: 0.008046947719750766, 16: 0.005763188712054316, 17: 0.003976459027503897, 18: 0.00561272444876177, 19: 0.005865396093942569, 20: 0.007270306648842307, 21: 0.010520413118635016, 22: 0.004431034603964961, 23: 0.005284646819821184, 24: 0.005131733811116831, 25: 0.006981949932468993, 26: 0.00818761236670082, 27: 0.00882161542971252, 28: 0.006455106744410381, 29: 0.008223530226073977, 30: 0.008558197831929137, 31: 0.008536880632959896, 32: 0.007202864218650835, 33: 0.00718274357399711, 34: 0.003604122549254859, 35: 0.007116943594234375, 36: 0.0073509988827245906, 37: 0.005767348965204834, 38: 0.004586729712596472, 39: 0.0071285052675156575, 40: 0.009865664084244457, 41: 0.011267857517539092, 42: 0.008932498693666215, 43: 0.009282650458087445, 44: 0.004735087917463341, 45: 0.006007408409644512, 46: 0.00898102845645074, 47: 0.007502720424992211, 48: 0.004794719253883982, 49: 0.009313578266197548, 50: 0.007178139508622806, 51: 0.004910579956894205, 52: 0.006893477407445378, 53: 0.007954108102300284, 54: 0.006887655234638344, 55: 0.006963369965796594, 56: 0.006775192349335651, 57: 0.005417695230804336, 58: 0.007314462917851596, 59: 0.009188825131506087, 60: 0.00538079874997682, 61: 0.008924234426583766, 62: 0.01010956729200452, 63: 0.00425633349567704, 64: 0.008046596473991013, 65: 0.008231222685398403, 66: 0.005515479341887922, 67: 0.006821318341958671, 68: 0.006183885809953788, 69: 0.009288187623328946, 70: 0.006379142826173398, 71: 0.004661680259337174, 72: 0.008009737148475733, 73: 0.009855326087867176, 74: 0.006944157422357981}","[89, 87, 86, 83, 82, 82, 81, 81, 81, 80, 80, 80, 79, 79, 79, 79, 78, 78, 77, 77, 77, 76, 76, 75, 75, 75, 75, 74, 74, 74, 74, 73, 73, 73, 73, 72, 72, 72, 72, 72, 71, 71, 70, 70, 70, 70, 70, 69, 69, 69, 68, 67, 67, 67, 66, 66, 65, 65, 65, 65, 64, 64, 64, 63, 63, 62, 62, 62, 61, 61, 61, 60, 58, 57, 53]","dict_values([39, 44, 36, 43, 38, 46, 36, 34, 46, 46, 50, 48, 39, 43, 46, 40, 44, 41, 45, 44, 37, 43, 35, 40, 43, 47, 51, 42, 43, 45, 43, 46, 44, 49, 34, 33, 44, 46, 39, 37, 37, 39, 41, 42, 38, 48, 49, 40, 30, 43, 31, 43, 40, 43, 37, 45, 38, 39, 49, 43, 34, 30, 39, 44, 38, 45, 43, 36, 35, 36, 41, 48, 41, 50, 44])",0.05152953334096241
48,71.30666666666667,0.4871484930535325,"{0: 0.00903514542612179, 1: 0.005092387521388003, 2: 0.008747017167441863, 3: 0.005911609019940292, 4: 0.006905786792650273, 5: 0.006952247428475051, 6: 0.00863122694673953, 7: 0.004668290308480582, 8: 0.006735840544450983, 9: 0.0057400929406775025, 10: 0.007372115570741869, 11: 0.005745770009729584, 12: 0.008634347370297444, 13: 0.006244798514035915, 14: 0.008693253735653243, 15: 0.008592634485109408, 16: 0.005640507149723277, 17: 0.004080759652997615, 18: 0.005404025922736437, 19: 0.005913725516706215, 20: 0.0073302282217662705, 21: 0.01032829498566031, 22: 0.004594517404136808, 23: 0.005222175262724639, 24: 0.005048990796210755, 25: 0.007169571767120576, 26: 0.007995394371115513, 27: 0.008904105032636719, 28: 0.0067632005030000405, 29: 0.00831544955923572, 30: 0.008492629301228183, 31: 0.008390231124563708, 32: 0.006817087038631392, 33: 0.006989645394569058, 34: 0.0035002748041348046, 35: 0.007045990288815651, 36: 0.007005996695262181, 37: 0.005793735819517718, 38: 0.0048307944818869525, 39: 0.0074809495047710095, 40: 0.009490827970959367, 41: 0.011413625968813793, 42: 0.009205915043570706, 43: 0.009274845146691245, 44: 0.00470324395232014, 45: 0.006243037883449851, 46: 0.009090945115334533, 47: 0.0075521593619183635, 48: 0.005151470847418646, 49: 0.008949640419330128, 50: 0.00762110003241252, 51: 0.005439249837899839, 52: 0.0067541048650271995, 53: 0.00781963743947595, 54: 0.0068434951847038865, 55: 0.006968061289040586, 56: 0.006785643416915124, 57: 0.005279670882723876, 58: 0.007503890963226492, 59: 0.009187137186329266, 60: 0.005433653048504163, 61: 0.009280271922277433, 62: 0.00965835358837917, 63: 0.004059443709880508, 64: 0.008022712783571037, 65: 0.008768336821665083, 66: 0.0059267110178481495, 67: 0.006617144101674013, 68: 0.006272790419158155, 69: 0.009138505137638496, 70: 0.005931332316673801, 71: 0.0044418660146258926, 72: 0.007904485447154126, 73: 0.01002832982567842, 74: 0.006872925764363034}","[89, 86, 85, 84, 82, 81, 81, 81, 81, 81, 80, 79, 79, 78, 78, 78, 78, 78, 78, 77, 77, 76, 75, 75, 74, 74, 74, 74, 74, 74, 73, 73, 73, 72, 72, 72, 72, 71, 71, 71, 71, 71, 71, 70, 70, 69, 69, 68, 68, 68, 68, 67, 67, 66, 66, 66, 66, 65, 65, 64, 64, 64, 64, 64, 63, 62, 62, 62, 61, 61, 60, 59, 57, 56, 53]","dict_values([39, 44, 36, 43, 38, 46, 36, 34, 46, 46, 50, 48, 39, 43, 46, 40, 44, 41, 45, 44, 37, 43, 35, 40, 43, 47, 51, 42, 43, 45, 43, 46, 44, 49, 34, 33, 44, 46, 39, 37, 37, 39, 41, 42, 38, 48, 49, 40, 30, 43, 31, 43, 40, 43, 37, 45, 38, 39, 49, 43, 34, 30, 39, 44, 38, 45, 43, 36, 35, 36, 41, 48, 41, 50, 44])",0.049366905557212064
48,71.36,0.4876666615662972,"{0: 0.008823350113585534, 1: 0.005296558209206119, 2: 0.009034241937626355, 3: 0.0059270904001430605, 4: 0.006913330900452016, 5: 0.0077594463190227975, 6: 0.008806921070099404, 7: 0.004535978154721154, 8: 0.006998736389339311, 9: 0.005793535142642262, 10: 0.007039180898709939, 11: 0.005515260943978223, 12: 0.008964948220436864, 13: 0.006118421018130179, 14: 0.008703592032907905, 15: 0.008542877613837008, 16: 0.005618566114383943, 17: 0.004312723967332111, 18: 0.004953905813120341, 19: 0.006247113231575351, 20: 0.007580190147272668, 21: 0.010369598682758262, 22: 0.004306660769267289, 23: 0.005009745270569003, 24: 0.005231832838106423, 25: 0.006661721168686758, 26: 0.008278755073378377, 27: 0.008681002152128286, 28: 0.007097554984329367, 29: 0.008016822885702933, 30: 0.008519874071923355, 31: 0.00813968217843437, 32: 0.006422274118603664, 33: 0.006734241992392183, 34: 0.0040158729797796465, 35: 0.006909035760858692, 36: 0.007570980969168825, 37: 0.00569488213681512, 38: 0.004659395592903863, 39: 0.007311856248946503, 40: 0.009128344140407614, 41: 0.011343464632589518, 42: 0.008809416266848408, 43: 0.009262042447800756, 44: 0.004587309900221906, 45: 0.006061027824580411, 46: 0.009408863758879683, 47: 0.007381462758012416, 48: 0.005402465754723477, 49: 0.00908377856548415, 50: 0.007522048031173106, 51: 0.005318268271845885, 52: 0.006673098777351634, 53: 0.007564082048766673, 54: 0.00721835530209656, 55: 0.006839542673239295, 56: 0.006905556962468184, 57: 0.0051092146632240225, 58: 0.007930624876360296, 59: 0.009043486425480928, 60: 0.005027645344117466, 61: 0.008934083950429486, 62: 0.009840071877554594, 63: 0.004131231955025751, 64: 0.008293246708314507, 65: 0.008725886588194275, 66: 0.00648608495490509, 67: 0.0066830539516274535, 68: 0.006063347561011166, 69: 0.009070149620403449, 70: 0.00587207908099892, 71: 0.004413412166137306, 72: 0.008203644390518905, 73: 0.01000929116011014, 74: 0.006561733956613402}","[89, 86, 85, 84, 82, 81, 81, 81, 80, 80, 80, 80, 79, 79, 79, 79, 78, 78, 78, 78, 77, 76, 76, 76, 75, 75, 74, 74, 74, 74, 74, 73, 73, 73, 73, 73, 72, 72, 71, 71, 71, 70, 70, 70, 69, 69, 68, 68, 68, 68, 68, 68, 67, 67, 66, 66, 66, 64, 64, 64, 64, 64, 63, 63, 62, 62, 62, 61, 61, 59, 59, 59, 58, 56, 55]","dict_values([39, 44, 36, 43, 38, 46, 36, 34, 46, 46, 50, 48, 39, 43, 46, 40, 44, 41, 45, 44, 37, 43, 35, 40, 43, 47, 51, 42, 43, 45, 43, 46, 44, 49, 34, 33, 44, 46, 39, 37, 37, 39, 41, 42, 38, 48, 49, 40, 30, 43, 31, 43, 40, 43, 37, 45, 38, 39, 49, 43, 34, 30, 39, 44, 38, 45, 43, 36, 35, 36, 41, 48, 41, 50, 44])",0.0550532497246186
48,71.06666666666666,0.48445489260780816,"{0: 0.008947572415579244, 1: 0.005490413503404682, 2: 0.00949212569721357, 3: 0.005791460217008453, 4: 0.00676695463848046, 5: 0.008093520031473456, 6: 0.008805535755267265, 7: 0.0046922841964281495, 8: 0.007156871813154058, 9: 0.005892055621764224, 10: 0.0070773004366722824, 11: 0.005638045289371378, 12: 0.008784999532470725, 13: 0.006264227935563026, 14: 0.00847735485022587, 15: 0.008938837589398008, 16: 0.005454367245624207, 17: 0.0043652516971546705, 18: 0.005007167309864074, 19: 0.006374524095965234, 20: 0.007652688631697023, 21: 0.01025961140767198, 22: 0.004395900074211917, 23: 0.004908955763481914, 24: 0.0054767148085228985, 25: 0.006732142481742275, 26: 0.00809304600179843, 27: 0.008607791163179746, 28: 0.007442695385245165, 29: 0.00786390993880126, 30: 0.008884736506020586, 31: 0.007877815187528647, 32: 0.00666672320554701, 33: 0.00684336258815011, 34: 0.004217661421198672, 35: 0.006952115228163215, 36: 0.0076733422855618655, 37: 0.006055701514729045, 38: 0.00472765997122204, 39: 0.007220055639784581, 40: 0.009056300658776039, 41: 0.011007560894973536, 42: 0.008421013371422328, 43: 0.009154714550709962, 44: 0.004619390448905289, 45: 0.00618262445492315, 46: 0.00926625116319536, 47: 0.007273116771493137, 48: 0.005420749715317293, 49: 0.00876083331886181, 50: 0.0072103180724062705, 51: 0.005547954816151746, 52: 0.006934668081679583, 53: 0.007547170266745568, 54: 0.00767325602344282, 55: 0.0068976855436887995, 56: 0.0070399202438952, 57: 0.005178288779074187, 58: 0.007782794883291944, 59: 0.008688646768133055, 60: 0.0050385084757774085, 61: 0.008889225985303022, 62: 0.010052295245845718, 63: 0.004732251936818336, 64: 0.00827932182706646, 65: 0.008517654670109818, 66: 0.006636691809369954, 67: 0.006644930887324591, 68: 0.00610728072555905, 69: 0.008791105426907303, 70: 0.005934176212785819, 71: 0.004261085786116509, 72: 0.007874379099062122, 73: 0.010092463397786395, 74: 0.006483329329731975}","[87, 85, 85, 84, 81, 80, 80, 79, 79, 79, 79, 79, 79, 78, 78, 78, 78, 77, 77, 77, 76, 76, 76, 76, 75, 75, 75, 74, 73, 73, 73, 73, 72, 72, 72, 72, 72, 71, 71, 71, 70, 70, 70, 70, 70, 69, 68, 68, 68, 68, 68, 68, 68, 67, 66, 66, 65, 65, 64, 64, 64, 64, 63, 63, 62, 62, 62, 62, 61, 61, 59, 59, 58, 56, 55]","dict_values([39, 44, 36, 43, 38, 46, 36, 34, 46, 46, 50, 48, 39, 43, 46, 40, 44, 41, 45, 44, 37, 43, 35, 40, 43, 47, 51, 42, 43, 45, 43, 46, 44, 49, 34, 33, 44, 46, 39, 37, 37, 39, 41, 42, 38, 48, 49, 40, 30, 43, 31, 43, 40, 43, 37, 45, 38, 39, 49, 43, 34, 30, 39, 44, 38, 45, 43, 36, 35, 36, 41, 48, 41, 50, 44])",0.057290356191193645
48,70.90666666666667,0.4827987253985828,"{0: 0.009091310769076195, 1: 0.005315431952385144, 2: 0.008954386060054964, 3: 0.00579544238571854, 4: 0.006964028364998965, 5: 0.007932416298717902, 6: 0.008553098235717062, 7: 0.004567620291567344, 8: 0.00763703599957382, 9: 0.005868570200861253, 10: 0.006975665297644346, 11: 0.005677880711538539, 12: 0.008551729871244262, 13: 0.006294040229058941, 14: 0.008710017386275921, 15: 0.008794993418887445, 16: 0.0053394712465343755, 17: 0.00410353537435922, 18: 0.004927977782905352, 19: 0.006688882092852543, 20: 0.007325617465832051, 21: 0.010368668802842299, 22: 0.004681991057704051, 23: 0.005222770113739254, 24: 0.005321976031313237, 25: 0.006715827755967874, 26: 0.008092726135280202, 27: 0.008285333931096775, 28: 0.0068422811053369, 29: 0.007930609182510906, 30: 0.008966909040972122, 31: 0.008012925741863566, 32: 0.006880829928794884, 33: 0.006710482181920091, 34: 0.004119464711797089, 35: 0.007334263052435117, 36: 0.007503225673101566, 37: 0.006308062351015708, 38: 0.004990419200859241, 39: 0.0074958522229076965, 40: 0.009093032185388764, 41: 0.011182600859221199, 42: 0.008854386025035453, 43: 0.00865176089387436, 44: 0.005025496354956338, 45: 0.006214216933666002, 46: 0.009264495220412304, 47: 0.007664781823074089, 48: 0.005209444951163363, 49: 0.008995495502750642, 50: 0.007336628271346882, 51: 0.005162432826514832, 52: 0.007379145726701294, 53: 0.007552171733749425, 54: 0.007448065223120145, 55: 0.006978917034925797, 56: 0.006802246199208835, 57: 0.005159684766927855, 58: 0.00761210839798302, 59: 0.008332085334695202, 60: 0.0050889628048801094, 61: 0.008898267195779463, 62: 0.010084454837928207, 63: 0.004617053402825997, 64: 0.008500809611168194, 65: 0.00850769754467708, 66: 0.006609754625806664, 67: 0.006471098422054006, 68: 0.006184718310380054, 69: 0.008800098102520705, 70: 0.006325838250598282, 71: 0.004568424926029507, 72: 0.0078048168404433816, 73: 0.010562646484645447, 74: 0.006374551178114029}","[87, 85, 85, 85, 80, 80, 80, 79, 79, 79, 79, 79, 78, 77, 77, 77, 77, 77, 77, 77, 76, 76, 75, 74, 74, 74, 73, 73, 73, 73, 73, 73, 73, 72, 72, 72, 72, 72, 72, 72, 70, 70, 70, 70, 69, 69, 69, 69, 69, 69, 68, 68, 67, 67, 66, 65, 64, 64, 64, 64, 63, 63, 63, 62, 62, 62, 62, 61, 61, 61, 61, 59, 57, 57, 55]","dict_values([39, 44, 36, 43, 38, 46, 36, 34, 46, 46, 50, 48, 39, 43, 46, 40, 44, 41, 45, 44, 37, 43, 35, 40, 43, 47, 51, 42, 43, 45, 43, 46, 44, 49, 34, 33, 44, 46, 39, 37, 37, 39, 41, 42, 38, 48, 49, 40, 30, 43, 31, 43, 40, 43, 37, 45, 38, 39, 49, 43, 34, 30, 39, 44, 38, 45, 43, 36, 35, 36, 41, 48, 41, 50, 44])",0.05028753454070636
49,70.82666666666667,0.48220154550465255,"{0: 0.008875660039452624, 1: 0.00556679616097355, 2: 0.009446073242439271, 3: 0.00575053956983714, 4: 0.006834452131988219, 5: 0.007775326844340066, 6: 0.008657352475642874, 7: 0.004558550649957982, 8: 0.007729057477689591, 9: 0.005887690840389329, 10: 0.0071981729726936115, 11: 0.005742706022651998, 12: 0.008638984921433732, 13: 0.0062602902632029256, 14: 0.008661761945302753, 15: 0.009054147603008482, 16: 0.005242404453902534, 17: 0.004160271557721989, 18: 0.00509875289895233, 19: 0.0068550144059786, 20: 0.0071445132842701126, 21: 0.010565296707978327, 22: 0.004451791787333164, 23: 0.005199195755216424, 24: 0.0055535804859990125, 25: 0.006848420058741545, 26: 0.008418207680405961, 27: 0.008010524136391332, 28: 0.0072522770555496436, 29: 0.007862240038550364, 30: 0.008769379194247248, 31: 0.00826313431657377, 32: 0.006457917677633506, 33: 0.007145884081852887, 34: 0.003960474872657001, 35: 0.007307272678187125, 36: 0.007097523507167301, 37: 0.00633209424576398, 38: 0.005026606654071779, 39: 0.006972436664925256, 40: 0.008971248304465938, 41: 0.01082442864095155, 42: 0.008639817458112545, 43: 0.008782142908546458, 44: 0.004964617764234962, 45: 0.006411947390354781, 46: 0.00930155396283387, 47: 0.00740632945233768, 48: 0.005226365863022029, 49: 0.008821143598142187, 50: 0.007539409889983985, 51: 0.005146109097111392, 52: 0.007749841296023693, 53: 0.007601083991798587, 54: 0.007341713274508426, 55: 0.007143355064669003, 56: 0.006491117692868859, 57: 0.005271047124116994, 58: 0.007738539446895833, 59: 0.008316659850026255, 60: 0.005297374153328177, 61: 0.008773148696158597, 62: 0.010521888754819329, 63: 0.004328542058493059, 64: 0.008663217857197196, 65: 0.008472380660955492, 66: 0.00682781637415766, 67: 0.006076780355560188, 68: 0.006272406868967632, 69: 0.008754626949484694, 70: 0.006149368159592585, 71: 0.004793186369042912, 72: 0.007888328347649267, 73: 0.0103601010278829, 74: 0.006227092264877981}","[87, 86, 86, 84, 81, 80, 79, 79, 79, 79, 79, 78, 78, 78, 78, 77, 76, 76, 76, 76, 76, 76, 76, 74, 74, 74, 73, 73, 73, 73, 73, 72, 72, 72, 72, 72, 72, 71, 71, 71, 71, 70, 70, 70, 69, 69, 69, 68, 68, 68, 68, 67, 67, 67, 66, 65, 65, 65, 64, 64, 64, 63, 63, 63, 62, 62, 62, 61, 61, 61, 59, 58, 58, 58, 55]","dict_values([39, 44, 36, 43, 38, 46, 36, 34, 46, 46, 50, 48, 39, 43, 46, 40, 44, 41, 45, 44, 37, 43, 35, 40, 43, 47, 51, 42, 43, 45, 43, 46, 44, 49, 34, 33, 44, 46, 39, 37, 37, 39, 41, 42, 38, 48, 49, 40, 30, 43, 31, 43, 40, 43, 37, 45, 38, 39, 49, 43, 34, 30, 39, 44, 38, 45, 43, 36, 35, 36, 41, 48, 41, 50, 44])",0.05423104314849765
49,70.53333333333333,0.4801801691619002,"{0: 0.008941257261365118, 1: 0.00584892021555457, 2: 0.009298754974158078, 3: 0.005530375130572144, 4: 0.006475657762947078, 5: 0.008142005034825562, 6: 0.008909083487450634, 7: 0.004505574117143709, 8: 0.007412831988202813, 9: 0.005923533319495921, 10: 0.007302781032598366, 11: 0.005509600743469453, 12: 0.009254885696786914, 13: 0.006354122630657085, 14: 0.008355293596031484, 15: 0.008885107059602108, 16: 0.005159464545026438, 17: 0.004139984925714668, 18: 0.005330669339440538, 19: 0.006811922859018009, 20: 0.007044508167812852, 21: 0.01039735136314661, 22: 0.004326053979513199, 23: 0.005317597997701945, 24: 0.005191200616347977, 25: 0.006690119705136008, 26: 0.008602358599832561, 27: 0.007807538446550569, 28: 0.00729379575240054, 29: 0.008300742498439682, 30: 0.008650016704601733, 31: 0.008852925489197985, 32: 0.006549777221264338, 33: 0.0076225581838998534, 34: 0.0038492633868418384, 35: 0.0071595315505036845, 36: 0.006923471696273094, 37: 0.006661925316609835, 38: 0.004958063621049734, 39: 0.0068563486675840704, 40: 0.009096404763551547, 41: 0.010674400816876789, 42: 0.00847207661342914, 43: 0.008933718757364414, 44: 0.004808056012135071, 45: 0.006537033365633488, 46: 0.009821978535210371, 47: 0.007415410798305558, 48: 0.005101334603928824, 49: 0.008736510544099636, 50: 0.007845099638856875, 51: 0.005579114981150012, 52: 0.007820691023773892, 53: 0.007785428398881212, 54: 0.007521283528588093, 55: 0.007254978493393434, 56: 0.006504324879117745, 57: 0.005509285825297953, 58: 0.007694668308407012, 59: 0.008296067861770928, 60: 0.005005193637005719, 61: 0.009102848884936005, 62: 0.010603451093770283, 63: 0.004166396432587227, 64: 0.008563717115917755, 65: 0.008324061857754026, 66: 0.007043408705021545, 67: 0.0059208806423651904, 68: 0.006291447094317081, 69: 0.009158278025203899, 70: 0.0062225905341718344, 71: 0.004984910092019955, 72: 0.007263800090880631, 73: 0.01005161342768502, 74: 0.006506351120271734}","[87, 85, 85, 82, 80, 80, 79, 79, 79, 79, 79, 79, 78, 78, 78, 77, 77, 77, 76, 75, 75, 75, 75, 75, 74, 74, 73, 73, 73, 73, 73, 73, 72, 72, 72, 71, 71, 70, 70, 70, 70, 69, 69, 69, 69, 69, 69, 68, 68, 68, 67, 67, 67, 66, 66, 65, 65, 65, 65, 64, 63, 63, 63, 62, 62, 61, 61, 60, 60, 60, 59, 58, 58, 58, 54]","dict_values([39, 44, 36, 43, 38, 46, 36, 34, 46, 46, 50, 48, 39, 43, 46, 40, 44, 41, 45, 44, 37, 43, 35, 40, 43, 47, 51, 42, 43, 45, 43, 46, 44, 49, 34, 33, 44, 46, 39, 37, 37, 39, 41, 42, 38, 48, 49, 40, 30, 43, 31, 43, 40, 43, 37, 45, 38, 39, 49, 43, 34, 30, 39, 44, 38, 45, 43, 36, 35, 36, 41, 48, 41, 50, 44])",0.053722506709167006
48,70.61333333333333,0.48103153557267464,"{0: 0.008888988718962957, 1: 0.005985151342403267, 2: 0.008929368201463833, 3: 0.005474252049532283, 4: 0.006483958514457058, 5: 0.00791125008477129, 6: 0.009488680016436466, 7: 0.004453085443650082, 8: 0.007419277098745171, 9: 0.006051789615466474, 10: 0.007016137493226334, 11: 0.005430860541899717, 12: 0.0095408917657667, 13: 0.0067602378079232575, 14: 0.008575772972627117, 15: 0.008964015951668085, 16: 0.004917505585313298, 17: 0.004064019630124597, 18: 0.0052757419819874675, 19: 0.006880059123631608, 20: 0.007222358009560759, 21: 0.0100243860272467, 22: 0.004463407436470398, 23: 0.005442797958853404, 24: 0.005312264881694934, 25: 0.006912854835058804, 26: 0.008427584076708735, 27: 0.007736602190675354, 28: 0.0077585081051713654, 29: 0.00816211739516744, 30: 0.008628675359396687, 31: 0.009058234370456459, 32: 0.006381546343372255, 33: 0.007286575756716532, 34: 0.0037096644955072586, 35: 0.00717031871210155, 36: 0.006674343563298889, 37: 0.006851581611436087, 38: 0.004860159695695639, 39: 0.006561544929125605, 40: 0.00927729440467847, 41: 0.010062076967949621, 42: 0.008790081024088311, 43: 0.008739546130403323, 44: 0.004735741169390756, 45: 0.006542525882422443, 46: 0.00991845935332179, 47: 0.007035986654623066, 48: 0.00489923532118575, 49: 0.008633402075747762, 50: 0.008020953318226566, 51: 0.005740344650693088, 52: 0.007969948739955024, 53: 0.008066227228303278, 54: 0.007619205621118429, 55: 0.00704128165553336, 56: 0.006414486465921026, 57: 0.005910740421679135, 58: 0.007437733931921791, 59: 0.008504098870085717, 60: 0.004757162338654602, 61: 0.009328497302382298, 62: 0.010199032679179777, 63: 0.004266197186309107, 64: 0.008379528063161133, 65: 0.008527799539993592, 66: 0.007113326416574673, 67: 0.005621228035531006, 68: 0.006287882219751945, 69: 0.009076633791495549, 70: 0.005996146621555747, 71: 0.005125566397772044, 72: 0.007058415041308429, 73: 0.01030337641017314, 74: 0.006651709693166695}","[85, 84, 83, 83, 80, 80, 80, 79, 79, 79, 79, 79, 79, 78, 78, 78, 78, 77, 76, 76, 76, 76, 75, 75, 75, 75, 74, 74, 73, 72, 72, 72, 72, 72, 72, 71, 71, 70, 70, 70, 70, 69, 69, 69, 69, 69, 69, 68, 67, 67, 67, 67, 67, 67, 66, 66, 66, 65, 64, 64, 64, 63, 63, 62, 62, 61, 61, 60, 60, 60, 60, 59, 59, 57, 53]","dict_values([39, 44, 36, 43, 38, 46, 36, 34, 46, 46, 50, 48, 39, 43, 46, 40, 44, 41, 45, 44, 37, 43, 35, 40, 43, 47, 51, 42, 43, 45, 43, 46, 44, 49, 34, 33, 44, 46, 39, 37, 37, 39, 41, 42, 38, 48, 49, 40, 30, 43, 31, 43, 40, 43, 37, 45, 38, 39, 49, 43, 34, 30, 39, 44, 38, 45, 43, 36, 35, 36, 41, 48, 41, 50, 44])",0.05326827064375102
48,71.06666666666666,0.48381629718002284,"{0: 0.00844609496671875, 1: 0.006041685815056611, 2: 0.008881418537022978, 3: 0.005554514241158025, 4: 0.006258570434095215, 5: 0.008004659937405633, 6: 0.009325343205934157, 7: 0.0043644319384056164, 8: 0.007060991961959609, 9: 0.0058633048528735614, 10: 0.007515892997206768, 11: 0.005736785899026014, 12: 0.009639547742623784, 13: 0.0073456144409613875, 14: 0.008796204105804171, 15: 0.008660328714654386, 16: 0.005063076637177725, 17: 0.003996703331552107, 18: 0.004998008917200688, 19: 0.006677656731550566, 20: 0.006754883145594519, 21: 0.009833407616690633, 22: 0.00455798530816026, 23: 0.005213723714189568, 24: 0.005186564348323959, 25: 0.007065914969118937, 26: 0.00816777956027241, 27: 0.007985721970786858, 28: 0.007938717277069032, 29: 0.007847153784276351, 30: 0.008473924016694003, 31: 0.008919550517892422, 32: 0.006761884809363915, 33: 0.007223683038224501, 34: 0.0038247581867927294, 35: 0.007025448822038144, 36: 0.006350240120714106, 37: 0.0067941170609559206, 38: 0.004743434912936128, 39: 0.006668679473397549, 40: 0.009321174993620725, 41: 0.010405790867653378, 42: 0.008749238732868573, 43: 0.008771085364995056, 44: 0.0048548211198745864, 45: 0.0066003022030687196, 46: 0.00958952451057876, 47: 0.00705281893854358, 48: 0.004762956226913505, 49: 0.008292546457931618, 50: 0.008367420759814831, 51: 0.005635597978368736, 52: 0.008470904029872361, 53: 0.008042883397532322, 54: 0.007515570277253333, 55: 0.007021872718358969, 56: 0.006463764947898925, 57: 0.005659220414180871, 58: 0.0069028522828479605, 59: 0.008326624459553686, 60: 0.00471182677337867, 61: 0.009393766224557586, 62: 0.009725539745699759, 63: 0.004130683397629747, 64: 0.0076828976146967615, 65: 0.008855992294123012, 66: 0.006823077327250838, 67: 0.005544075653985258, 68: 0.006177280154287605, 69: 0.008995521181576144, 70: 0.006318602855777564, 71: 0.005235657060271968, 72: 0.007386005298541668, 73: 0.009995369504416847, 74: 0.006709784889189345}","[85, 84, 84, 83, 82, 81, 80, 80, 80, 80, 80, 79, 79, 78, 78, 78, 77, 77, 77, 77, 76, 76, 76, 76, 75, 75, 75, 75, 74, 73, 73, 72, 72, 72, 72, 71, 71, 71, 71, 71, 70, 70, 69, 69, 69, 69, 69, 69, 69, 68, 68, 68, 68, 67, 67, 66, 66, 65, 65, 65, 64, 63, 62, 62, 62, 61, 61, 61, 61, 61, 60, 60, 59, 57, 54]","dict_values([39, 44, 36, 43, 38, 46, 36, 34, 46, 46, 50, 48, 39, 43, 46, 40, 44, 41, 45, 44, 37, 43, 35, 40, 43, 47, 51, 42, 43, 45, 43, 46, 44, 49, 34, 33, 44, 46, 39, 37, 37, 39, 41, 42, 38, 48, 49, 40, 30, 43, 31, 43, 40, 43, 37, 45, 38, 39, 49, 43, 34, 30, 39, 44, 38, 45, 43, 36, 35, 36, 41, 48, 41, 50, 44])",0.054096286727046805
48,71.14666666666666,0.4853841047745908,"{0: 0.00803804287638251, 1: 0.0057390991278668336, 2: 0.00869888159460444, 3: 0.005520493984302975, 4: 0.0062369433163608455, 5: 0.007858330242945034, 6: 0.009234620849125711, 7: 0.004014001406435327, 8: 0.006786855292647907, 9: 0.005824033240762631, 10: 0.007309196212687417, 11: 0.005515182975426965, 12: 0.00995361647119998, 13: 0.007085820806628429, 14: 0.00895818383068468, 15: 0.008907194573026887, 16: 0.005116117471365294, 17: 0.004029102069396486, 18: 0.0047033864019127725, 19: 0.006499053308691399, 20: 0.007096946815159191, 21: 0.009460625999381729, 22: 0.004781375854306987, 23: 0.005406722755274691, 24: 0.005576040393740164, 25: 0.006743643799557106, 26: 0.008508733534265426, 27: 0.007987294559351764, 28: 0.007816864225299654, 29: 0.007611406957887049, 30: 0.008663245667312655, 31: 0.008888225870041193, 32: 0.006911946233950323, 33: 0.00734193942543511, 34: 0.003679353005924716, 35: 0.0070016469497716435, 36: 0.006210019385606724, 37: 0.006578126527524284, 38: 0.004716593634647358, 39: 0.006429830563738947, 40: 0.009047725590631007, 41: 0.010484060891091539, 42: 0.008583284236742232, 43: 0.009364071318467249, 44: 0.004718550144689365, 45: 0.006546079348716897, 46: 0.009606722790285255, 47: 0.006852514078478658, 48: 0.0047475958636898396, 49: 0.008527762993678939, 50: 0.008521964184228474, 51: 0.0061843402853168005, 52: 0.00845831942400396, 53: 0.007786600156977349, 54: 0.007816120412674698, 55: 0.007240263443423816, 56: 0.006677153409014269, 57: 0.0059914175752668565, 58: 0.007357509147171428, 59: 0.008217694603916647, 60: 0.004688610170108335, 61: 0.009283710750723305, 62: 0.009851431809438895, 63: 0.004181197290979184, 64: 0.0076090745009932195, 65: 0.00875311955061387, 66: 0.007334869720511762, 67: 0.005548049430522848, 68: 0.006223407295619292, 69: 0.008609694234100051, 70: 0.006039060461434896, 71: 0.005146375302962102, 72: 0.0070585031313276534, 73: 0.010360161817224326, 74: 0.006650355272918353}","[86, 85, 85, 83, 82, 82, 81, 80, 80, 80, 79, 79, 78, 78, 78, 77, 77, 77, 77, 77, 77, 77, 77, 76, 76, 76, 75, 75, 74, 73, 73, 73, 73, 72, 72, 72, 71, 70, 70, 70, 70, 70, 70, 69, 69, 68, 68, 68, 68, 68, 68, 68, 68, 67, 67, 67, 67, 66, 65, 65, 64, 64, 63, 62, 61, 61, 61, 61, 61, 61, 60, 60, 58, 57, 53]","dict_values([39, 44, 36, 43, 38, 46, 36, 34, 46, 46, 50, 48, 39, 43, 46, 40, 44, 41, 45, 44, 37, 43, 35, 40, 43, 47, 51, 42, 43, 45, 43, 46, 44, 49, 34, 33, 44, 46, 39, 37, 37, 39, 41, 42, 38, 48, 49, 40, 30, 43, 31, 43, 40, 43, 37, 45, 38, 39, 49, 43, 34, 30, 39, 44, 38, 45, 43, 36, 35, 36, 41, 48, 41, 50, 44])",0.06103741607457134
48,71.52,0.4877721056887908,"{0: 0.00786340832761905, 1: 0.0058413710710238315, 2: 0.008234743380233686, 3: 0.005641408788719388, 4: 0.0060636827193053765, 5: 0.00807367847318667, 6: 0.009625655299272087, 7: 0.003818284095690372, 8: 0.006923277685303899, 9: 0.005677586508956974, 10: 0.007394833255592997, 11: 0.005557274879818399, 12: 0.009998294134984802, 13: 0.007184377259858678, 14: 0.008982048414021296, 15: 0.008658782982970077, 16: 0.005511942081013159, 17: 0.004191605565142703, 18: 0.0045273909554606325, 19: 0.006544348796831617, 20: 0.006812449896874645, 21: 0.00930959003543568, 22: 0.004738650845325337, 23: 0.005401168823228201, 24: 0.005108847173261787, 25: 0.006742587899890965, 26: 0.00803302294380645, 27: 0.008367059713527815, 28: 0.007836524179116457, 29: 0.007744912770101151, 30: 0.008537748902909844, 31: 0.008884647930237015, 32: 0.00708931044919588, 33: 0.0073421737080971005, 34: 0.003833278706764498, 35: 0.00671059292721332, 36: 0.0064819252181695835, 37: 0.006621612449053096, 38: 0.0046466332217303995, 39: 0.0061180502649832765, 40: 0.008565684385290593, 41: 0.01039260614272265, 42: 0.008434410589538813, 43: 0.008948616693831648, 44: 0.004822151761879897, 45: 0.006267931915426168, 46: 0.009457351121480275, 47: 0.006752665865845393, 48: 0.004642613792064517, 49: 0.0081034075382447, 50: 0.008574754015405044, 51: 0.006283788565254252, 52: 0.008359359192916208, 53: 0.008212769311016254, 54: 0.007918310775431555, 55: 0.007615970557750415, 56: 0.0064878850890608495, 57: 0.005663318375000619, 58: 0.007021723757991709, 59: 0.008025917049918369, 60: 0.004494768005011269, 61: 0.00942020090336645, 62: 0.009962279454394157, 63: 0.004057218986771658, 64: 0.007646014078600354, 65: 0.008815246752081061, 66: 0.007694143612453618, 67: 0.005586960363777022, 68: 0.006500550474068348, 69: 0.008174296033996104, 70: 0.006169505163044672, 71: 0.005601626729695533, 72: 0.007004602476155872, 73: 0.009983068769048217, 74: 0.006577975087493125}","[86, 86, 84, 83, 83, 82, 81, 81, 80, 80, 80, 78, 78, 78, 78, 78, 78, 78, 77, 77, 77, 77, 77, 76, 76, 76, 76, 75, 75, 75, 74, 74, 73, 72, 72, 72, 71, 71, 71, 71, 70, 70, 70, 70, 70, 69, 69, 69, 69, 69, 68, 68, 68, 68, 68, 67, 67, 67, 66, 66, 65, 64, 63, 62, 62, 62, 61, 61, 60, 60, 60, 60, 58, 57, 54]","dict_values([39, 44, 36, 43, 38, 46, 36, 34, 46, 46, 50, 48, 39, 43, 46, 40, 44, 41, 45, 44, 37, 43, 35, 40, 43, 47, 51, 42, 43, 45, 43, 46, 44, 49, 34, 33, 44, 46, 39, 37, 37, 39, 41, 42, 38, 48, 49, 40, 30, 43, 31, 43, 40, 43, 37, 45, 38, 39, 49, 43, 34, 30, 39, 44, 38, 45, 43, 36, 35, 36, 41, 48, 41, 50, 44])",0.05247205525721506
48,71.57333333333334,0.48781818904101737,"{0: 0.007900978424084512, 1: 0.005970160684632828, 2: 0.008284790075138972, 3: 0.005504646196856656, 4: 0.005853845139198194, 5: 0.008107119016467395, 6: 0.009849547142899331, 7: 0.0038031295000298185, 8: 0.006776690799441367, 9: 0.005815007266757508, 10: 0.0070093905201474545, 11: 0.006019020986989187, 12: 0.009786536039331993, 13: 0.007369160253158106, 14: 0.008914686398767097, 15: 0.008324599478025742, 16: 0.005701891836461096, 17: 0.004376079698321705, 18: 0.0044378452120948505, 19: 0.006768938403560492, 20: 0.0065316584124808915, 21: 0.009043393129574664, 22: 0.004955014987322457, 23: 0.0053891941161415685, 24: 0.005289058841101591, 25: 0.006763778499110163, 26: 0.008247495331276906, 27: 0.008509439446792175, 28: 0.007700853907045336, 29: 0.008063534400904966, 30: 0.008657377267367313, 31: 0.009037891765872382, 32: 0.006958251799701597, 33: 0.007292140563178953, 34: 0.0037534564558685413, 35: 0.007011301729771101, 36: 0.006442063933127739, 37: 0.006400387175943882, 38: 0.004622539260263908, 39: 0.005827155644376815, 40: 0.008281015057188179, 41: 0.010411428689143878, 42: 0.007734128166629141, 43: 0.008809136562897023, 44: 0.005029698068720989, 45: 0.006164726846096249, 46: 0.009722309550416057, 47: 0.0067020011078992745, 48: 0.004798818082303396, 49: 0.008068845959848981, 50: 0.008371516325757269, 51: 0.006715376706152141, 52: 0.008157116613620553, 53: 0.008175542451766453, 54: 0.007837093109742512, 55: 0.007887780114159252, 56: 0.006133474818692757, 57: 0.006312752626255776, 58: 0.007014604338551847, 59: 0.008542320054169399, 60: 0.004511129512165656, 61: 0.00883770351071236, 62: 0.010023734730619552, 63: 0.003848998967977049, 64: 0.007653331711826898, 65: 0.008765994331915966, 66: 0.007706705036984015, 67: 0.0054496872838176655, 68: 0.00663983936615542, 69: 0.008206029291973858, 70: 0.0060935993093232865, 71: 0.005643379612572703, 72: 0.006908643497163379, 73: 0.009543322479816813, 74: 0.006772409240386996}","[86, 86, 83, 82, 82, 82, 81, 81, 81, 80, 79, 79, 78, 78, 78, 78, 78, 78, 78, 77, 77, 77, 77, 77, 76, 76, 76, 75, 75, 74, 74, 74, 74, 72, 72, 72, 72, 71, 70, 70, 70, 70, 70, 70, 69, 69, 69, 69, 69, 69, 69, 69, 69, 68, 68, 68, 68, 67, 66, 66, 65, 64, 63, 63, 63, 63, 61, 61, 60, 60, 60, 59, 57, 57, 54]","dict_values([39, 44, 36, 43, 38, 46, 36, 34, 46, 46, 50, 48, 39, 43, 46, 40, 44, 41, 45, 44, 37, 43, 35, 40, 43, 47, 51, 42, 43, 45, 43, 46, 44, 49, 34, 33, 44, 46, 39, 37, 37, 39, 41, 42, 38, 48, 49, 40, 30, 43, 31, 43, 40, 43, 37, 45, 38, 39, 49, 43, 34, 30, 39, 44, 38, 45, 43, 36, 35, 36, 41, 48, 41, 50, 44])",0.052253543102471794
49,71.6,0.48777891466307677,"{0: 0.007618897817553364, 1: 0.006374107935177562, 2: 0.008100627825335148, 3: 0.005910819282954574, 4: 0.0056454712359372715, 5: 0.007693935622156188, 6: 0.010209376051554392, 7: 0.0038976036379117654, 8: 0.006504198914675124, 9: 0.005689311148237924, 10: 0.0073047224710194305, 11: 0.006015026265511506, 12: 0.008968452327244485, 13: 0.007630917443037894, 14: 0.0093859686519615, 15: 0.008307183968702286, 16: 0.005574122382063951, 17: 0.004380420952185839, 18: 0.004706028243011668, 19: 0.00699235747177421, 20: 0.006179734828854184, 21: 0.009297932299158068, 22: 0.0050911990070283955, 23: 0.005309651621706045, 24: 0.005170802611836869, 25: 0.006733214480661674, 26: 0.00838228985138251, 27: 0.008226255732222845, 28: 0.007581105696507892, 29: 0.008427103239028358, 30: 0.008618238183241627, 31: 0.008862172731160441, 32: 0.007043796834971607, 33: 0.007270982338453903, 34: 0.003889829676957516, 35: 0.007030350656128853, 36: 0.006161614954843822, 37: 0.006089573893865639, 38: 0.004733984433852164, 39: 0.005974538166949955, 40: 0.008185117781166089, 41: 0.01031698855430763, 42: 0.007966627608523178, 43: 0.008620398343754079, 44: 0.004742428943968437, 45: 0.006032564391993702, 46: 0.009971282528664534, 47: 0.007088381681550392, 48: 0.00461874051684053, 49: 0.007963475556845763, 50: 0.008442870495233318, 51: 0.006585736537945888, 52: 0.008012945710737573, 53: 0.00847214819870844, 54: 0.00811812187233057, 55: 0.007941320337175999, 56: 0.006177902020617246, 57: 0.006252695223244354, 58: 0.006747815269127351, 59: 0.008249850808543983, 60: 0.004505345182445706, 61: 0.008580080648521888, 62: 0.010083013603435904, 63: 0.00405680381258334, 64: 0.00795298764266102, 65: 0.008900299549558047, 66: 0.007746507184342562, 67: 0.005152043007022279, 68: 0.006376152170198904, 69: 0.008624925453959311, 70: 0.006283321977082404, 71: 0.005530151612264823, 72: 0.006963002133797156, 73: 0.00961699414690156, 74: 0.0064961648566648055}","[86, 86, 83, 83, 83, 82, 82, 80, 80, 79, 79, 79, 79, 78, 78, 78, 78, 78, 77, 77, 77, 77, 77, 76, 76, 76, 76, 76, 75, 75, 74, 74, 73, 73, 73, 72, 71, 71, 71, 71, 70, 70, 70, 70, 69, 69, 69, 69, 69, 69, 68, 68, 68, 68, 68, 67, 67, 67, 67, 65, 64, 63, 63, 63, 63, 63, 62, 61, 61, 60, 60, 60, 58, 58, 55]","dict_values([39, 44, 36, 43, 38, 46, 36, 34, 46, 46, 50, 48, 39, 43, 46, 40, 44, 41, 45, 44, 37, 43, 35, 40, 43, 47, 51, 42, 43, 45, 43, 46, 44, 49, 34, 33, 44, 46, 39, 37, 37, 39, 41, 42, 38, 48, 49, 40, 30, 43, 31, 43, 40, 43, 37, 45, 38, 39, 49, 43, 34, 30, 39, 44, 38, 45, 43, 36, 35, 36, 41, 48, 41, 50, 44])",0.052462227215824137
47,71.73333333333333,0.4884651669494218,"{0: 0.007953701250773689, 1: 0.006021489142535044, 2: 0.008746778328757704, 3: 0.0061502416115655125, 4: 0.005860125087325469, 5: 0.008010139349287014, 6: 0.010138045858116103, 7: 0.003999964897375992, 8: 0.006656171299184012, 9: 0.006003185304839215, 10: 0.007298582824528751, 11: 0.005791148363313747, 12: 0.008787728148489634, 13: 0.007469729244610788, 14: 0.009949260287707816, 15: 0.008092191260220913, 16: 0.005443336280192874, 17: 0.004402887524756693, 18: 0.0046180242874249355, 19: 0.007391756498019532, 20: 0.006313188051508464, 21: 0.008897127120333217, 22: 0.004995574459822307, 23: 0.005665102829315674, 24: 0.00490370328000925, 25: 0.006587529860800332, 26: 0.008318072331723715, 27: 0.008190783113391057, 28: 0.007587349936644137, 29: 0.007815410311125537, 30: 0.008047019557352025, 31: 0.008438916665537836, 32: 0.0072537507820048894, 33: 0.007438884428203104, 34: 0.003942211821547644, 35: 0.0074962609525103556, 36: 0.006387038310359911, 37: 0.006139460521752311, 38: 0.004750434900756426, 39: 0.006285033356681646, 40: 0.007944947731311307, 41: 0.010281296485671726, 42: 0.007280049579002658, 43: 0.008611026896271532, 44: 0.0043487294789300805, 45: 0.006287082394768259, 46: 0.009990255131541758, 47: 0.007002411294896295, 48: 0.004537282259164126, 49: 0.007973386394812423, 50: 0.0080980713710464, 51: 0.00631570277840397, 52: 0.007970090609646985, 53: 0.008425735471225422, 54: 0.008378387985799903, 55: 0.008133887561744258, 56: 0.006280923538514657, 57: 0.006661654964637894, 58: 0.0061108623771241105, 59: 0.008049199278075129, 60: 0.004149794701931415, 61: 0.008594958308107345, 62: 0.010080491900765324, 63: 0.004102227298713475, 64: 0.008125988914211024, 65: 0.008952934862126586, 66: 0.007793138845012512, 67: 0.005097657643092404, 68: 0.006211389976952832, 69: 0.008497463022939387, 70: 0.00623978806700301, 71: 0.005327350319674256, 72: 0.007103153595239948, 73: 0.009655010103847231, 74: 0.006583872549562358}","[86, 86, 83, 83, 82, 82, 82, 81, 80, 80, 80, 79, 79, 79, 78, 78, 78, 77, 77, 77, 77, 77, 76, 76, 76, 75, 75, 75, 75, 75, 74, 74, 74, 74, 73, 73, 72, 72, 71, 71, 71, 71, 70, 70, 70, 69, 69, 69, 69, 69, 69, 69, 68, 68, 68, 68, 68, 67, 67, 66, 65, 64, 63, 63, 63, 62, 61, 61, 61, 61, 59, 58, 58, 58, 56]","dict_values([39, 44, 36, 43, 38, 46, 36, 34, 46, 46, 50, 48, 39, 43, 46, 40, 44, 41, 45, 44, 37, 43, 35, 40, 43, 47, 51, 42, 43, 45, 43, 46, 44, 49, 34, 33, 44, 46, 39, 37, 37, 39, 41, 42, 38, 48, 49, 40, 30, 43, 31, 43, 40, 43, 37, 45, 38, 39, 49, 43, 34, 30, 39, 44, 38, 45, 43, 36, 35, 36, 41, 48, 41, 50, 44])",0.05301391633614793
49,71.62666666666667,0.48823541572153717,"{0: 0.007953764311985967, 1: 0.0060209618388644675, 2: 0.008824962671278316, 3: 0.006220994542080272, 4: 0.0056602071187429786, 5: 0.008199225286921949, 6: 0.009893424690424752, 7: 0.004067662505721034, 8: 0.006821398414249988, 9: 0.005857706007940355, 10: 0.0071109458123053875, 11: 0.005669022284334942, 12: 0.008675398703628684, 13: 0.007292786104570598, 14: 0.010162893792490763, 15: 0.007908154025325968, 16: 0.005081792024125135, 17: 0.004522991368754956, 18: 0.004507458301177864, 19: 0.007152201962727911, 20: 0.0065576337194333065, 21: 0.00930780914413535, 22: 0.004856812412197455, 23: 0.005272086511203809, 24: 0.0049600567322202775, 25: 0.00629371163132831, 26: 0.008076349548444542, 27: 0.007681773225586108, 28: 0.00809142956334946, 29: 0.007673384287559387, 30: 0.007747017161280813, 31: 0.008467146596995496, 32: 0.006754402474116941, 33: 0.007180848804207545, 34: 0.004042999166791822, 35: 0.007566145049414009, 36: 0.006186791915381003, 37: 0.006358375781526074, 38: 0.004559116031003091, 39: 0.006226981042323541, 40: 0.007797760691992091, 41: 0.010336584738823599, 42: 0.007282340824187741, 43: 0.008756645381896879, 44: 0.004369678459041863, 45: 0.006398497459557075, 46: 0.01006810071462377, 47: 0.007242769426291862, 48: 0.005018342332299978, 49: 0.008220908910309747, 50: 0.008607311708887988, 51: 0.006301657798902979, 52: 0.008522160887472593, 53: 0.008658735545171097, 54: 0.008106563872414206, 55: 0.00859088197644855, 56: 0.006628969685338645, 57: 0.0067029548312405795, 58: 0.006145466388240094, 59: 0.008088170845165856, 60: 0.004237065033634429, 61: 0.008480154297892612, 62: 0.010508003499381803, 63: 0.00395299181730529, 64: 0.007782110019664426, 65: 0.008795100099504967, 66: 0.007942988363849714, 67: 0.005057084924329722, 68: 0.006333141623335624, 69: 0.008955505757054047, 70: 0.006258234299242497, 71: 0.005092906848776467, 72: 0.007350469400900034, 73: 0.00967393743303223, 74: 0.006444991163702729}","[88, 86, 83, 83, 83, 82, 82, 81, 80, 80, 80, 79, 79, 79, 79, 78, 78, 77, 77, 77, 77, 77, 77, 76, 76, 76, 75, 75, 74, 74, 74, 74, 74, 74, 73, 72, 72, 71, 71, 71, 71, 71, 70, 70, 70, 69, 69, 69, 69, 69, 68, 68, 68, 68, 68, 67, 67, 66, 66, 65, 65, 63, 63, 63, 62, 62, 62, 61, 60, 60, 60, 58, 57, 57, 57]","dict_values([39, 44, 36, 43, 38, 46, 36, 34, 46, 46, 50, 48, 39, 43, 46, 40, 44, 41, 45, 44, 37, 43, 35, 40, 43, 47, 51, 42, 43, 45, 43, 46, 44, 49, 34, 33, 44, 46, 39, 37, 37, 39, 41, 42, 38, 48, 49, 40, 30, 43, 31, 43, 40, 43, 37, 45, 38, 39, 49, 43, 34, 30, 39, 44, 38, 45, 43, 36, 35, 36, 41, 48, 41, 50, 44])",0.054717963417494214
49,71.41333333333333,0.48620648428776697,"{0: 0.0077700024833797085, 1: 0.00603012271390268, 2: 0.008394046400711218, 3: 0.005987888029217178, 4: 0.005436586638593491, 5: 0.00793605123051664, 6: 0.00990577094312243, 7: 0.004638157506491513, 8: 0.00687803253248305, 9: 0.00599298232114389, 10: 0.007568649035398084, 11: 0.006091164468100091, 12: 0.008953755387664688, 13: 0.006883116242434022, 14: 0.010019775828500246, 15: 0.00798931491652731, 16: 0.005081764607845934, 17: 0.0045364069377300505, 18: 0.004616754699011454, 19: 0.007082624097059462, 20: 0.006298711744100955, 21: 0.009461905603428177, 22: 0.005025484972112129, 23: 0.005661656825516506, 24: 0.004641998034563355, 25: 0.006035302410346154, 26: 0.008112648312685093, 27: 0.00800375988910019, 28: 0.008248843381713165, 29: 0.007527616381067585, 30: 0.0071325503645914895, 31: 0.007711965397705552, 32: 0.006989490456337338, 33: 0.0073332846577232125, 34: 0.004156575571394661, 35: 0.007221867269235119, 36: 0.0060199755684476825, 37: 0.0068031907383653625, 38: 0.004865380346913086, 39: 0.006451582462153107, 40: 0.007951982947293986, 41: 0.01070169280856332, 42: 0.007169495081090224, 43: 0.008919955385015747, 44: 0.004172369404178014, 45: 0.006565491050934244, 46: 0.00964280965986536, 47: 0.0071362114017263925, 48: 0.005380198207857942, 49: 0.008587371323605389, 50: 0.008630936986455994, 51: 0.006100117983418429, 52: 0.008217734496493123, 53: 0.008402977014809106, 54: 0.007798047350639262, 55: 0.008840616060877432, 56: 0.006952990879632671, 57: 0.00675747238530637, 58: 0.0062750119288907434, 59: 0.007769762504126151, 60: 0.004887459309159802, 61: 0.008257478744855135, 62: 0.010483843674739663, 63: 0.003974971201887637, 64: 0.007426072935740252, 65: 0.008651861907459448, 66: 0.007801738325089239, 67: 0.004951461878396857, 68: 0.0065902241999355815, 69: 0.009484917888132039, 70: 0.0063155740044849905, 71: 0.005551222098116435, 72: 0.007356307970249351, 73: 0.010082200533597938, 74: 0.006369605673889424}","[87, 87, 84, 83, 82, 82, 81, 81, 80, 80, 80, 80, 80, 78, 78, 77, 77, 77, 77, 77, 76, 76, 76, 76, 74, 74, 74, 74, 74, 74, 73, 73, 73, 72, 72, 72, 71, 71, 71, 71, 71, 70, 70, 70, 70, 70, 70, 70, 69, 69, 69, 67, 67, 67, 67, 67, 66, 66, 65, 65, 64, 64, 63, 63, 63, 62, 62, 62, 61, 61, 61, 60, 57, 57, 56]","dict_values([39, 44, 36, 43, 38, 46, 36, 34, 46, 46, 50, 48, 39, 43, 46, 40, 44, 41, 45, 44, 37, 43, 35, 40, 43, 47, 51, 42, 43, 45, 43, 46, 44, 49, 34, 33, 44, 46, 39, 37, 37, 39, 41, 42, 38, 48, 49, 40, 30, 43, 31, 43, 40, 43, 37, 45, 38, 39, 49, 43, 34, 30, 39, 44, 38, 45, 43, 36, 35, 36, 41, 48, 41, 50, 44])",0.05372462032627205
48,71.52,0.4866536882449362,"{0: 0.007595482573387798, 1: 0.005787723495351376, 2: 0.008521919768898328, 3: 0.006587844637516231, 4: 0.0054183419356467095, 5: 0.007734398894161162, 6: 0.009641980507830347, 7: 0.0047223100103453595, 8: 0.006617476123464176, 9: 0.00594426148008747, 10: 0.007504637128849076, 11: 0.005932409029606189, 12: 0.009216614003371643, 13: 0.00690790544613172, 14: 0.01027271372726177, 15: 0.007898753607089718, 16: 0.005604739194793933, 17: 0.0044946487650963755, 18: 0.004657434571237768, 19: 0.007326984589909385, 20: 0.006033278526984016, 21: 0.009475435182477917, 22: 0.005202753721258659, 23: 0.006088527220819472, 24: 0.004705431331012024, 25: 0.005783026673569252, 26: 0.008088720132769333, 27: 0.007903668918854767, 28: 0.00806509659026093, 29: 0.007270666597363436, 30: 0.0070727103121188, 31: 0.007501065539855823, 32: 0.006993324406721859, 33: 0.007411981605945131, 34: 0.004361079822848651, 35: 0.006988511110270474, 36: 0.005947347381040764, 37: 0.006899251561351864, 38: 0.00497587228379144, 39: 0.006470558154024811, 40: 0.007733249011797892, 41: 0.010655270650162939, 42: 0.006925698715132231, 43: 0.008832633968262985, 44: 0.004022160311966366, 45: 0.006840008970801718, 46: 0.009600542877286618, 47: 0.00694081840056689, 48: 0.005570913394377665, 49: 0.00844404628857511, 50: 0.00854207895051873, 51: 0.006028275271331234, 52: 0.008298799854144947, 53: 0.008447136871340414, 54: 0.007511823552350067, 55: 0.008965965369515102, 56: 0.007048562065639414, 57: 0.006939727991393965, 58: 0.005918392411251308, 59: 0.00787217230386118, 60: 0.004848815632462546, 61: 0.008674101178695055, 62: 0.01032453928859123, 63: 0.003993231542476503, 64: 0.007415648936261277, 65: 0.008215555236587456, 66: 0.008061967567706687, 67: 0.005423526046160039, 68: 0.006336845184108487, 69: 0.009401954685997903, 70: 0.005852574850345305, 71: 0.005948377429658292, 72: 0.0073157442282973, 73: 0.009719075373284852, 74: 0.006617355145669925}","[87, 87, 83, 83, 83, 81, 81, 81, 81, 80, 80, 79, 79, 78, 78, 78, 77, 77, 76, 76, 76, 76, 76, 75, 75, 75, 75, 75, 74, 73, 73, 73, 73, 73, 72, 72, 72, 71, 71, 71, 71, 70, 70, 69, 69, 69, 69, 69, 68, 68, 68, 67, 67, 67, 67, 67, 67, 66, 66, 66, 66, 65, 65, 65, 64, 64, 62, 62, 62, 62, 61, 60, 58, 57, 55]","dict_values([39, 44, 36, 43, 38, 46, 36, 34, 46, 46, 50, 48, 39, 43, 46, 40, 44, 41, 45, 44, 37, 43, 35, 40, 43, 47, 51, 42, 43, 45, 43, 46, 44, 49, 34, 33, 44, 46, 39, 37, 37, 39, 41, 42, 38, 48, 49, 40, 30, 43, 31, 43, 40, 43, 37, 45, 38, 39, 49, 43, 34, 30, 39, 44, 38, 45, 43, 36, 35, 36, 41, 48, 41, 50, 44])",0.057735971185815776
47,71.65333333333334,0.48748510810769774,"{0: 0.007342397185360501, 1: 0.0059156682396297525, 2: 0.008453904746546016, 3: 0.006780638645362136, 4: 0.005252861802970109, 5: 0.007655565607213354, 6: 0.009415771323343373, 7: 0.00460180861828807, 8: 0.0068625784088374095, 9: 0.006297182443315609, 10: 0.007511770706532719, 11: 0.00617010928452185, 12: 0.008932075037033024, 13: 0.007157820539742619, 14: 0.01034356303118178, 15: 0.007832607941870684, 16: 0.0056486927333800644, 17: 0.004439602977990281, 18: 0.004355988033436148, 19: 0.007569206102202104, 20: 0.006028751984191792, 21: 0.009425935035023066, 22: 0.005298370499005078, 23: 0.006047121531427756, 24: 0.00457939302253375, 25: 0.005926196277990221, 26: 0.008183800880713006, 27: 0.008103476112742451, 28: 0.008208849559780159, 29: 0.007372537332129692, 30: 0.0068626943085056, 31: 0.007331149744726662, 32: 0.007204731116306597, 33: 0.007575828672069589, 34: 0.004486665401312726, 35: 0.0075961978256117784, 36: 0.00615313710573502, 37: 0.006994563894582702, 38: 0.005093621681320851, 39: 0.006432647450133614, 40: 0.007442250971330826, 41: 0.010597322579703269, 42: 0.00687051840613557, 43: 0.008828577478237336, 44: 0.0040796704065027755, 45: 0.006640186515075265, 46: 0.009692769085578245, 47: 0.006999205938041606, 48: 0.00585378932921538, 49: 0.008650270600979396, 50: 0.008669802857946045, 51: 0.00596834071068944, 52: 0.008210406427950396, 53: 0.007775526382494343, 54: 0.006958456730621889, 55: 0.008997963351998907, 56: 0.006990837482593306, 57: 0.006944454708071283, 58: 0.0056072579038485134, 59: 0.007775755519356286, 60: 0.004823109796321958, 61: 0.008429057484568455, 62: 0.010227691307516627, 63: 0.0039909728528332465, 64: 0.007366009871998228, 65: 0.008027560463612624, 66: 0.007790122903094352, 67: 0.005379753262907856, 68: 0.0060069414587090595, 69: 0.009453636312855798, 70: 0.006174636157402392, 71: 0.006007931677351118, 72: 0.007458557846299243, 73: 0.009611460994305425, 74: 0.006242604381845442}","[87, 86, 83, 83, 83, 82, 81, 81, 81, 80, 80, 80, 79, 79, 77, 77, 77, 77, 77, 76, 76, 75, 75, 75, 75, 74, 74, 74, 74, 73, 73, 73, 73, 73, 73, 72, 72, 72, 72, 72, 71, 71, 70, 70, 70, 69, 69, 69, 69, 69, 68, 68, 68, 68, 68, 67, 67, 67, 67, 66, 66, 65, 65, 65, 64, 64, 63, 62, 61, 61, 61, 59, 58, 57, 56]","dict_values([39, 44, 36, 43, 38, 46, 36, 34, 46, 46, 50, 48, 39, 43, 46, 40, 44, 41, 45, 44, 37, 43, 35, 40, 43, 47, 51, 42, 43, 45, 43, 46, 44, 49, 34, 33, 44, 46, 39, 37, 37, 39, 41, 42, 38, 48, 49, 40, 30, 43, 31, 43, 40, 43, 37, 45, 38, 39, 49, 43, 34, 30, 39, 44, 38, 45, 43, 36, 35, 36, 41, 48, 41, 50, 44])",0.057196367463627634
48,71.70666666666666,0.4879537267818182,"{0: 0.007568763274941742, 1: 0.006077003681626612, 2: 0.00852228771956318, 3: 0.006361111842576098, 4: 0.005022148957727766, 5: 0.008235936190229987, 6: 0.009289143987622922, 7: 0.004567695590888745, 8: 0.006269738099710395, 9: 0.00624055875280943, 10: 0.0073973190849068666, 11: 0.006307975057818562, 12: 0.008980247873722537, 13: 0.00747405660135001, 14: 0.010236998599278107, 15: 0.008067216374080874, 16: 0.005632729766481576, 17: 0.004654241245586963, 18: 0.004040374487380273, 19: 0.007521639127335149, 20: 0.0057737232662576935, 21: 0.009611305275702206, 22: 0.0054450155307748755, 23: 0.006021429107928791, 24: 0.0044510344225479346, 25: 0.005776579423500953, 26: 0.007906933507283567, 27: 0.008149199783967906, 28: 0.007944860038013356, 29: 0.007161495402655553, 30: 0.007210939907704519, 31: 0.007375797533429131, 32: 0.006942454332687048, 33: 0.007540310224289416, 34: 0.004487241969468772, 35: 0.007442091965101649, 36: 0.006392316318952942, 37: 0.006976250086430652, 38: 0.004910248092759428, 39: 0.006347687921094249, 40: 0.007544612210308195, 41: 0.010572003458159144, 42: 0.007302831294979877, 43: 0.009152466939361111, 44: 0.00400810902102582, 45: 0.006853266201518858, 46: 0.009898111957862226, 47: 0.006252017721999762, 48: 0.006096969334946543, 49: 0.00906803651659989, 50: 0.008419652189073487, 51: 0.006121378818811936, 52: 0.008596770239600907, 53: 0.007238134210813477, 54: 0.0070477660339195855, 55: 0.009040961145482198, 56: 0.006816747089758616, 57: 0.006838800385651293, 58: 0.00586153310242059, 59: 0.007718177264805675, 60: 0.004983192811354281, 61: 0.00790592638049953, 62: 0.010155997783571007, 63: 0.0044605524680832774, 64: 0.007592002350686003, 65: 0.008161811181433469, 66: 0.007857746065434257, 67: 0.005432378942551498, 68: 0.005804492447643501, 69: 0.009100323894803194, 70: 0.006389646063490039, 71: 0.006287205919028886, 72: 0.0072876205214279614, 73: 0.00923146978409176, 74: 0.006185847578259753}","[87, 86, 84, 83, 82, 82, 82, 80, 80, 80, 80, 79, 79, 79, 78, 78, 78, 77, 77, 76, 76, 76, 76, 76, 75, 75, 74, 74, 74, 74, 73, 73, 73, 73, 73, 73, 72, 72, 72, 72, 71, 71, 70, 70, 70, 69, 69, 69, 69, 69, 68, 68, 68, 68, 68, 67, 67, 66, 66, 66, 65, 65, 65, 65, 64, 63, 63, 62, 62, 61, 61, 60, 59, 56, 55]","dict_values([39, 44, 36, 43, 38, 46, 36, 34, 46, 46, 50, 48, 39, 43, 46, 40, 44, 41, 45, 44, 37, 43, 35, 40, 43, 47, 51, 42, 43, 45, 43, 46, 44, 49, 34, 33, 44, 46, 39, 37, 37, 39, 41, 42, 38, 48, 49, 40, 30, 43, 31, 43, 40, 43, 37, 45, 38, 39, 49, 43, 34, 30, 39, 44, 38, 45, 43, 36, 35, 36, 41, 48, 41, 50, 44])",0.05259281889039832
50,71.89333333333333,0.4890851183535318,"{0: 0.007535053025366613, 1: 0.006295429727490998, 2: 0.008241239996472131, 3: 0.0064661821265777075, 4: 0.005187202037444085, 5: 0.008291042362666241, 6: 0.008848995356287628, 7: 0.004394781700184117, 8: 0.006209853431041133, 9: 0.006180718656138272, 10: 0.0073967906632523865, 11: 0.00631580317805734, 12: 0.009188548398569191, 13: 0.0078531178521552, 14: 0.010097184033851922, 15: 0.007615957586801678, 16: 0.005438146289619396, 17: 0.005038295372107364, 18: 0.003972259178724713, 19: 0.007870240940408007, 20: 0.005912593866047678, 21: 0.009970018015095974, 22: 0.0053543708274292594, 23: 0.006161422327534661, 24: 0.004474900321196169, 25: 0.006038775834167963, 26: 0.008303454851923617, 27: 0.0077303490213951245, 28: 0.007797200614694057, 29: 0.007052584723745403, 30: 0.007077138345988023, 31: 0.007873719627700853, 32: 0.00689787805866749, 33: 0.007271187625369633, 34: 0.00471651519274422, 35: 0.007338332882076447, 36: 0.00621580665400071, 37: 0.006951121240391114, 38: 0.004706254448321818, 39: 0.006436581857216172, 40: 0.007556764916032366, 41: 0.010493756146204833, 42: 0.0073162074496766726, 43: 0.00859050597982241, 44: 0.0038464666959394204, 45: 0.00720900104909965, 46: 0.01023618147665587, 47: 0.006208758319654794, 48: 0.0057041423831760045, 49: 0.00876731771209333, 50: 0.008114717437671318, 51: 0.0061605903898592825, 52: 0.008419225494801298, 53: 0.007062790048200745, 54: 0.00675356961651965, 55: 0.00897545281616355, 56: 0.006969253778939765, 57: 0.006831742575821914, 58: 0.006030808019553416, 59: 0.007902240431595122, 60: 0.004914596801297911, 61: 0.007804958281304609, 62: 0.010060070797784254, 63: 0.0041601178360780415, 64: 0.007995140534294613, 65: 0.007729268850694784, 66: 0.007804243573926259, 67: 0.005800934244101887, 68: 0.006054232423663672, 69: 0.008768375100890582, 70: 0.006530896002212391, 71: 0.005972108236130427, 72: 0.0074717900834491285, 73: 0.009296397659128191, 74: 0.006093171979975892}","[87, 86, 86, 83, 82, 82, 82, 81, 80, 80, 79, 79, 78, 78, 78, 77, 77, 77, 77, 76, 76, 76, 76, 76, 76, 75, 75, 75, 75, 75, 74, 74, 73, 73, 73, 73, 73, 72, 72, 72, 72, 71, 71, 70, 70, 70, 70, 69, 69, 69, 68, 68, 68, 68, 67, 67, 67, 67, 67, 66, 66, 66, 65, 65, 65, 64, 64, 63, 61, 61, 60, 60, 59, 56, 54]","dict_values([39, 44, 36, 43, 38, 46, 36, 34, 46, 46, 50, 48, 39, 43, 46, 40, 44, 41, 45, 44, 37, 43, 35, 40, 43, 47, 51, 42, 43, 45, 43, 46, 44, 49, 34, 33, 44, 46, 39, 37, 37, 39, 41, 42, 38, 48, 49, 40, 30, 43, 31, 43, 40, 43, 37, 45, 38, 39, 49, 43, 34, 30, 39, 44, 38, 45, 43, 36, 35, 36, 41, 48, 41, 50, 44])",0.058662300011446844
50,71.97333333333333,0.4904098737406315,"{0: 0.007522344597195576, 1: 0.006442764719265703, 2: 0.007759148620060563, 3: 0.00627758582822457, 4: 0.005363206066663232, 5: 0.008083643745533735, 6: 0.009336853567842671, 7: 0.004376115696792589, 8: 0.006215433879728677, 9: 0.005876673445220425, 10: 0.007030577904944689, 11: 0.006317623279373155, 12: 0.0088328016551124, 13: 0.008013793914845791, 14: 0.010244670948500198, 15: 0.007694796943862091, 16: 0.005458665632865517, 17: 0.004903205653903994, 18: 0.0038645625218294505, 19: 0.008085732731633278, 20: 0.005719163022117699, 21: 0.010110668072869327, 22: 0.005424937214443425, 23: 0.005969088885291494, 24: 0.004516374938628384, 25: 0.005946722085372136, 26: 0.008509181049479697, 27: 0.007544695235644443, 28: 0.0077699378644326975, 29: 0.007017200771383465, 30: 0.007153559041958722, 31: 0.008513064335541658, 32: 0.0067130474210483375, 33: 0.007395501185972781, 34: 0.004646588872870913, 35: 0.0073590184108103356, 36: 0.006175815923521221, 37: 0.007060632154973144, 38: 0.004723998516469473, 39: 0.006561974282441176, 40: 0.007504235615821363, 41: 0.01008778509352246, 42: 0.007342736320276369, 43: 0.008499919979257375, 44: 0.0035145404243528584, 45: 0.0071635734867046335, 46: 0.010432368377518283, 47: 0.006286617029870871, 48: 0.0057080769169903, 49: 0.008576952491975983, 50: 0.008045045584701156, 51: 0.006120939921949882, 52: 0.008727754520983743, 53: 0.006877187302616933, 54: 0.006813862272369139, 55: 0.008735438927265974, 56: 0.007111172106155926, 57: 0.007301613868098916, 58: 0.0058689190337622, 59: 0.00801809291136928, 60: 0.004727404721718551, 61: 0.008030683760674737, 62: 0.009746485788267912, 63: 0.003938457160858761, 64: 0.008240702645399866, 65: 0.007866126271234251, 66: 0.007614806063646615, 67: 0.006144702918371909, 68: 0.005885696342144502, 69: 0.009020815782699443, 70: 0.006325536259196728, 71: 0.0059972016836779, 72: 0.007565581345789765, 73: 0.009481713528944467, 74: 0.005913376424060291}","[87, 86, 85, 84, 83, 83, 82, 81, 80, 80, 80, 80, 78, 78, 78, 78, 77, 77, 77, 77, 77, 77, 77, 77, 76, 76, 76, 75, 75, 75, 74, 74, 74, 73, 73, 72, 72, 72, 72, 72, 72, 71, 71, 71, 70, 70, 70, 69, 69, 69, 68, 68, 68, 67, 67, 67, 67, 67, 67, 67, 66, 65, 65, 65, 65, 64, 63, 62, 62, 61, 60, 60, 57, 56, 52]","dict_values([39, 44, 36, 43, 38, 46, 36, 34, 46, 46, 50, 48, 39, 43, 46, 40, 44, 41, 45, 44, 37, 43, 35, 40, 43, 47, 51, 42, 43, 45, 43, 46, 44, 49, 34, 33, 44, 46, 39, 37, 37, 39, 41, 42, 38, 48, 49, 40, 30, 43, 31, 43, 40, 43, 37, 45, 38, 39, 49, 43, 34, 30, 39, 44, 38, 45, 43, 36, 35, 36, 41, 48, 41, 50, 44])",0.05070559115042815
49,71.78666666666666,0.488737717019332,"{0: 0.007276171845342999, 1: 0.0071725780911937554, 2: 0.008322126820113476, 3: 0.006790913819747971, 4: 0.005780136099549713, 5: 0.008183294346622334, 6: 0.009316458110707396, 7: 0.0044858978757135, 8: 0.006083805598196344, 9: 0.005979897938996583, 10: 0.0069417840907133885, 11: 0.006800194466009443, 12: 0.008360819288076776, 13: 0.008091528422216986, 14: 0.010766286094713369, 15: 0.007993365372918629, 16: 0.0053574548462857734, 17: 0.0051584293938290535, 18: 0.00397981989317357, 19: 0.008054174998475282, 20: 0.005977962248212657, 21: 0.009796245180484732, 22: 0.005538061651639313, 23: 0.006059873939863951, 24: 0.004486030592059704, 25: 0.005840229472449527, 26: 0.008303657669572966, 27: 0.007342019288627624, 28: 0.0077261474014213285, 29: 0.007022169370751935, 30: 0.007007716107682245, 31: 0.008306206014591313, 32: 0.007077546263967091, 33: 0.006782408608175899, 34: 0.004814935683539906, 35: 0.007592838414916906, 36: 0.006072356488732126, 37: 0.007096980759247656, 38: 0.004654710278462241, 39: 0.006601780238321868, 40: 0.00705250651704717, 41: 0.01022606960677248, 42: 0.0075414247927396, 43: 0.008518962509042088, 44: 0.0036468898698277454, 45: 0.007253968375293127, 46: 0.010155774262469138, 47: 0.006492422506943792, 48: 0.006029157243010905, 49: 0.008522413987681613, 50: 0.007325830165064415, 51: 0.006164941682034137, 52: 0.008983580455308886, 53: 0.007101630699859947, 54: 0.006292460850972633, 55: 0.00820795485925785, 56: 0.00704577318783371, 57: 0.007344777676303515, 58: 0.005463551943536108, 59: 0.008081230395701793, 60: 0.004711775169796112, 61: 0.008016802520097361, 62: 0.00915934589620227, 63: 0.0036742493375507643, 64: 0.008894888265507836, 65: 0.007878912035959564, 66: 0.007569782551952552, 67: 0.0060380928563583585, 68: 0.0061126623527927425, 69: 0.009098146607925817, 70: 0.006427780429963833, 71: 0.005751836242743031, 72: 0.007453604830410535, 73: 0.009776574459225711, 74: 0.006052521656723246}","[86, 86, 85, 84, 82, 82, 82, 82, 80, 80, 79, 79, 79, 78, 77, 77, 77, 77, 77, 77, 77, 77, 77, 76, 76, 76, 75, 75, 74, 74, 73, 73, 73, 73, 72, 72, 72, 72, 71, 71, 71, 71, 71, 71, 70, 70, 70, 69, 69, 68, 68, 68, 68, 68, 67, 67, 67, 67, 67, 66, 66, 66, 66, 65, 65, 65, 63, 62, 61, 61, 61, 60, 57, 55, 53]","dict_values([39, 44, 36, 43, 38, 46, 36, 34, 46, 46, 50, 48, 39, 43, 46, 40, 44, 41, 45, 44, 37, 43, 35, 40, 43, 47, 51, 42, 43, 45, 43, 46, 44, 49, 34, 33, 44, 46, 39, 37, 37, 39, 41, 42, 38, 48, 49, 40, 30, 43, 31, 43, 40, 43, 37, 45, 38, 39, 49, 43, 34, 30, 39, 44, 38, 45, 43, 36, 35, 36, 41, 48, 41, 50, 44])",0.04523860251827547
50,71.89333333333333,0.4893943662033747,"{0: 0.007447168258817704, 1: 0.007081478516486855, 2: 0.008518666130655758, 3: 0.006838403405680937, 4: 0.005607056091794732, 5: 0.008015334713654385, 6: 0.009418874671756455, 7: 0.004425655727541062, 8: 0.00614696916344201, 9: 0.005960787253555215, 10: 0.006770032567641563, 11: 0.006892879731602687, 12: 0.00839847946600563, 13: 0.008625525202299342, 14: 0.011265049192707361, 15: 0.00792322768810384, 16: 0.005302154302448728, 17: 0.005665257771281714, 18: 0.0038669108635764875, 19: 0.008308638003649258, 20: 0.006067807311691429, 21: 0.010032603846859707, 22: 0.00569677092400549, 23: 0.005971613146176338, 24: 0.004499829670464578, 25: 0.00594972572660577, 26: 0.008001384340580566, 27: 0.007454925351178915, 28: 0.007659603949230615, 29: 0.006795081570660245, 30: 0.007037499750447397, 31: 0.008449834209472111, 32: 0.007283719720248088, 33: 0.006871632026132539, 34: 0.004899832142284834, 35: 0.007175778185841497, 36: 0.005978492248930018, 37: 0.007497155145722623, 38: 0.004602178677175562, 39: 0.0065514713577943555, 40: 0.006998264393319092, 41: 0.010242746762332021, 42: 0.007429209004203825, 43: 0.008326045080351457, 44: 0.00392192995328938, 45: 0.006837048229196729, 46: 0.010702989202068157, 47: 0.006465320906790731, 48: 0.005881000131193452, 49: 0.008196985863768089, 50: 0.007136943420911179, 51: 0.006126734277161218, 52: 0.008340918763030206, 53: 0.006958254601421635, 54: 0.006321893904312816, 55: 0.008022217546766087, 56: 0.006937837628206529, 57: 0.0071117537475764514, 58: 0.005474042627483802, 59: 0.007838823456429656, 60: 0.004969866833232805, 61: 0.008815825263601735, 62: 0.00912394101270281, 63: 0.003598534253088239, 64: 0.008488851649265983, 65: 0.008042209372368226, 66: 0.007542623004894309, 67: 0.006069352697189908, 68: 0.00607710942269452, 69: 0.009096426477081235, 70: 0.006202593009796103, 71: 0.005953777651386016, 72: 0.00693332983479376, 73: 0.008928124685014043, 74: 0.0062538307002099345}","[88, 86, 86, 84, 83, 82, 81, 81, 80, 80, 79, 79, 79, 78, 78, 78, 78, 77, 77, 77, 77, 77, 76, 76, 76, 76, 76, 74, 74, 74, 73, 73, 73, 73, 72, 72, 72, 72, 71, 71, 71, 70, 70, 70, 69, 69, 69, 69, 68, 68, 68, 68, 68, 68, 68, 68, 67, 67, 67, 67, 67, 67, 66, 66, 66, 65, 65, 63, 62, 61, 61, 60, 57, 54, 54]","dict_values([39, 44, 36, 43, 38, 46, 36, 34, 46, 46, 50, 48, 39, 43, 46, 40, 44, 41, 45, 44, 37, 43, 35, 40, 43, 47, 51, 42, 43, 45, 43, 46, 44, 49, 34, 33, 44, 46, 39, 37, 37, 39, 41, 42, 38, 48, 49, 40, 30, 43, 31, 43, 40, 43, 37, 45, 38, 39, 49, 43, 34, 30, 39, 44, 38, 45, 43, 36, 35, 36, 41, 48, 41, 50, 44])",0.05329056564731574
49,72.0,0.489392979193799,"{0: 0.007677516627507138, 1: 0.007052368129264965, 2: 0.008293798920134944, 3: 0.006619609811525241, 4: 0.005770188056944704, 5: 0.007885614670578777, 6: 0.009008508495047512, 7: 0.004559225074209018, 8: 0.006262812174285855, 9: 0.006189348954014429, 10: 0.006770987004651239, 11: 0.00670503084635326, 12: 0.008275169338442995, 13: 0.008598999652204325, 14: 0.011206240565299785, 15: 0.00773779996202761, 16: 0.005551164370359688, 17: 0.005744300955228175, 18: 0.004004000137464521, 19: 0.008319434275546047, 20: 0.00571399080359039, 21: 0.010142688971290528, 22: 0.006046157987712856, 23: 0.005903718658212499, 24: 0.0044104093621789645, 25: 0.006177418883729499, 26: 0.0077528198046250794, 27: 0.007692184131879539, 28: 0.0075555386276482915, 29: 0.006663021088942723, 30: 0.007022911992046901, 31: 0.008376720742441892, 32: 0.007324443736631254, 33: 0.006676278744606791, 34: 0.005031072791608, 35: 0.007100044958833279, 36: 0.006238460963458138, 37: 0.007773457729664395, 38: 0.004820645641742976, 39: 0.006735169104633373, 40: 0.006891313976003612, 41: 0.009725807669743295, 42: 0.007554197670209472, 43: 0.008278362797861169, 44: 0.003983703625091951, 45: 0.007047445992980011, 46: 0.011113064478548904, 47: 0.006495548834696506, 48: 0.006032958580125888, 49: 0.007945662802527119, 50: 0.007188466484040002, 51: 0.006046043614491977, 52: 0.008355501457145812, 53: 0.006640451631580136, 54: 0.006472195990243489, 55: 0.007970475735802961, 56: 0.006614309470787101, 57: 0.006970594229098258, 58: 0.0055703346000802855, 59: 0.007722177269568692, 60: 0.004927189259800617, 61: 0.008854236877834088, 62: 0.008929624291252276, 63: 0.0036395500695579537, 64: 0.008151872038390677, 65: 0.007959597502441304, 66: 0.007388024824737505, 67: 0.006197778373604584, 68: 0.006007824602620412, 69: 0.00875334189360419, 70: 0.006206982040536421, 71: 0.006419141344164519, 72: 0.0071781827647022, 73: 0.009073453644959192, 74: 0.005887687712045212}","[88, 86, 86, 84, 82, 82, 81, 79, 79, 79, 79, 79, 79, 78, 78, 78, 78, 77, 77, 77, 77, 76, 76, 76, 76, 75, 75, 75, 74, 74, 74, 73, 73, 73, 73, 72, 72, 71, 71, 71, 70, 70, 70, 70, 70, 70, 69, 69, 69, 69, 69, 69, 69, 68, 68, 68, 68, 68, 67, 67, 67, 67, 67, 66, 66, 66, 65, 63, 63, 62, 62, 60, 58, 54, 54]","dict_values([39, 44, 36, 43, 38, 46, 36, 34, 46, 46, 50, 48, 39, 43, 46, 40, 44, 41, 45, 44, 37, 43, 35, 40, 43, 47, 51, 42, 43, 45, 43, 46, 44, 49, 34, 33, 44, 46, 39, 37, 37, 39, 41, 42, 38, 48, 49, 40, 30, 43, 31, 43, 40, 43, 37, 45, 38, 39, 49, 43, 34, 30, 39, 44, 38, 45, 43, 36, 35, 36, 41, 48, 41, 50, 44])",0.05044389574759946
48,72.0,0.48956527164050667,"{0: 0.00770140703709547, 1: 0.007082234550600767, 2: 0.008055287024697601, 3: 0.006880726686919376, 4: 0.005801530947477804, 5: 0.007972914925606117, 6: 0.009094122115916953, 7: 0.004407455942338908, 8: 0.006349142673012141, 9: 0.006501186066777014, 10: 0.0070318668718072005, 11: 0.007237750065275376, 12: 0.008620638861293852, 13: 0.00856742559501755, 14: 0.011209569225393077, 15: 0.007924069144456623, 16: 0.0056634296817092, 17: 0.005335470324213071, 18: 0.0038557575016707076, 19: 0.008091485986143308, 20: 0.005366973047219333, 21: 0.009617155044044517, 22: 0.005958096197987109, 23: 0.006134496419127074, 24: 0.004604286268039895, 25: 0.0063273839018964445, 26: 0.008094715616153802, 27: 0.0074357589085852285, 28: 0.007278203230969407, 29: 0.006286826516904287, 30: 0.007347281515736113, 31: 0.008159706299921266, 32: 0.00800490762821497, 33: 0.006770022100809951, 34: 0.005354594340930062, 35: 0.006920645860784882, 36: 0.0062219662857643035, 37: 0.007445448258385087, 38: 0.004615721687236215, 39: 0.006404385356723275, 40: 0.00661333340518685, 41: 0.00980214157328865, 42: 0.00749266502276281, 43: 0.008202340244526827, 44: 0.00415205261511942, 45: 0.007139197166265211, 46: 0.011086660129888237, 47: 0.006695018146864044, 48: 0.0060124753888423695, 49: 0.0077749403736927375, 50: 0.00710636158942915, 51: 0.006391796652177192, 52: 0.008441631840615967, 53: 0.006746690151093316, 54: 0.00615382698101977, 55: 0.007502008005649254, 56: 0.006746339401463316, 57: 0.007167625642683819, 58: 0.0057370394153322055, 59: 0.007657547806421835, 60: 0.004873526702371732, 61: 0.008636580666599631, 62: 0.008932204600427705, 63: 0.00327584820636978, 64: 0.008310943240834418, 65: 0.008124650859333948, 66: 0.007791924168655859, 67: 0.005931877665683883, 68: 0.006664304357030817, 69: 0.008452406656905904, 70: 0.006001951230149255, 71: 0.006439487229300968, 72: 0.007162828976405188, 73: 0.008744534303434979, 74: 0.005885570768763011}","[88, 86, 84, 84, 82, 82, 80, 79, 79, 79, 78, 78, 78, 78, 78, 78, 78, 77, 77, 77, 77, 77, 76, 76, 76, 76, 75, 75, 74, 74, 73, 73, 73, 73, 73, 73, 72, 72, 72, 72, 71, 71, 71, 71, 70, 69, 69, 69, 69, 69, 69, 69, 69, 68, 68, 68, 68, 68, 68, 67, 67, 67, 66, 66, 66, 66, 65, 64, 63, 61, 61, 61, 57, 55, 52]","dict_values([39, 44, 36, 43, 38, 46, 36, 34, 46, 46, 50, 48, 39, 43, 46, 40, 44, 41, 45, 44, 37, 43, 35, 40, 43, 47, 51, 42, 43, 45, 43, 46, 44, 49, 34, 33, 44, 46, 39, 37, 37, 39, 41, 42, 38, 48, 49, 40, 30, 43, 31, 43, 40, 43, 37, 45, 38, 39, 49, 43, 34, 30, 39, 44, 38, 45, 43, 36, 35, 36, 41, 48, 41, 50, 44])",0.05106515775034293
48,71.97333333333333,0.48955346974649216,"{0: 0.007624171602627857, 1: 0.007317373985981866, 2: 0.007909131135357914, 3: 0.006704738867911041, 4: 0.0059470019849087894, 5: 0.007936005519635346, 6: 0.009432208847539512, 7: 0.004839196265833199, 8: 0.006136432201337664, 9: 0.006312599250813892, 10: 0.007123475854958088, 11: 0.007015246180793277, 12: 0.008424032115443385, 13: 0.00825406138396412, 14: 0.011406067215908366, 15: 0.008191425213045108, 16: 0.00587290587609029, 17: 0.0054749135132461085, 18: 0.0036356389629327067, 19: 0.007860411491642322, 20: 0.005379763073038027, 21: 0.009712204746279844, 22: 0.005743959005991566, 23: 0.006124485333359097, 24: 0.004545037394113751, 25: 0.00628374100512537, 26: 0.00773913554085491, 27: 0.00786846915687159, 28: 0.007573605185496776, 29: 0.0061836335193455405, 30: 0.007016244307386071, 31: 0.008090261173427022, 32: 0.007989969533438503, 33: 0.006698075333367523, 34: 0.005203470137634726, 35: 0.007085188117258852, 36: 0.0062595789583787375, 37: 0.007187208643909785, 38: 0.004580564409287977, 39: 0.006149502530382013, 40: 0.006591697120221187, 41: 0.010075626911338472, 42: 0.007922166082091696, 43: 0.008117183049889773, 44: 0.004551188588967693, 45: 0.007563293221914249, 46: 0.010467676597828567, 47: 0.006677174004723135, 48: 0.005955485056657822, 49: 0.007610790381842802, 50: 0.007287888493345818, 51: 0.006232753493097844, 52: 0.008401672111058262, 53: 0.006961761739080713, 54: 0.006056725685644447, 55: 0.007222857534545786, 56: 0.006509939316144148, 57: 0.007033227097935643, 58: 0.005706662608695084, 59: 0.008238162374694002, 60: 0.004981171509839244, 61: 0.008407305478712828, 62: 0.008980939099049453, 63: 0.003256968052964071, 64: 0.008084859024726918, 65: 0.008359216999385256, 66: 0.008202256833971543, 67: 0.005734895297381432, 68: 0.006961778519735175, 69: 0.008620860463565248, 70: 0.00593254196823835, 71: 0.0064897924488879445, 72: 0.007198411064744242, 73: 0.008556467628622704, 74: 0.005984963086458088}","[89, 85, 85, 83, 83, 82, 80, 79, 79, 79, 79, 78, 78, 78, 78, 78, 77, 77, 77, 77, 77, 77, 77, 76, 76, 75, 75, 75, 75, 74, 74, 74, 73, 73, 72, 72, 72, 72, 71, 71, 71, 71, 71, 71, 71, 70, 69, 69, 68, 68, 68, 68, 68, 68, 68, 68, 68, 68, 67, 67, 67, 67, 67, 66, 66, 66, 64, 64, 63, 63, 61, 61, 57, 55, 52]","dict_values([39, 44, 36, 43, 38, 46, 36, 34, 46, 46, 50, 48, 39, 43, 46, 40, 44, 41, 45, 44, 37, 43, 35, 40, 43, 47, 51, 42, 43, 45, 43, 46, 44, 49, 34, 33, 44, 46, 39, 37, 37, 39, 41, 42, 38, 48, 49, 40, 30, 43, 31, 43, 40, 43, 37, 45, 38, 39, 49, 43, 34, 30, 39, 44, 38, 45, 43, 36, 35, 36, 41, 48, 41, 50, 44])",0.05523898975386574
48,72.0,0.4895640298934162,"{0: 0.007825100294834561, 1: 0.007881614811386902, 2: 0.007987440921968002, 3: 0.007132389221974438, 4: 0.005399593485000875, 5: 0.008169657067716548, 6: 0.00905873185099765, 7: 0.004516812018117995, 8: 0.006348715416676597, 9: 0.006329845555840384, 10: 0.007176303034914095, 11: 0.0068979778544019455, 12: 0.008421054530196193, 13: 0.007943359625889407, 14: 0.011373911777220634, 15: 0.008518550782620054, 16: 0.005723052383430683, 17: 0.0058776134542061105, 18: 0.003829529071780383, 19: 0.008168205710682257, 20: 0.005653639394865778, 21: 0.009612658560138931, 22: 0.005811301913988714, 23: 0.006155185963951028, 24: 0.004688758178664682, 25: 0.006403545777137786, 26: 0.007602837289512941, 27: 0.007668744818822633, 28: 0.007416661705442768, 29: 0.005980350220921472, 30: 0.006743894152838329, 31: 0.008728255157167212, 32: 0.008050265409630651, 33: 0.006262698044381091, 34: 0.0052480898812981075, 35: 0.007217244904569773, 36: 0.0059471664421331056, 37: 0.007324271436540034, 38: 0.004873702394463092, 39: 0.006584156296162914, 40: 0.006073433717770583, 41: 0.009971488600958468, 42: 0.0078809789256264, 43: 0.008509852459468262, 44: 0.0046289432878365185, 45: 0.007410540857716437, 46: 0.010462236608501157, 47: 0.006982968769720345, 48: 0.0059710719850051865, 49: 0.008064285224811422, 50: 0.007398960855926525, 51: 0.00624621631294413, 52: 0.008381796482359746, 53: 0.006431110654829369, 54: 0.00597973394571272, 55: 0.006946793030528737, 56: 0.006510858599586542, 57: 0.00719388240292197, 58: 0.00599768619296091, 59: 0.00843219526442301, 60: 0.004867607826020525, 61: 0.007946255123148513, 62: 0.009052333046510127, 63: 0.0034096367384223885, 64: 0.008038908247103061, 65: 0.008332728394120388, 66: 0.0078072179112138205, 67: 0.005287943720770225, 68: 0.006824173390941774, 69: 0.00857332821998922, 70: 0.005713433123968853, 71: 0.006160887177585134, 72: 0.00697353131097057, 73: 0.008786663710113019, 74: 0.0057798079644725674}","[89, 85, 85, 83, 83, 82, 80, 80, 80, 79, 79, 79, 79, 79, 79, 79, 78, 78, 77, 77, 76, 76, 76, 76, 76, 75, 75, 75, 75, 74, 74, 74, 74, 73, 72, 72, 72, 72, 71, 71, 71, 70, 70, 70, 70, 70, 69, 69, 69, 69, 69, 68, 68, 68, 67, 67, 67, 67, 67, 67, 66, 66, 66, 66, 66, 65, 65, 64, 63, 62, 62, 61, 58, 56, 53]","dict_values([39, 44, 36, 43, 38, 46, 36, 34, 46, 46, 50, 48, 39, 43, 46, 40, 44, 41, 45, 44, 37, 43, 35, 40, 43, 47, 51, 42, 43, 45, 43, 46, 44, 49, 34, 33, 44, 46, 39, 37, 37, 39, 41, 42, 38, 48, 49, 40, 30, 43, 31, 43, 40, 43, 37, 45, 38, 39, 49, 43, 34, 30, 39, 44, 38, 45, 43, 36, 35, 36, 41, 48, 41, 50, 44])",0.05591289437585736
48,72.05333333333333,0.4901610712901078,"{0: 0.007846046676076546, 1: 0.007674014135654226, 2: 0.008010298962143324, 3: 0.0071581275431976095, 4: 0.005175352035978097, 5: 0.008334615970221938, 6: 0.009101281395540495, 7: 0.004491677068176944, 8: 0.006199891417574532, 9: 0.006145665681285691, 10: 0.0069253724543354486, 11: 0.007382485494192406, 12: 0.008588255604514322, 13: 0.007947249831235233, 14: 0.011262786665289204, 15: 0.008306043275324783, 16: 0.00565827621488636, 17: 0.005648548045624335, 18: 0.003762936158052425, 19: 0.008337683021566667, 20: 0.005695919205366943, 21: 0.009750322154531274, 22: 0.005667472637060489, 23: 0.005909465255452172, 24: 0.00464787660683811, 25: 0.006639729335050557, 26: 0.007575826061105747, 27: 0.007877245619825226, 28: 0.007566776590987249, 29: 0.005971254943558201, 30: 0.007006844129890101, 31: 0.009037195652701089, 32: 0.00800260166939238, 33: 0.006569038243231601, 34: 0.005059761265032129, 35: 0.0073340329521602325, 36: 0.005880319112815291, 37: 0.0069016161106339345, 38: 0.004887613613946803, 39: 0.006589870160598273, 40: 0.0058435793684530534, 41: 0.009938059019563784, 42: 0.007994786936632916, 43: 0.00871500740327747, 44: 0.004398150694189266, 45: 0.007237716061511853, 46: 0.010034402897051061, 47: 0.00680699551962765, 48: 0.006305442317859366, 49: 0.007506348912696744, 50: 0.007588745860471622, 51: 0.006148142535910934, 52: 0.007821446668488035, 53: 0.006369154777084557, 54: 0.0059975025977580055, 55: 0.006765064781385739, 56: 0.006818035420313097, 57: 0.007380679434196114, 58: 0.0061765344478495856, 59: 0.008373997194607737, 60: 0.004924084980046333, 61: 0.007982696539973032, 62: 0.009359482482324646, 63: 0.003680694388847181, 64: 0.007925135957442406, 65: 0.008216618180371248, 66: 0.007834809699206299, 67: 0.005284845921342133, 68: 0.006851139649132033, 69: 0.008680800731924896, 70: 0.005561326349350393, 71: 0.006290852059576967, 72: 0.007056190235654033, 73: 0.009102224239644265, 74: 0.005714060415686962}","[89, 86, 85, 84, 82, 81, 81, 81, 80, 80, 80, 80, 79, 79, 78, 78, 78, 78, 77, 77, 76, 76, 76, 76, 76, 75, 75, 75, 75, 75, 74, 74, 74, 74, 73, 73, 73, 73, 71, 71, 71, 71, 70, 70, 70, 70, 70, 69, 69, 69, 68, 68, 68, 68, 67, 67, 67, 67, 66, 66, 66, 66, 66, 65, 65, 64, 64, 64, 63, 62, 62, 61, 57, 55, 55]","dict_values([39, 44, 36, 43, 38, 46, 36, 34, 46, 46, 50, 48, 39, 43, 46, 40, 44, 41, 45, 44, 37, 43, 35, 40, 43, 47, 51, 42, 43, 45, 43, 46, 44, 49, 34, 33, 44, 46, 39, 37, 37, 39, 41, 42, 38, 48, 49, 40, 30, 43, 31, 43, 40, 43, 37, 45, 38, 39, 49, 43, 34, 30, 39, 44, 38, 45, 43, 36, 35, 36, 41, 48, 41, 50, 44])",0.05560894389165907
48,72.13333333333334,0.4901038241115337,"{0: 0.007886837267449584, 1: 0.0074969020822255724, 2: 0.0076144963281769605, 3: 0.006901783508732744, 4: 0.005533508653318452, 5: 0.008355705501687781, 6: 0.009406071712111688, 7: 0.00434281663191377, 8: 0.006534582993597032, 9: 0.00668660535878664, 10: 0.006986246936668001, 11: 0.007574515735018906, 12: 0.008313658484416784, 13: 0.007747220459004117, 14: 0.011269890943179352, 15: 0.008120693062225987, 16: 0.00560044710660889, 17: 0.005513630730528861, 18: 0.003917357643821471, 19: 0.008220348772567549, 20: 0.006026410359326863, 21: 0.009346563712481316, 22: 0.005647358887359901, 23: 0.005786960256562604, 24: 0.0048214536414204565, 25: 0.006316131147000523, 26: 0.007970256391235504, 27: 0.008186230829706393, 28: 0.007397852746282316, 29: 0.005339389260503338, 30: 0.007320655074632025, 31: 0.009087128765075824, 32: 0.007083310509319865, 33: 0.006198332670626788, 34: 0.005037973761063177, 35: 0.007146626603513575, 36: 0.005842421124357322, 37: 0.006611476919524869, 38: 0.0050460326596318645, 39: 0.006144115158550222, 40: 0.0058435192600775265, 41: 0.009871955553780998, 42: 0.008359294288126205, 43: 0.008276866140771721, 44: 0.004384210446047896, 45: 0.007436954934256843, 46: 0.010290878162173995, 47: 0.007042078093142482, 48: 0.006147210773942081, 49: 0.0075165350139720965, 50: 0.007822367585008715, 51: 0.006028087425045809, 52: 0.007935974303018635, 53: 0.0064038321412386275, 54: 0.0059148476324363975, 55: 0.006976877634939619, 56: 0.006611143338703208, 57: 0.007469283112441957, 58: 0.006373723395717666, 59: 0.008022705988016824, 60: 0.005033004666721539, 61: 0.00796650213417232, 62: 0.009513949475270022, 63: 0.0036795156466848116, 64: 0.007700250480649531, 65: 0.008050716345752947, 66: 0.008018432556642398, 67: 0.00504436747706637, 68: 0.007316594256820336, 69: 0.008656232123952067, 70: 0.005472175545931898, 71: 0.0066212094982394006, 72: 0.007499350648440809, 73: 0.00931191303051656, 74: 0.005664234280146247}","[89, 85, 85, 84, 83, 83, 83, 82, 80, 80, 79, 78, 78, 78, 78, 77, 77, 76, 76, 76, 76, 76, 76, 76, 76, 76, 76, 75, 75, 75, 75, 75, 75, 74, 74, 74, 73, 73, 72, 72, 71, 71, 71, 70, 70, 70, 70, 69, 69, 69, 68, 68, 68, 68, 67, 67, 67, 67, 66, 66, 66, 66, 65, 65, 65, 65, 64, 64, 63, 63, 63, 60, 57, 56, 55]","dict_values([39, 44, 36, 43, 38, 46, 36, 34, 46, 46, 50, 48, 39, 43, 46, 40, 44, 41, 45, 44, 37, 43, 35, 40, 43, 47, 51, 42, 43, 45, 43, 46, 44, 49, 34, 33, 44, 46, 39, 37, 37, 39, 41, 42, 38, 48, 49, 40, 30, 43, 31, 43, 40, 43, 37, 45, 38, 39, 49, 43, 34, 30, 39, 44, 38, 45, 43, 36, 35, 36, 41, 48, 41, 50, 44])",0.05457245260197967
48,71.92,0.4885258880319708,"{0: 0.007683858205636573, 1: 0.007363638038499727, 2: 0.007730133358321639, 3: 0.006782576286783957, 4: 0.005558833657737946, 5: 0.008155508623524039, 6: 0.009741550962275525, 7: 0.004340659708316067, 8: 0.006152336998953213, 9: 0.0067704429708296985, 10: 0.006890580188107279, 11: 0.007445013296721599, 12: 0.008681328702075492, 13: 0.008098674811070659, 14: 0.011379022090250566, 15: 0.008183068447129606, 16: 0.005584940071595814, 17: 0.005601603010212893, 18: 0.004165870287432527, 19: 0.008613067857458292, 20: 0.005871462964845211, 21: 0.009181077880885999, 22: 0.005567978627683798, 23: 0.005638957626635116, 24: 0.005031223300391493, 25: 0.006299947213605965, 26: 0.007942031778503661, 27: 0.007990619355753641, 28: 0.007735525407524574, 29: 0.005556015318104323, 30: 0.007318374348141646, 31: 0.009193068810004505, 32: 0.006813930729824233, 33: 0.005993322767428372, 34: 0.004782969569540005, 35: 0.007020522415912528, 36: 0.00620269757841534, 37: 0.006635841070340892, 38: 0.0050232050879076146, 39: 0.006068612976039971, 40: 0.006048727583748009, 41: 0.009913980859549731, 42: 0.008376813737002218, 43: 0.008272126636433655, 44: 0.00437221069549809, 45: 0.007291117111068953, 46: 0.010341278490824867, 47: 0.007043839891736207, 48: 0.006036248692877804, 49: 0.0074192742761934535, 50: 0.00769480000422658, 51: 0.006103942954356223, 52: 0.008310445043808717, 53: 0.006467506169180788, 54: 0.005807271255922758, 55: 0.007348181887995769, 56: 0.0064716806422213564, 57: 0.007982097712342538, 58: 0.006557352545896978, 59: 0.008283153514187161, 60: 0.004901330675863251, 61: 0.007742864358784444, 62: 0.009356892878068719, 63: 0.0037004303023426143, 64: 0.0077553677132801, 65: 0.007907885925220556, 66: 0.0075849735802302224, 67: 0.005056665906266261, 68: 0.0073487999369657815, 69: 0.008710651134647952, 70: 0.005706362727195154, 71: 0.006575223855384215, 72: 0.007903208081422973, 73: 0.009270443769923531, 74: 0.005684483816774118}","[89, 85, 84, 84, 83, 83, 83, 82, 80, 80, 79, 78, 77, 77, 77, 77, 77, 77, 77, 76, 76, 76, 76, 76, 76, 76, 76, 75, 75, 75, 75, 74, 74, 74, 73, 73, 73, 73, 72, 72, 71, 70, 70, 70, 69, 69, 68, 68, 68, 68, 68, 68, 68, 68, 67, 67, 67, 67, 66, 66, 66, 66, 66, 65, 65, 64, 64, 64, 63, 62, 62, 60, 57, 57, 55]","dict_values([39, 44, 36, 43, 38, 46, 36, 34, 46, 46, 50, 48, 39, 43, 46, 40, 44, 41, 45, 44, 37, 43, 35, 40, 43, 47, 51, 42, 43, 45, 43, 46, 44, 49, 34, 33, 44, 46, 39, 37, 37, 39, 41, 42, 38, 48, 49, 40, 30, 43, 31, 43, 40, 43, 37, 45, 38, 39, 49, 43, 34, 30, 39, 44, 38, 45, 43, 36, 35, 36, 41, 48, 41, 50, 44])",0.05525206944532089
47,72.10666666666667,0.48979709943779787,"{0: 0.007589246766113344, 1: 0.007153878986413696, 2: 0.007789686532116577, 3: 0.006745953607857434, 4: 0.005736343156807014, 5: 0.00772047501397019, 6: 0.009741048689464193, 7: 0.004238670680965218, 8: 0.006205807875084997, 9: 0.006601575311052505, 10: 0.006969603467199739, 11: 0.0074864022278378715, 12: 0.008281046019628802, 13: 0.008263897354493895, 14: 0.011364684153715322, 15: 0.008128965352930489, 16: 0.006165830458358995, 17: 0.005515182512965123, 18: 0.004216626625085201, 19: 0.009106565085152668, 20: 0.005703422461342389, 21: 0.008936034045777851, 22: 0.005524220180145085, 23: 0.0056064055173594305, 24: 0.004781223596890575, 25: 0.006357409464597571, 26: 0.00811391275881387, 27: 0.008443790068502542, 28: 0.0073989528438185796, 29: 0.005631715358905416, 30: 0.007566074437181987, 31: 0.009265407924595681, 32: 0.006897628120249383, 33: 0.0063393825721733375, 34: 0.004960276754024107, 35: 0.006741353791810597, 36: 0.006037236155690861, 37: 0.0063959740857783085, 38: 0.005027086380103595, 39: 0.006129825164111563, 40: 0.006151096738643019, 41: 0.009808540023851954, 42: 0.007932874105184465, 43: 0.008317157786736671, 44: 0.004849881887308878, 45: 0.006845086462844364, 46: 0.010616402478800786, 47: 0.006848468955667747, 48: 0.005707233430052248, 49: 0.0074884301536473335, 50: 0.007319195091858496, 51: 0.006039853317434052, 52: 0.008153308364664633, 53: 0.006797024361951618, 54: 0.005862252300628215, 55: 0.00725477983812583, 56: 0.006465579170957365, 57: 0.007872873400305342, 58: 0.006294319868064792, 59: 0.008007443034849081, 60: 0.004832228581617113, 61: 0.007479862898268759, 62: 0.009497051911407478, 63: 0.003669251752005759, 64: 0.007991186773923702, 65: 0.007873637263486645, 66: 0.007896917212296534, 67: 0.0050022575895984295, 68: 0.007247857114268432, 69: 0.008931223394724935, 70: 0.005825561357850025, 71: 0.0066116699876691476, 72: 0.007593349014933959, 73: 0.00918294634076046, 74: 0.005696286880079961}","[90, 85, 85, 85, 84, 82, 82, 81, 81, 80, 79, 79, 78, 77, 77, 77, 77, 77, 77, 77, 77, 76, 76, 76, 76, 75, 75, 75, 75, 75, 74, 74, 74, 74, 74, 73, 73, 73, 72, 72, 71, 71, 70, 70, 70, 70, 69, 68, 68, 68, 68, 68, 68, 68, 67, 67, 67, 67, 67, 67, 67, 66, 66, 65, 65, 64, 64, 63, 63, 63, 62, 60, 60, 58, 54]","dict_values([39, 44, 36, 43, 38, 46, 36, 34, 46, 46, 50, 48, 39, 43, 46, 40, 44, 41, 45, 44, 37, 43, 35, 40, 43, 47, 51, 42, 43, 45, 43, 46, 44, 49, 34, 33, 44, 46, 39, 37, 37, 39, 41, 42, 38, 48, 49, 40, 30, 43, 31, 43, 40, 43, 37, 45, 38, 39, 49, 43, 34, 30, 39, 44, 38, 45, 43, 36, 35, 36, 41, 48, 41, 50, 44])",0.0582385617625433
47,72.18666666666667,0.4901065699402705,"{0: 0.007205542577120509, 1: 0.00752086628013347, 2: 0.00817281591286858, 3: 0.006791387251320459, 4: 0.00568972964993131, 5: 0.007502354967281162, 6: 0.009653453964742952, 7: 0.004419384916904206, 8: 0.006086098602410301, 9: 0.00658927297490867, 10: 0.006994173046464729, 11: 0.007504508165970262, 12: 0.00787732033031377, 13: 0.008147943819181927, 14: 0.010863681124932925, 15: 0.008277574765081876, 16: 0.006354325688423137, 17: 0.005580953839908013, 18: 0.003984612798337707, 19: 0.00893992114319571, 20: 0.006011748928232482, 21: 0.009192138421759968, 22: 0.005934058200575301, 23: 0.005779273673118588, 24: 0.004748959310974828, 25: 0.006281511073439812, 26: 0.008036828504670732, 27: 0.007617468548714377, 28: 0.0075825506201890975, 29: 0.005459799510097639, 30: 0.007534705116508621, 31: 0.009762520115541512, 32: 0.006604528165945331, 33: 0.006319536310421644, 34: 0.004676913560407237, 35: 0.007288221401903814, 36: 0.005719650568318415, 37: 0.006424066027275984, 38: 0.005405840735353708, 39: 0.0061532802992239274, 40: 0.006287436916232135, 41: 0.00969023302033298, 42: 0.007979479099988416, 43: 0.008267990089574021, 44: 0.00495257269599352, 45: 0.006577753513180322, 46: 0.010605314377529403, 47: 0.007248061717598453, 48: 0.005652489411364684, 49: 0.007503949896600399, 50: 0.006902536700761264, 51: 0.005825286599138478, 52: 0.008307738415518018, 53: 0.0066131094490381815, 54: 0.0058253465556286944, 55: 0.007365171064702411, 56: 0.006215543162430395, 57: 0.008297070945619399, 58: 0.00608301818112445, 59: 0.008247579519495235, 60: 0.004785408331949635, 61: 0.007336099836567075, 62: 0.009057376776152757, 63: 0.00381544160913728, 64: 0.007774369544409101, 65: 0.008001455329844271, 66: 0.007613158578513509, 67: 0.005162890288278524, 68: 0.007496225645594544, 69: 0.008947383469729744, 70: 0.006128991441379894, 71: 0.006277614079847937, 72: 0.007765831119495971, 73: 0.008979405913102957, 74: 0.0060077063251771385}","[89, 85, 85, 84, 84, 83, 81, 81, 81, 81, 79, 79, 78, 78, 78, 78, 78, 78, 77, 77, 77, 77, 76, 76, 76, 75, 75, 75, 74, 74, 74, 74, 74, 73, 73, 73, 73, 72, 72, 72, 71, 71, 71, 70, 70, 70, 70, 69, 69, 68, 68, 68, 67, 67, 67, 67, 67, 67, 67, 67, 66, 66, 66, 66, 65, 65, 65, 64, 63, 62, 62, 61, 61, 57, 55]","dict_values([39, 44, 36, 43, 38, 46, 36, 34, 46, 46, 50, 48, 39, 43, 46, 40, 44, 41, 45, 44, 37, 43, 35, 40, 43, 47, 51, 42, 43, 45, 43, 46, 44, 49, 34, 33, 44, 46, 39, 37, 37, 39, 41, 42, 38, 48, 49, 40, 30, 43, 31, 43, 40, 43, 37, 45, 38, 39, 49, 43, 34, 30, 39, 44, 38, 45, 43, 36, 35, 36, 41, 48, 41, 50, 44])",0.05743663659008259
48,72.02666666666667,0.489735993714437,"{0: 0.007386213895530365, 1: 0.00727123340663969, 2: 0.008272873451151977, 3: 0.006860093986280672, 4: 0.0057007595129915725, 5: 0.007320806522781963, 6: 0.01005143375778917, 7: 0.00437126279527964, 8: 0.005862570009863819, 9: 0.006440005713553606, 10: 0.007251820101908557, 11: 0.007151742099949522, 12: 0.007983546242424668, 13: 0.008901634059950456, 14: 0.01086362752256525, 15: 0.008003173737471529, 16: 0.005662760344410266, 17: 0.005471034884800425, 18: 0.003996700546162638, 19: 0.00912266652163967, 20: 0.00632190637021594, 21: 0.00917256652204578, 22: 0.005753830695463399, 23: 0.005688729318977102, 24: 0.004672620011845608, 25: 0.006050294452188627, 26: 0.008736435827537765, 27: 0.007865203900212428, 28: 0.007639783569173843, 29: 0.005500907672117844, 30: 0.007471230927723659, 31: 0.010440687345675811, 32: 0.006335303705147702, 33: 0.006330330242551021, 34: 0.0046944009249377935, 35: 0.007075246331468433, 36: 0.005835582908904496, 37: 0.006143807907996492, 38: 0.005406737846033606, 39: 0.005959043873797002, 40: 0.006047934694374732, 41: 0.009864696457566378, 42: 0.00812689048921732, 43: 0.008585764619653937, 44: 0.0050794515292839956, 45: 0.006705302020197069, 46: 0.010764832881219847, 47: 0.007545690811016193, 48: 0.005291904565116017, 49: 0.007725258510926922, 50: 0.006838719171595975, 51: 0.006028214586858137, 52: 0.007888213549459967, 53: 0.006523541432352413, 54: 0.006032972764250638, 55: 0.007590629278630608, 56: 0.006158551039020173, 57: 0.008211162038187185, 58: 0.006203762014852251, 59: 0.008398258710553485, 60: 0.004794032739428864, 61: 0.007422892832954128, 62: 0.009046572978378124, 63: 0.00355786305879674, 64: 0.0074342742328903305, 65: 0.007996260885764207, 66: 0.007701532948170862, 67: 0.005205797543870125, 68: 0.007581361537590489, 69: 0.00921307637201143, 70: 0.006474371810031766, 71: 0.006372026661326749, 72: 0.0074875239672977266, 73: 0.009158695449101592, 74: 0.0052986166248664155}","[88, 85, 85, 85, 83, 83, 83, 82, 81, 81, 80, 80, 80, 80, 78, 78, 78, 78, 77, 77, 77, 76, 76, 76, 75, 75, 74, 74, 74, 74, 74, 74, 73, 73, 73, 72, 72, 72, 72, 72, 71, 71, 70, 70, 69, 69, 69, 69, 69, 69, 68, 68, 68, 67, 67, 67, 66, 66, 66, 66, 66, 66, 66, 64, 64, 64, 64, 64, 62, 62, 62, 62, 61, 57, 53]","dict_values([39, 44, 36, 43, 38, 46, 36, 34, 46, 46, 50, 48, 39, 43, 46, 40, 44, 41, 45, 44, 37, 43, 35, 40, 43, 47, 51, 42, 43, 45, 43, 46, 44, 49, 34, 33, 44, 46, 39, 37, 37, 39, 41, 42, 38, 48, 49, 40, 30, 43, 31, 43, 40, 43, 37, 45, 38, 39, 49, 43, 34, 30, 39, 44, 38, 45, 43, 36, 35, 36, 41, 48, 41, 50, 44])",0.058583345864058736
48,71.92,0.4889809824852058,"{0: 0.007042239202483772, 1: 0.007668145391480262, 2: 0.00845012715336894, 3: 0.006420855314363967, 4: 0.005976243432657542, 5: 0.00722822803018781, 6: 0.010268624808800423, 7: 0.004169370771080585, 8: 0.0056700615133513125, 9: 0.005797389474839893, 10: 0.00737107323214043, 11: 0.0069551304853399925, 12: 0.00793911992626037, 13: 0.008875996604029749, 14: 0.01031875145759101, 15: 0.008022804293513286, 16: 0.005729229469235473, 17: 0.005713606541096663, 18: 0.004152922674887545, 19: 0.009169477369744935, 20: 0.006352948111456619, 21: 0.009243470264389533, 22: 0.005967147446085432, 23: 0.005672087804726718, 24: 0.004898236438141252, 25: 0.006297058485225264, 26: 0.008690656818456228, 27: 0.007937002406581956, 28: 0.008125654030751465, 29: 0.005396968081853676, 30: 0.007273120932670402, 31: 0.010178377717071885, 32: 0.006416983601466527, 33: 0.006484511132428238, 34: 0.00439205105037492, 35: 0.007540428470741784, 36: 0.006168285865776066, 37: 0.006511888444424142, 38: 0.005319263065985188, 39: 0.00616392982851976, 40: 0.006600101587138769, 41: 0.009470994195058445, 42: 0.008263491905902698, 43: 0.008430770699261889, 44: 0.004866420500579199, 45: 0.006678375732299258, 46: 0.010997123657356436, 47: 0.007683208539939022, 48: 0.005478885280218272, 49: 0.007442726187362709, 50: 0.006557692845629606, 51: 0.006295122724832532, 52: 0.007897575342558014, 53: 0.006173684654571404, 54: 0.00627823349189282, 55: 0.008272825355899885, 56: 0.006180258725022753, 57: 0.008254123673711302, 58: 0.005933844682099428, 59: 0.008036948910243907, 60: 0.0047354352754347415, 61: 0.007051179355592879, 62: 0.009192571834982271, 63: 0.0038429397439770554, 64: 0.007221554776580409, 65: 0.007978056689343817, 66: 0.00785794357866184, 67: 0.005336563932512284, 68: 0.007528141854347904, 69: 0.008849114806981117, 70: 0.006761602061303879, 71: 0.0061131075746520104, 72: 0.007676571985441621, 73: 0.00945282924778484, 74: 0.004778238215107731}","[86, 86, 86, 83, 83, 83, 83, 82, 81, 80, 80, 80, 79, 79, 79, 79, 78, 78, 78, 77, 77, 77, 76, 75, 75, 75, 75, 74, 74, 74, 74, 73, 73, 73, 73, 72, 72, 71, 71, 71, 71, 71, 70, 70, 70, 70, 70, 69, 69, 68, 68, 68, 68, 67, 67, 67, 67, 66, 66, 66, 65, 65, 65, 65, 65, 64, 64, 63, 61, 61, 61, 60, 59, 58, 55]","dict_values([39, 44, 36, 43, 38, 46, 36, 34, 46, 46, 50, 48, 39, 43, 46, 40, 44, 41, 45, 44, 37, 43, 35, 40, 43, 47, 51, 42, 43, 45, 43, 46, 44, 49, 34, 33, 44, 46, 39, 37, 37, 39, 41, 42, 38, 48, 49, 40, 30, 43, 31, 43, 40, 43, 37, 45, 38, 39, 49, 43, 34, 30, 39, 44, 38, 45, 43, 36, 35, 36, 41, 48, 41, 50, 44])",0.05617428227768976
49,71.76,0.48719397339903525,"{0: 0.006977986706700984, 1: 0.007402781722426723, 2: 0.00810406129308338, 3: 0.006177732038985033, 4: 0.006294221741167517, 5: 0.007005986837619064, 6: 0.010414130966668735, 7: 0.004142397583515739, 8: 0.0055273018071556835, 9: 0.006102641179077182, 10: 0.007131053142366716, 11: 0.007096240183369114, 12: 0.008228580586624947, 13: 0.008828007150807745, 14: 0.010092991245169077, 15: 0.007814200610168041, 16: 0.006154283301281736, 17: 0.006252147771751388, 18: 0.0040753335581199986, 19: 0.009105836350737627, 20: 0.0066936142169358535, 21: 0.009345781485654327, 22: 0.006282132209510788, 23: 0.005533017265223705, 24: 0.004894480631430094, 25: 0.006689119720704649, 26: 0.008503063434936767, 27: 0.008311270164623871, 28: 0.007512515211630101, 29: 0.005250103000756678, 30: 0.00691464217091912, 31: 0.009826766218580184, 32: 0.0062064815766932745, 33: 0.006525166872642381, 34: 0.004716335224429919, 35: 0.007467953210892024, 36: 0.00633737771602941, 37: 0.006124423214832284, 38: 0.005353629633292584, 39: 0.00602478966832872, 40: 0.0067956180878811934, 41: 0.01004284171321442, 42: 0.007781812919990868, 43: 0.00869366698887689, 44: 0.004851389696019314, 45: 0.006695903588802972, 46: 0.010845527989853866, 47: 0.008384755924712951, 48: 0.005379837444744903, 49: 0.007297250063136988, 50: 0.006889055422470841, 51: 0.006465506728495621, 52: 0.008540946358745959, 53: 0.006299721007403916, 54: 0.006341561806161003, 55: 0.007905307013370683, 56: 0.00660563103080126, 57: 0.008688316103408431, 58: 0.005942919743143395, 59: 0.008153179581099455, 60: 0.004729514417394564, 61: 0.006894367854864667, 62: 0.00905831172323182, 63: 0.003996752140686355, 64: 0.007147748795484348, 65: 0.007908552084889938, 66: 0.007642283566986458, 67: 0.005565261855097873, 68: 0.00756956406712231, 69: 0.009248942401293049, 70: 0.00668929427596793, 71: 0.005745060952645289, 72: 0.007167621580304878, 73: 0.009205426861130716, 74: 0.004638396094422223}","[86, 85, 85, 84, 84, 82, 82, 81, 80, 80, 79, 79, 79, 79, 78, 78, 77, 77, 77, 77, 77, 76, 76, 76, 75, 75, 75, 75, 75, 73, 73, 73, 73, 72, 72, 72, 71, 71, 71, 71, 71, 71, 71, 70, 70, 70, 70, 69, 69, 69, 69, 69, 69, 68, 68, 68, 67, 67, 65, 65, 65, 65, 65, 64, 64, 64, 63, 63, 61, 61, 60, 59, 59, 57, 56]","dict_values([39, 44, 36, 43, 38, 46, 36, 34, 46, 46, 50, 48, 39, 43, 46, 40, 44, 41, 45, 44, 37, 43, 35, 40, 43, 47, 51, 42, 43, 45, 43, 46, 44, 49, 34, 33, 44, 46, 39, 37, 37, 39, 41, 42, 38, 48, 49, 40, 30, 43, 31, 43, 40, 43, 37, 45, 38, 39, 49, 43, 34, 30, 39, 44, 38, 45, 43, 36, 35, 36, 41, 48, 41, 50, 44])",0.05457350506063614
49,71.73333333333333,0.48718606616236076,"{0: 0.006989377080435526, 1: 0.007539669544409241, 2: 0.008386470404416087, 3: 0.006252737776154892, 4: 0.0061869127480315995, 5: 0.007249223826866688, 6: 0.010676840780637395, 7: 0.004243806007307567, 8: 0.005284864817180637, 9: 0.0065953736848827615, 10: 0.007380839496704155, 11: 0.007125372264610477, 12: 0.008000713613789083, 13: 0.008221778667926864, 14: 0.010089104950279319, 15: 0.008288612194825106, 16: 0.005888916202339982, 17: 0.005750885117210531, 18: 0.0039305727159314975, 19: 0.008991097477334542, 20: 0.00651037989127274, 21: 0.009326799284977575, 22: 0.006275870767659013, 23: 0.005492680252292711, 24: 0.004264638067113142, 25: 0.0069017704646243865, 26: 0.008004221028676746, 27: 0.008649486874429575, 28: 0.007321040179617358, 29: 0.005444559126900439, 30: 0.006841837065011426, 31: 0.00998877974961966, 32: 0.0063668490575792954, 33: 0.006569193080240816, 34: 0.004577341245208009, 35: 0.007929769902858291, 36: 0.006310537848789461, 37: 0.0066042118271661485, 38: 0.0057200125763185615, 39: 0.0062561192536891705, 40: 0.006654233310550097, 41: 0.01007631739753935, 42: 0.008540287228282442, 43: 0.00869651771910276, 44: 0.004876484946514331, 45: 0.006478212935535253, 46: 0.010665162864538412, 47: 0.00850892161195345, 48: 0.005055638794449536, 49: 0.007113809480967516, 50: 0.006849039229164691, 51: 0.0066312193406287715, 52: 0.008187930123058702, 53: 0.00636651596759692, 54: 0.00608588142943626, 55: 0.007653302472166566, 56: 0.006551166096519646, 57: 0.008528752161575618, 58: 0.00623480861962806, 59: 0.008169666636805094, 60: 0.004959722552207667, 61: 0.007172775931864331, 62: 0.009443196206290944, 63: 0.003990362777035366, 64: 0.007393239994354748, 65: 0.007225263890070945, 66: 0.00765001008589983, 67: 0.005288661451581465, 68: 0.007486357893059601, 69: 0.009190993801833724, 70: 0.006721666069170617, 71: 0.005642615412356864, 72: 0.007192692369349965, 73: 0.009214816078457488, 74: 0.004508033337307774}","[87, 85, 84, 84, 83, 83, 82, 81, 81, 80, 80, 79, 78, 78, 78, 78, 78, 77, 77, 77, 77, 76, 76, 76, 75, 75, 74, 74, 74, 73, 73, 73, 73, 73, 72, 72, 72, 72, 72, 72, 71, 71, 71, 70, 70, 70, 70, 70, 70, 69, 69, 69, 68, 68, 68, 67, 67, 67, 67, 65, 64, 64, 64, 64, 64, 64, 63, 62, 61, 60, 60, 59, 58, 56, 56]","dict_values([39, 44, 36, 43, 38, 46, 36, 34, 46, 46, 50, 48, 39, 43, 46, 40, 44, 41, 45, 44, 37, 43, 35, 40, 43, 47, 51, 42, 43, 45, 43, 46, 44, 49, 34, 33, 44, 46, 39, 37, 37, 39, 41, 42, 38, 48, 49, 40, 30, 43, 31, 43, 40, 43, 37, 45, 38, 39, 49, 43, 34, 30, 39, 44, 38, 45, 43, 36, 35, 36, 41, 48, 41, 50, 44])",0.0526689791462252
48,71.94666666666667,0.4887782903838798,"{0: 0.006921912687959194, 1: 0.0073805049266094285, 2: 0.00854771644209165, 3: 0.005946367664435774, 4: 0.006712327695396716, 5: 0.007380665144217499, 6: 0.010439737403742082, 7: 0.0044236120178524135, 8: 0.00513281924113489, 9: 0.005939066173765397, 10: 0.007479855651818736, 11: 0.00701723715567103, 12: 0.008122247255989843, 13: 0.008278770031956137, 14: 0.009937543849234575, 15: 0.008604538653503645, 16: 0.005607641151029521, 17: 0.005841544993348894, 18: 0.003821274068466979, 19: 0.009120948135543231, 20: 0.006390083646113099, 21: 0.009242412745291606, 22: 0.006408410334162176, 23: 0.005401602121813811, 24: 0.004041564600816775, 25: 0.006991084501715055, 26: 0.007757728908220766, 27: 0.008151883881833043, 28: 0.007369823309509193, 29: 0.0054119498538722785, 30: 0.007007645788024938, 31: 0.010064786742911657, 32: 0.006317117206703161, 33: 0.006504748461976742, 34: 0.0045987066393075125, 35: 0.00799032412064459, 36: 0.006428772060974036, 37: 0.0064886778459363765, 38: 0.005677114666227665, 39: 0.0062111824880476995, 40: 0.006511913241814837, 41: 0.010248196478128805, 42: 0.008515594468429711, 43: 0.008616237954014725, 44: 0.00476961911168865, 45: 0.006743707426028687, 46: 0.010174422418774047, 47: 0.008177675568395618, 48: 0.004945634530179949, 49: 0.0074165089754956925, 50: 0.006742144968763349, 51: 0.006243771568586286, 52: 0.008086121586552617, 53: 0.006569288341126892, 54: 0.006503470257484444, 55: 0.007866610658664485, 56: 0.006691213169177164, 57: 0.008727165595536712, 58: 0.0061484876787448175, 59: 0.00833425632252825, 60: 0.004894823253714364, 61: 0.007141140955683626, 62: 0.009027899705699935, 63: 0.00392377248654935, 64: 0.007499293913554631, 65: 0.007780212656204317, 66: 0.0076239982354154735, 67: 0.005427913162379511, 68: 0.007190778257580593, 69: 0.009440139752001938, 70: 0.00687457101834333, 71: 0.00514309133316682, 72: 0.007194529333786759, 73: 0.009190794938543799, 74: 0.004455660553780979}","[86, 85, 85, 83, 83, 82, 82, 82, 81, 81, 80, 80, 79, 79, 79, 79, 78, 77, 77, 77, 77, 76, 76, 75, 75, 75, 75, 75, 74, 74, 74, 74, 74, 73, 72, 72, 72, 72, 72, 72, 71, 71, 71, 71, 71, 71, 70, 70, 70, 70, 70, 69, 69, 69, 68, 68, 67, 67, 67, 65, 65, 64, 64, 63, 63, 63, 62, 62, 61, 61, 60, 59, 59, 56, 55]","dict_values([39, 44, 36, 43, 38, 46, 36, 34, 46, 46, 50, 48, 39, 43, 46, 40, 44, 41, 45, 44, 37, 43, 35, 40, 43, 47, 51, 42, 43, 45, 43, 46, 44, 49, 34, 33, 44, 46, 39, 37, 37, 39, 41, 42, 38, 48, 49, 40, 30, 43, 31, 43, 40, 43, 37, 45, 38, 39, 49, 43, 34, 30, 39, 44, 38, 45, 43, 36, 35, 36, 41, 48, 41, 50, 44])",0.05339320068512986
48,72.08,0.48977618732848566,"{0: 0.006789170785308859, 1: 0.007019879292270902, 2: 0.008543902237295823, 3: 0.006169583158616024, 4: 0.006916980094726897, 5: 0.007286426072479948, 6: 0.010392318587650324, 7: 0.004310416333065785, 8: 0.005160495217632412, 9: 0.0057093223809255855, 10: 0.007271025051130554, 11: 0.006682456992443465, 12: 0.008136851801334713, 13: 0.008027472406588009, 14: 0.010083049894259158, 15: 0.008508943882616662, 16: 0.005449714013028664, 17: 0.005704223385073306, 18: 0.0038713300795653292, 19: 0.00900586655758849, 20: 0.006691719096048983, 21: 0.009194208309084264, 22: 0.00635300312574636, 23: 0.005309372947189021, 24: 0.003863700298161628, 25: 0.0069295816074293175, 26: 0.00791485760072867, 27: 0.008274391006154829, 28: 0.007336084758157451, 29: 0.005256975095323871, 30: 0.007059389637298643, 31: 0.01039753519907135, 32: 0.006559506487060214, 33: 0.006843019158762871, 34: 0.004685893377866891, 35: 0.007899674317505852, 36: 0.006555372783985546, 37: 0.006480730426884563, 38: 0.005678219596109259, 39: 0.006129507906878768, 40: 0.00651474050899802, 41: 0.010447187666210962, 42: 0.00817812199562403, 43: 0.008291426408650647, 44: 0.004857566061591286, 45: 0.006677658884855455, 46: 0.010057819988567111, 47: 0.007987104984937229, 48: 0.004770340483677221, 49: 0.007281936443132753, 50: 0.006078826207570177, 51: 0.006160566972264488, 52: 0.008230391114610078, 53: 0.006872739145102939, 54: 0.0062897204395067075, 55: 0.008137399573250851, 56: 0.006676740089280713, 57: 0.008650153003543668, 58: 0.006550780386614056, 59: 0.008453781071489466, 60: 0.004993519571056786, 61: 0.007317991607571984, 62: 0.008981096922507165, 63: 0.0036824896251309107, 64: 0.007402040367856647, 65: 0.007618055926785442, 66: 0.008121227227534705, 67: 0.00518199929511042, 68: 0.007394386915587233, 69: 0.00935601059482874, 70: 0.007015924139737902, 71: 0.005277406311740812, 72: 0.00737211032395102, 73: 0.009258275152388388, 74: 0.004437320656711741}","[86, 86, 85, 83, 83, 82, 82, 82, 82, 81, 80, 80, 79, 79, 79, 79, 78, 77, 77, 76, 76, 76, 76, 76, 76, 75, 75, 75, 74, 74, 74, 74, 73, 73, 73, 73, 73, 73, 72, 72, 72, 72, 71, 71, 71, 71, 71, 70, 70, 70, 70, 70, 69, 68, 68, 67, 67, 67, 66, 65, 64, 64, 64, 63, 63, 63, 63, 63, 62, 61, 61, 60, 59, 56, 55]","dict_values([39, 44, 36, 43, 38, 46, 36, 34, 46, 46, 50, 48, 39, 43, 46, 40, 44, 41, 45, 44, 37, 43, 35, 40, 43, 47, 51, 42, 43, 45, 43, 46, 44, 49, 34, 33, 44, 46, 39, 37, 37, 39, 41, 42, 38, 48, 49, 40, 30, 43, 31, 43, 40, 43, 37, 45, 38, 39, 49, 43, 34, 30, 39, 44, 38, 45, 43, 36, 35, 36, 41, 48, 41, 50, 44])",0.05496557790777676
48,72.02666666666667,0.48970993706906824,"{0: 0.00692281178853022, 1: 0.007111348015137325, 2: 0.008915229729895658, 3: 0.006252804057980816, 4: 0.00662306647936691, 5: 0.0074005948192512085, 6: 0.010367051227189382, 7: 0.004451390068103767, 8: 0.0050462708588485256, 9: 0.005305725515095097, 10: 0.007297689850738187, 11: 0.006607929694352654, 12: 0.008309880173310018, 13: 0.008411479776034549, 14: 0.00990375480092954, 15: 0.008490645257335096, 16: 0.0053073600003411036, 17: 0.005922492762758362, 18: 0.0036694645637499264, 19: 0.009018908946307835, 20: 0.006734167341287043, 21: 0.009590558359325877, 22: 0.006406082088404419, 23: 0.0054170228189148375, 24: 0.003942339751589028, 25: 0.007054610120044352, 26: 0.007848174156781565, 27: 0.008061276054088764, 28: 0.007350345436713156, 29: 0.005317345138072842, 30: 0.0073073520627050985, 31: 0.010058672141636953, 32: 0.006643049086450991, 33: 0.006939035561713307, 34: 0.004694376363058406, 35: 0.008194857675337371, 36: 0.006456155669341124, 37: 0.006762747304914142, 38: 0.005697041323686537, 39: 0.006363957937672464, 40: 0.006778905580021901, 41: 0.01022664287941733, 42: 0.008174719723839137, 43: 0.00730850719145568, 44: 0.004771288195043351, 45: 0.006822528148928914, 46: 0.010451411427997105, 47: 0.007903521927941103, 48: 0.004402069717206872, 49: 0.007124881187926958, 50: 0.006147091344192473, 51: 0.005855003311013153, 52: 0.00808054688512684, 53: 0.006665325353230753, 54: 0.00632739120885624, 55: 0.0076406304335789816, 56: 0.006555436398685446, 57: 0.008518954453119962, 58: 0.006566151481394685, 59: 0.008742100429755055, 60: 0.00493587363293642, 61: 0.007049632734429066, 62: 0.009165133968348596, 63: 0.003775388096242189, 64: 0.007397089787725121, 65: 0.007895635456176695, 66: 0.007919748560163392, 67: 0.005165055932575367, 68: 0.007592295478812374, 69: 0.009153213957816816, 70: 0.007223639891146273, 71: 0.005227071391228487, 72: 0.007374568936004542, 73: 0.009702997274229323, 74: 0.004581743120411544}","[86, 85, 84, 84, 84, 83, 83, 82, 81, 81, 80, 80, 79, 79, 79, 78, 77, 77, 77, 77, 76, 76, 76, 75, 75, 75, 75, 75, 74, 74, 74, 74, 73, 73, 73, 73, 73, 72, 72, 72, 72, 72, 72, 71, 71, 71, 71, 70, 70, 70, 70, 70, 69, 68, 68, 68, 66, 66, 65, 65, 65, 64, 64, 64, 63, 63, 62, 62, 61, 61, 61, 60, 60, 56, 55]","dict_values([39, 44, 36, 43, 38, 46, 36, 34, 46, 46, 50, 48, 39, 43, 46, 40, 44, 41, 45, 44, 37, 43, 35, 40, 43, 47, 51, 42, 43, 45, 43, 46, 44, 49, 34, 33, 44, 46, 39, 37, 37, 39, 41, 42, 38, 48, 49, 40, 30, 43, 31, 43, 40, 43, 37, 45, 38, 39, 49, 43, 34, 30, 39, 44, 38, 45, 43, 36, 35, 36, 41, 48, 41, 50, 44])",0.05160895199592181
47,72.29333333333334,0.49148770757760557,"{0: 0.007130486461722267, 1: 0.006738609189177595, 2: 0.00860984067128959, 3: 0.006560418384692747, 4: 0.006620347922674899, 5: 0.007244780430601056, 6: 0.010196510576623904, 7: 0.004613627373082895, 8: 0.005012110077748737, 9: 0.005251789092182975, 10: 0.007322424705018899, 11: 0.006329181875872538, 12: 0.00846313642517172, 13: 0.008650290347707812, 14: 0.009758881046012724, 15: 0.008343158946469842, 16: 0.005246974896783602, 17: 0.006079623880215397, 18: 0.0037172986140501466, 19: 0.008809651776057291, 20: 0.006751218538013749, 21: 0.008916676349997996, 22: 0.0069131310998237485, 23: 0.005700872405067093, 24: 0.004203055066522605, 25: 0.0067537660721184185, 26: 0.00786625207076714, 27: 0.0078853400710917, 28: 0.007218110415668127, 29: 0.005666394328343306, 30: 0.00719885968948564, 31: 0.009839412912277641, 32: 0.006397413663817002, 33: 0.006750415093094337, 34: 0.0046164598322101106, 35: 0.008029473648278908, 36: 0.006547333177089568, 37: 0.006924396216760124, 38: 0.005585394666407815, 39: 0.006191786487255795, 40: 0.006569679779201786, 41: 0.010079506370746578, 42: 0.008078919153682702, 43: 0.007276840927108875, 44: 0.004676729225584034, 45: 0.006601087059678551, 46: 0.010507908919669073, 47: 0.008086050414231502, 48: 0.004384239694138499, 49: 0.007109384634227196, 50: 0.006215826851640408, 51: 0.005771295369429963, 52: 0.008062794023218718, 53: 0.006514245278569316, 54: 0.0064068723978787595, 55: 0.007540920617028042, 56: 0.00666292441066861, 57: 0.008729151232379434, 58: 0.006176472353913884, 59: 0.0091439462934184, 60: 0.004715412881395599, 61: 0.007161914357399601, 62: 0.009171078069050624, 63: 0.003701597566720659, 64: 0.007406250066709725, 65: 0.00832863313253752, 66: 0.00782999802801009, 67: 0.0052162337432570234, 68: 0.00775994254738014, 69: 0.009376436555888336, 70: 0.006989103552054407, 71: 0.005090681597340503, 72: 0.007277546438933396, 73: 0.009645837911997768, 74: 0.004625728086907567}","[86, 85, 84, 84, 84, 84, 83, 82, 82, 81, 80, 80, 79, 79, 79, 79, 78, 78, 78, 77, 77, 77, 75, 75, 75, 75, 75, 75, 75, 75, 74, 74, 74, 73, 73, 73, 72, 72, 72, 72, 72, 71, 71, 71, 71, 71, 71, 71, 71, 71, 71, 69, 69, 69, 69, 68, 66, 66, 66, 66, 66, 65, 65, 65, 63, 62, 62, 62, 62, 61, 61, 61, 60, 56, 56]","dict_values([39, 44, 36, 43, 38, 46, 36, 34, 46, 46, 50, 48, 39, 43, 46, 40, 44, 41, 45, 44, 37, 43, 35, 40, 43, 47, 51, 42, 43, 45, 43, 46, 44, 49, 34, 33, 44, 46, 39, 37, 37, 39, 41, 42, 38, 48, 49, 40, 30, 43, 31, 43, 40, 43, 37, 45, 38, 39, 49, 43, 34, 30, 39, 44, 38, 45, 43, 36, 35, 36, 41, 48, 41, 50, 44])",0.05270846902811761
47,72.32,0.4915664476686192,"{0: 0.00737350887209552, 1: 0.007093595783501605, 2: 0.008108969801884348, 3: 0.006469364277521301, 4: 0.00663950969491182, 5: 0.0072341478551194134, 6: 0.010079899613757423, 7: 0.00482246120639743, 8: 0.005074135320883383, 9: 0.0053002259637256926, 10: 0.007858681251590909, 11: 0.00601554506893254, 12: 0.008550330328706217, 13: 0.008430243170113285, 14: 0.00974011173149718, 15: 0.008488336921148365, 16: 0.005395673402407118, 17: 0.005931135365808057, 18: 0.003924868198642144, 19: 0.009098592532750225, 20: 0.006942198119239256, 21: 0.009089218968116883, 22: 0.006448292245920091, 23: 0.005719867350650177, 24: 0.004773596271886407, 25: 0.006737319347932113, 26: 0.00802428275185461, 27: 0.007780475107945129, 28: 0.0070021324781707655, 29: 0.005919128401990542, 30: 0.007133823388742257, 31: 0.009596357057519888, 32: 0.0064894949036102, 33: 0.007027987843888311, 34: 0.004338992271924106, 35: 0.008038372352486433, 36: 0.006594410920429605, 37: 0.006514061328322405, 38: 0.0056576949155256965, 39: 0.006347485234645383, 40: 0.006308507190080324, 41: 0.010118157011932347, 42: 0.008144441028579827, 43: 0.00739368711824364, 44: 0.004715072799539541, 45: 0.0064179214100719886, 46: 0.010297818817990955, 47: 0.007936348614277096, 48: 0.00479221216472149, 49: 0.00728360800279761, 50: 0.0060270258598358216, 51: 0.005762991966303813, 52: 0.0078012485479882565, 53: 0.006259468612678313, 54: 0.006398948278789268, 55: 0.007532029829798586, 56: 0.006498998958429232, 57: 0.008418738287831228, 58: 0.006307029020366531, 59: 0.008971704083502575, 60: 0.004994085235897222, 61: 0.006702647418147408, 62: 0.009477998448520819, 63: 0.003709948323551931, 64: 0.007616302671422808, 65: 0.008597938462974068, 66: 0.007826669952940766, 67: 0.005295184794810272, 68: 0.007593981382512891, 69: 0.009049829373417874, 70: 0.0068735637684332, 71: 0.005202981626017772, 72: 0.006947937894922573, 73: 0.009397474614354792, 74: 0.004883948221894887}","[86, 86, 85, 84, 84, 83, 82, 82, 81, 80, 80, 80, 80, 79, 79, 79, 78, 78, 78, 78, 77, 77, 76, 76, 75, 75, 75, 74, 74, 74, 74, 74, 74, 73, 73, 73, 73, 72, 72, 72, 72, 72, 72, 71, 71, 71, 71, 71, 70, 70, 70, 68, 68, 68, 68, 67, 67, 67, 66, 66, 66, 65, 65, 64, 64, 64, 63, 63, 62, 62, 62, 61, 59, 57, 56]","dict_values([39, 44, 36, 43, 38, 46, 36, 34, 46, 46, 50, 48, 39, 43, 46, 40, 44, 41, 45, 44, 37, 43, 35, 40, 43, 47, 51, 42, 43, 45, 43, 46, 44, 49, 34, 33, 44, 46, 39, 37, 37, 39, 41, 42, 38, 48, 49, 40, 30, 43, 31, 43, 40, 43, 37, 45, 38, 39, 49, 43, 34, 30, 39, 44, 38, 45, 43, 36, 35, 36, 41, 48, 41, 50, 44])",0.05195117733051393
46,72.29333333333334,0.4916050815230745,"{0: 0.007322255619474908, 1: 0.006775355379793589, 2: 0.007953551810585772, 3: 0.006274571851639864, 4: 0.006862357373215088, 5: 0.007407611423141402, 6: 0.0100303893621334, 7: 0.004860681610732116, 8: 0.005057984428229936, 9: 0.005292093548637087, 10: 0.00796197380190937, 11: 0.005898494548550112, 12: 0.008662784805645297, 13: 0.008418735296350312, 14: 0.009575369906910474, 15: 0.008072065891873807, 16: 0.005197015899387526, 17: 0.0062335986052481935, 18: 0.003875516721001342, 19: 0.009124337617808027, 20: 0.006525610265940521, 21: 0.009417399381248432, 22: 0.006509366262533567, 23: 0.005882007180131788, 24: 0.004794532143948506, 25: 0.00681610474329978, 26: 0.00831172824941476, 27: 0.007616918393723704, 28: 0.007111821564096461, 29: 0.005872904987742422, 30: 0.007428370622782524, 31: 0.009410783278223232, 32: 0.0064898374903718265, 33: 0.007322933607230147, 34: 0.00432814020421, 35: 0.008290660751339711, 36: 0.0066667779910752605, 37: 0.006341650754783844, 38: 0.005959555368233275, 39: 0.006372827057409934, 40: 0.006418352118426981, 41: 0.009721753224086145, 42: 0.00783417481786471, 43: 0.007419660337885264, 44: 0.004708082888222535, 45: 0.006295880412319026, 46: 0.010471690099169689, 47: 0.007862422841244606, 48: 0.0049618896907169885, 49: 0.00733866541285235, 50: 0.005980343804713593, 51: 0.005829409130329971, 52: 0.007698337561032518, 53: 0.006196616748396685, 54: 0.006348858889999734, 55: 0.007654578159810379, 56: 0.006630104617667704, 57: 0.007958351310048167, 58: 0.006118316532148351, 59: 0.008747541882169965, 60: 0.0051778031726245465, 61: 0.006870238639140461, 62: 0.009953946656693266, 63: 0.0037378900921759173, 64: 0.007461633379081346, 65: 0.008744918223539079, 66: 0.00782576252437628, 67: 0.005331226145643888, 68: 0.007875017073205207, 69: 0.008921085604944019, 70: 0.006855957656758717, 71: 0.00531470935762309, 72: 0.006680440981845374, 73: 0.00918535892247637, 74: 0.005088399330004511}","[87, 86, 85, 84, 83, 83, 83, 81, 81, 80, 80, 79, 79, 79, 79, 79, 78, 78, 78, 77, 77, 76, 76, 75, 75, 75, 75, 75, 74, 74, 74, 74, 74, 73, 73, 73, 73, 72, 72, 72, 72, 72, 72, 72, 71, 71, 71, 71, 71, 70, 69, 69, 68, 68, 67, 67, 67, 66, 66, 66, 66, 65, 65, 65, 64, 64, 63, 63, 63, 63, 62, 61, 59, 56, 56]","dict_values([39, 44, 36, 43, 38, 46, 36, 34, 46, 46, 50, 48, 39, 43, 46, 40, 44, 41, 45, 44, 37, 43, 35, 40, 43, 47, 51, 42, 43, 45, 43, 46, 44, 49, 34, 33, 44, 46, 39, 37, 37, 39, 41, 42, 38, 48, 49, 40, 30, 43, 31, 43, 40, 43, 37, 45, 38, 39, 49, 43, 34, 30, 39, 44, 38, 45, 43, 36, 35, 36, 41, 48, 41, 50, 44])",0.056975821961730566
46,72.13333333333334,0.49002341197018895,"{0: 0.007678347337610925, 1: 0.00682107917990317, 2: 0.008249495136134094, 3: 0.005916544346277484, 4: 0.00630670008042532, 5: 0.007401520086486104, 6: 0.01035156916764379, 7: 0.004538239452739652, 8: 0.005112425075117134, 9: 0.005280394711297607, 10: 0.007713078728617547, 11: 0.005689821399638268, 12: 0.008588602957830512, 13: 0.0087815284252518, 14: 0.009951006567524531, 15: 0.007942829730828922, 16: 0.005096270957986249, 17: 0.0062480358967781655, 18: 0.004153782072882698, 19: 0.008983505529154874, 20: 0.006592108147274941, 21: 0.009361658642832378, 22: 0.006355609368550991, 23: 0.0061488392733772155, 24: 0.0047940240906158005, 25: 0.006975257442562862, 26: 0.008263467411447364, 27: 0.007663893085096875, 28: 0.0071048117344618845, 29: 0.0059971846752873885, 30: 0.007465871683716375, 31: 0.009621361843774129, 32: 0.006865144313463853, 33: 0.007003624730262479, 34: 0.004409007382890898, 35: 0.0081207097534087, 36: 0.006513736604834474, 37: 0.00662750211650742, 38: 0.006091300196103788, 39: 0.006679573355536567, 40: 0.006543653213873384, 41: 0.009482475050903619, 42: 0.008123162922752157, 43: 0.007418928913680246, 44: 0.005102501411150307, 45: 0.0061673909607884245, 46: 0.010193537160381745, 47: 0.007888987776395809, 48: 0.004849467771157491, 49: 0.007400647100624317, 50: 0.005916114006315402, 51: 0.005719756945622645, 52: 0.00768749629931267, 53: 0.006307068380947017, 54: 0.006185154721470053, 55: 0.007828822083593392, 56: 0.006615172328878678, 57: 0.007997594700396628, 58: 0.006002577758541706, 59: 0.008752247191690977, 60: 0.005509154311478414, 61: 0.006906810423965244, 62: 0.009187860518223198, 63: 0.00411059798920316, 64: 0.007155039912285756, 65: 0.008761233165962817, 66: 0.008073500529864417, 67: 0.0053529836720090365, 68: 0.00788449961938915, 69: 0.009145151869844183, 70: 0.007045948832211019, 71: 0.00509874447307851, 72: 0.006538948857582536, 73: 0.009098877917685105, 74: 0.005145222296687013}","[87, 84, 84, 84, 83, 82, 82, 81, 81, 81, 80, 79, 79, 79, 79, 79, 78, 78, 77, 77, 77, 77, 76, 75, 75, 75, 75, 75, 74, 74, 74, 74, 74, 73, 73, 73, 73, 73, 72, 72, 72, 72, 71, 71, 70, 70, 70, 70, 70, 70, 69, 68, 68, 68, 67, 67, 67, 66, 66, 65, 65, 65, 65, 64, 63, 63, 63, 63, 63, 62, 62, 62, 59, 58, 58]","dict_values([39, 44, 36, 43, 38, 46, 36, 34, 46, 46, 50, 48, 39, 43, 46, 40, 44, 41, 45, 44, 37, 43, 35, 40, 43, 47, 51, 42, 43, 45, 43, 46, 44, 49, 34, 33, 44, 46, 39, 37, 37, 39, 41, 42, 38, 48, 49, 40, 30, 43, 31, 43, 40, 43, 37, 45, 38, 39, 49, 43, 34, 30, 39, 44, 38, 45, 43, 36, 35, 36, 41, 48, 41, 50, 44])",0.05053706936904003
47,72.29333333333334,0.49124519896874563,"{0: 0.007563380790481547, 1: 0.006623193580726677, 2: 0.00861682291481692, 3: 0.0060782933053533895, 4: 0.006552013835074944, 5: 0.007468152657295039, 6: 0.010212752822576152, 7: 0.004599069173349769, 8: 0.005170425638637222, 9: 0.005071475796510932, 10: 0.007705646282817642, 11: 0.005667271703795553, 12: 0.008730094722291408, 13: 0.008509339834741005, 14: 0.009589979883147066, 15: 0.007904887899142529, 16: 0.0050141667894229615, 17: 0.00595364368324326, 18: 0.003956802228734929, 19: 0.008961504664423968, 20: 0.006553620726775477, 21: 0.009634050367510083, 22: 0.006212421122987888, 23: 0.006250223768235685, 24: 0.004904810028785756, 25: 0.006976793980831906, 26: 0.00803056076900987, 27: 0.00774196945352787, 28: 0.006928224048559756, 29: 0.005860399275380813, 30: 0.007935157620874425, 31: 0.009726579720736895, 32: 0.006864125086167685, 33: 0.007029815292720346, 34: 0.004498729291396917, 35: 0.008540507933109228, 36: 0.006534012881953992, 37: 0.006162867437770257, 38: 0.005895369816876474, 39: 0.006791839200073541, 40: 0.006469416528411165, 41: 0.009367139313557453, 42: 0.008018963758141675, 43: 0.007451931465495754, 44: 0.005309054973421098, 45: 0.006467524070340429, 46: 0.010167481611647499, 47: 0.007962491272501919, 48: 0.005138608148208861, 49: 0.007273154448703989, 50: 0.005934633727287827, 51: 0.005591492320066686, 52: 0.0073462364799420305, 53: 0.005895267186452153, 54: 0.0063124553223671285, 55: 0.0074999150066485, 56: 0.006511425504938601, 57: 0.007747527223085903, 58: 0.006379385481695223, 59: 0.00868941407673745, 60: 0.005437573506332263, 61: 0.006998941287344831, 62: 0.009176595933816973, 63: 0.0040787271272906215, 64: 0.007073397973881612, 65: 0.00847556101079482, 66: 0.008176240935789966, 67: 0.005645423981448091, 68: 0.007985029027092683, 69: 0.008993567834496292, 70: 0.006687443426057134, 71: 0.00486256956036886, 72: 0.007022729879156721, 73: 0.009155032038808455, 74: 0.005222746567046306}","[87, 84, 84, 83, 83, 83, 82, 81, 81, 81, 81, 80, 80, 80, 79, 79, 78, 77, 77, 77, 77, 77, 76, 75, 75, 75, 75, 75, 74, 74, 74, 74, 74, 74, 73, 73, 73, 72, 72, 72, 72, 72, 72, 72, 71, 71, 71, 71, 70, 69, 69, 68, 68, 68, 67, 66, 66, 66, 66, 65, 65, 65, 65, 65, 65, 64, 64, 64, 63, 63, 62, 61, 60, 58, 57]","dict_values([39, 44, 36, 43, 38, 46, 36, 34, 46, 46, 50, 48, 39, 43, 46, 40, 44, 41, 45, 44, 37, 43, 35, 40, 43, 47, 51, 42, 43, 45, 43, 46, 44, 49, 34, 33, 44, 46, 39, 37, 37, 39, 41, 42, 38, 48, 49, 40, 30, 43, 31, 43, 40, 43, 37, 45, 38, 39, 49, 43, 34, 30, 39, 44, 38, 45, 43, 36, 35, 36, 41, 48, 41, 50, 44])",0.052271841933644404
49,72.45333333333333,0.49285922995514225,"{0: 0.007630372705892245, 1: 0.007004922337359097, 2: 0.00881353992067638, 3: 0.0062883862417530785, 4: 0.006680992393215347, 5: 0.007453771822753823, 6: 0.010507473091952536, 7: 0.0043765303581106375, 8: 0.004847852419053273, 9: 0.005451801188583294, 10: 0.0078077975238188945, 11: 0.005816832472597956, 12: 0.008723305532969133, 13: 0.008528523527802163, 14: 0.009736979163264475, 15: 0.007471673216656892, 16: 0.0047349698078603284, 17: 0.00563393509633373, 18: 0.0038739856546165016, 19: 0.008850771291050021, 20: 0.006832762747312445, 21: 0.00901891158771993, 22: 0.006056272455760245, 23: 0.006350232680574706, 24: 0.0051221890873544024, 25: 0.006493773565666667, 26: 0.007726761566529251, 27: 0.007689502262616564, 28: 0.00716833608406363, 29: 0.005674825831852304, 30: 0.007981500674335545, 31: 0.009635662311305158, 32: 0.0069244030159240156, 33: 0.006499294147843752, 34: 0.0043583040618070685, 35: 0.008166391497039606, 36: 0.006457784275955125, 37: 0.006181439710344137, 38: 0.006146830577700141, 39: 0.006817917703526919, 40: 0.006653235438735151, 41: 0.009655955584223198, 42: 0.007773014323829496, 43: 0.0076352194669917365, 44: 0.005637069703893407, 45: 0.006553753308180867, 46: 0.010539275821597839, 47: 0.00808390483953977, 48: 0.005439481035103109, 49: 0.007330928577145201, 50: 0.006134166830108963, 51: 0.005305937316808444, 52: 0.007350817895328923, 53: 0.006161021303774606, 54: 0.006031097461825381, 55: 0.007186421816167304, 56: 0.006842348831277897, 57: 0.007526101956194841, 58: 0.006249506722642449, 59: 0.008737689252468228, 60: 0.005154480306431902, 61: 0.007015898162176362, 62: 0.009473260784708915, 63: 0.004245478284061382, 64: 0.006742737990861117, 65: 0.008087789704643286, 66: 0.007914847116887835, 67: 0.0052169274811487976, 68: 0.008143179632195824, 69: 0.0091396919980674, 70: 0.006772243365527932, 71: 0.0048578274653500704, 72: 0.006984933432590457, 73: 0.009104573454166912, 74: 0.005217066022201575}","[88, 86, 85, 84, 84, 82, 82, 82, 82, 80, 80, 80, 80, 79, 79, 79, 77, 77, 77, 77, 76, 76, 76, 76, 76, 75, 75, 75, 75, 75, 75, 75, 74, 74, 74, 73, 73, 73, 72, 72, 72, 72, 72, 71, 71, 71, 71, 70, 70, 70, 70, 69, 69, 68, 68, 67, 66, 66, 66, 66, 65, 65, 65, 65, 64, 64, 64, 64, 64, 62, 61, 61, 59, 59, 57]","dict_values([39, 44, 36, 43, 38, 46, 36, 34, 46, 46, 50, 48, 39, 43, 46, 40, 44, 41, 45, 44, 37, 43, 35, 40, 43, 47, 51, 42, 43, 45, 43, 46, 44, 49, 34, 33, 44, 46, 39, 37, 37, 39, 41, 42, 38, 48, 49, 40, 30, 43, 31, 43, 40, 43, 37, 45, 38, 39, 49, 43, 34, 30, 39, 44, 38, 45, 43, 36, 35, 36, 41, 48, 41, 50, 44])",0.05153717328523133
48,72.58666666666667,0.49401051794597794,"{0: 0.007558936178083755, 1: 0.006982342907976641, 2: 0.008724006554504869, 3: 0.006358443925570334, 4: 0.006542585856991746, 5: 0.007776129537059608, 6: 0.010053081088992485, 7: 0.004763208079291209, 8: 0.004825930836898496, 9: 0.005033243322029714, 10: 0.008202869242505389, 11: 0.005735795193641432, 12: 0.009139586979026688, 13: 0.008865156926279547, 14: 0.010130433398420891, 15: 0.007618114959923412, 16: 0.004630664989089618, 17: 0.005697909434429728, 18: 0.0035776865157246553, 19: 0.008543697368764813, 20: 0.006669540539898855, 21: 0.008546636831482952, 22: 0.005958858496242801, 23: 0.0063571227928921675, 24: 0.004976963141199374, 25: 0.006580022326879748, 26: 0.007389791944183103, 27: 0.008024136945386763, 28: 0.007216336845067739, 29: 0.0051037439730486096, 30: 0.007540913275907486, 31: 0.009620916257991512, 32: 0.00689126176708976, 33: 0.0064477415435718315, 34: 0.004160541129474713, 35: 0.00812410760959277, 36: 0.0065419335535541, 37: 0.00652704628995981, 38: 0.005578501501687892, 39: 0.0068849844911270915, 40: 0.0067634705490280415, 41: 0.009798883201983504, 42: 0.007737147376230035, 43: 0.007688021442105094, 44: 0.005513974610006481, 45: 0.006771672313702986, 46: 0.01085632504771932, 47: 0.007968362403863715, 48: 0.005769753315647324, 49: 0.007488097187043436, 50: 0.00653756923577212, 51: 0.005255514612190283, 52: 0.007260779215038831, 53: 0.006115621015630812, 54: 0.005755956920797913, 55: 0.007567415746714566, 56: 0.006764316704066124, 57: 0.00748802010943737, 58: 0.006232734725973725, 59: 0.008646661756544563, 60: 0.00501659017839228, 61: 0.006988859948466174, 62: 0.009244570877504344, 63: 0.004504016044718601, 64: 0.006662652646755996, 65: 0.008200382294844254, 66: 0.008162839564905157, 67: 0.005470924587884196, 68: 0.007934393102168752, 69: 0.009249029618508917, 70: 0.006827067827823595, 71: 0.0044702736980792015, 72: 0.0067668598601267095, 73: 0.008880924252584497, 74: 0.005249204637341054}","[86, 86, 86, 85, 85, 83, 82, 82, 82, 81, 80, 80, 80, 80, 79, 79, 79, 78, 78, 77, 76, 76, 76, 76, 76, 76, 76, 75, 75, 75, 75, 75, 75, 74, 74, 74, 73, 73, 73, 72, 72, 72, 72, 71, 71, 71, 71, 71, 70, 69, 69, 69, 69, 69, 68, 68, 68, 66, 66, 66, 65, 65, 64, 64, 64, 64, 64, 63, 63, 62, 62, 60, 60, 58, 55]","dict_values([39, 44, 36, 43, 38, 46, 36, 34, 46, 46, 50, 48, 39, 43, 46, 40, 44, 41, 45, 44, 37, 43, 35, 40, 43, 47, 51, 42, 43, 45, 43, 46, 44, 49, 34, 33, 44, 46, 39, 37, 37, 39, 41, 42, 38, 48, 49, 40, 30, 43, 31, 43, 40, 43, 37, 45, 38, 39, 49, 43, 34, 30, 39, 44, 38, 45, 43, 36, 35, 36, 41, 48, 41, 50, 44])",0.052692270940080055
49,72.50666666666666,0.49322521514368656,"{0: 0.007468667569735547, 1: 0.007106168736880333, 2: 0.00865344708120768, 3: 0.006827520314770471, 4: 0.006798843604985186, 5: 0.0077924236702470884, 6: 0.010074348097151674, 7: 0.004959221434578878, 8: 0.0044373495401929695, 9: 0.00508588380321345, 10: 0.008408923723160634, 11: 0.005792277280329427, 12: 0.009210193858875287, 13: 0.009037880713568482, 14: 0.010432768489969766, 15: 0.007744457042314564, 16: 0.004892771747088404, 17: 0.00546293606070871, 18: 0.003896051722789316, 19: 0.008825074611473024, 20: 0.006589803853843817, 21: 0.00867574117560476, 22: 0.005861221680483789, 23: 0.00639968888119811, 24: 0.005506251888776501, 25: 0.006350241944838327, 26: 0.006880742692744795, 27: 0.007675206638221853, 28: 0.006983273661583519, 29: 0.004992003509574211, 30: 0.007247967592240885, 31: 0.009586887275355373, 32: 0.006379519225023757, 33: 0.00629271233245657, 34: 0.004100594186733178, 35: 0.008010867574314266, 36: 0.006413530998780067, 37: 0.006610037428813448, 38: 0.005442327820957609, 39: 0.0069253972098405805, 40: 0.006400811820088694, 41: 0.009859135155353317, 42: 0.007663443885065145, 43: 0.007380972632297928, 44: 0.005437061202022249, 45: 0.007030530194542027, 46: 0.011219209547186321, 47: 0.00801219173087405, 48: 0.005615935428952496, 49: 0.007058466055373724, 50: 0.006517158601730447, 51: 0.005194217947019717, 52: 0.007259895986989881, 53: 0.006159381419610325, 54: 0.005730578909025413, 55: 0.007970864026516842, 56: 0.006985716596180063, 57: 0.00729525356820822, 58: 0.006218459296690223, 59: 0.008715283796709534, 60: 0.004891972917949457, 61: 0.007025867249375806, 62: 0.008849616223920739, 63: 0.004700845739975132, 64: 0.006525026351098593, 65: 0.008169400066113755, 66: 0.008456569533422966, 67: 0.005806307727176302, 68: 0.007930607710517576, 69: 0.00926988714001774, 70: 0.006925224694340883, 71: 0.004272041275274862, 72: 0.006791078139181412, 73: 0.009088842093269633, 74: 0.005806079714764642}","[86, 86, 86, 86, 85, 83, 83, 82, 82, 81, 80, 80, 80, 80, 79, 79, 79, 78, 78, 78, 77, 76, 76, 76, 76, 76, 75, 75, 75, 74, 74, 74, 74, 73, 73, 73, 73, 72, 72, 72, 72, 71, 71, 71, 71, 71, 71, 70, 70, 69, 69, 69, 69, 68, 68, 68, 68, 67, 67, 66, 66, 66, 65, 65, 64, 64, 64, 63, 63, 61, 61, 60, 59, 57, 57]","dict_values([39, 44, 36, 43, 38, 46, 36, 34, 46, 46, 50, 48, 39, 43, 46, 40, 44, 41, 45, 44, 37, 43, 35, 40, 43, 47, 51, 42, 43, 45, 43, 46, 44, 49, 34, 33, 44, 46, 39, 37, 37, 39, 41, 42, 38, 48, 49, 40, 30, 43, 31, 43, 40, 43, 37, 45, 38, 39, 49, 43, 34, 30, 39, 44, 38, 45, 43, 36, 35, 36, 41, 48, 41, 50, 44])",0.05680525029145967
47,72.32,0.49210095106853885,"{0: 0.007382511373954236, 1: 0.00737844280110223, 2: 0.008690677794919567, 3: 0.007175985900057881, 4: 0.006573418383741603, 5: 0.0079667516769173, 6: 0.009540078489056318, 7: 0.005207355752064924, 8: 0.004427382348881421, 9: 0.005089085220758006, 10: 0.008482952937339732, 11: 0.005775581223856359, 12: 0.009209165569756027, 13: 0.00921705867224141, 14: 0.010574588691480532, 15: 0.007776216284565549, 16: 0.004782433696742484, 17: 0.005517733095952366, 18: 0.003805164944741007, 19: 0.008784319780118979, 20: 0.006770962083560365, 21: 0.008690116297569831, 22: 0.006012814710732865, 23: 0.006518460346416775, 24: 0.005793631072163384, 25: 0.006239912620078807, 26: 0.007265266582683797, 27: 0.007236318237767299, 28: 0.006970400579936052, 29: 0.005037776016928148, 30: 0.006943760280879309, 31: 0.0093606539866678, 32: 0.006448058404950323, 33: 0.006363469290028086, 34: 0.0040278739463489085, 35: 0.008121780713310755, 36: 0.006645961538125038, 37: 0.007131275036098718, 38: 0.005539487395572597, 39: 0.006755952901201292, 40: 0.006287732223889188, 41: 0.009704011697253847, 42: 0.0077190483060044475, 43: 0.007331850711553477, 44: 0.005352909617327383, 45: 0.006810189679880952, 46: 0.011571324624529497, 47: 0.008413634641225498, 48: 0.0057289094445224275, 49: 0.006887221786249196, 50: 0.006419602199250067, 51: 0.00517860064820112, 52: 0.007413808416291822, 53: 0.005975921739562311, 54: 0.005561122719859713, 55: 0.00782081789101659, 56: 0.007436837110671867, 57: 0.007419806664328063, 58: 0.006441269467231609, 59: 0.008352458378365152, 60: 0.0048676749235141165, 61: 0.007070299446857611, 62: 0.00909636660728922, 63: 0.0046179696167293885, 64: 0.006665671618268767, 65: 0.008256469853499262, 66: 0.008163878868812337, 67: 0.005428334382266565, 68: 0.007798610334193845, 69: 0.00928091302948339, 70: 0.0071534051634697315, 71: 0.004293974035776499, 72: 0.006647950334651901, 73: 0.009139941419360087, 74: 0.005821603135116913}","[87, 86, 85, 85, 84, 83, 83, 82, 81, 80, 80, 80, 80, 79, 79, 79, 78, 78, 78, 77, 77, 77, 77, 77, 76, 76, 76, 75, 75, 74, 74, 74, 73, 73, 72, 72, 72, 72, 72, 72, 72, 71, 71, 71, 71, 70, 70, 70, 70, 69, 69, 69, 69, 69, 68, 68, 67, 66, 66, 66, 66, 66, 65, 65, 64, 64, 64, 63, 63, 61, 60, 60, 59, 56, 56]","dict_values([39, 44, 36, 43, 38, 46, 36, 34, 46, 46, 50, 48, 39, 43, 46, 40, 44, 41, 45, 44, 37, 43, 35, 40, 43, 47, 51, 42, 43, 45, 43, 46, 44, 49, 34, 33, 44, 46, 39, 37, 37, 39, 41, 42, 38, 48, 49, 40, 30, 43, 31, 43, 40, 43, 37, 45, 38, 39, 49, 43, 34, 30, 39, 44, 38, 45, 43, 36, 35, 36, 41, 48, 41, 50, 44])",0.05659771168889927
46,72.26666666666667,0.4913068879570746,"{0: 0.007334454135219496, 1: 0.00706653687159083, 2: 0.008686085295888352, 3: 0.0074359404479267584, 4: 0.006620667704326448, 5: 0.008321416333932031, 6: 0.009466065709163028, 7: 0.005472391945503409, 8: 0.004129673838643718, 9: 0.0053467516317099225, 10: 0.008594167256716497, 11: 0.0055347043650673736, 12: 0.009079058498143139, 13: 0.008231237077997987, 14: 0.01028779119137734, 15: 0.007819081432201886, 16: 0.004925212327252919, 17: 0.005599617407888916, 18: 0.003967397010799033, 19: 0.008603385579240284, 20: 0.0066971730003228345, 21: 0.00836980763481027, 22: 0.006363677839428521, 23: 0.006491506341997384, 24: 0.005971552840972193, 25: 0.00641015091870361, 26: 0.007499082052627384, 27: 0.007298424557219495, 28: 0.006792114809236236, 29: 0.0048679663450176686, 30: 0.007132455424245877, 31: 0.00954399181564462, 32: 0.006496817241725187, 33: 0.0063428553805094335, 34: 0.004354443020476244, 35: 0.00806642559632737, 36: 0.006591940377587843, 37: 0.007199510272757793, 38: 0.005538425455769853, 39: 0.006839896232541001, 40: 0.0062549471309362534, 41: 0.009637449201279758, 42: 0.007736111893816323, 43: 0.007127696930674894, 44: 0.0053183615361642, 45: 0.0066780180404605064, 46: 0.01160116385770219, 47: 0.008277206727419783, 48: 0.005430433081114583, 49: 0.006890129818705344, 50: 0.006663314383213447, 51: 0.005558270465854324, 52: 0.007295620022799679, 53: 0.005824757348903311, 54: 0.005908123496840377, 55: 0.007671643767776179, 56: 0.007689610562108902, 57: 0.0075198321502310825, 58: 0.006645260071490214, 59: 0.00858553190515655, 60: 0.004771060678299893, 61: 0.007180503360332208, 62: 0.008530945824051547, 63: 0.004618802825763227, 64: 0.006700835273399846, 65: 0.008202008129682616, 66: 0.008729714573227788, 67: 0.005440366326738473, 68: 0.00747302647115395, 69: 0.00929527224540038, 70: 0.007143936363382721, 71: 0.004476930341786012, 72: 0.006565043834965479, 73: 0.00915288576853436, 74: 0.005746543034840931}","[87, 85, 85, 83, 83, 83, 82, 82, 81, 80, 80, 80, 79, 79, 78, 78, 78, 78, 78, 78, 78, 77, 77, 76, 76, 76, 75, 75, 75, 74, 73, 73, 73, 73, 72, 72, 72, 72, 72, 72, 72, 71, 71, 71, 71, 71, 70, 70, 70, 70, 70, 69, 69, 69, 68, 67, 67, 67, 66, 66, 66, 66, 65, 65, 65, 65, 64, 64, 62, 60, 60, 60, 58, 58, 57]","dict_values([39, 44, 36, 43, 38, 46, 36, 34, 46, 46, 50, 48, 39, 43, 46, 40, 44, 41, 45, 44, 37, 43, 35, 40, 43, 47, 51, 42, 43, 45, 43, 46, 44, 49, 34, 33, 44, 46, 39, 37, 37, 39, 41, 42, 38, 48, 49, 40, 30, 43, 31, 43, 40, 43, 37, 45, 38, 39, 49, 43, 34, 30, 39, 44, 38, 45, 43, 36, 35, 36, 41, 48, 41, 50, 44])",0.050944840075706974
47,72.29333333333334,0.4911146788801005,"{0: 0.0070159904823364405, 1: 0.006412586570325813, 2: 0.008521119950834606, 3: 0.007523357934007393, 4: 0.006586788890433138, 5: 0.008249892070230962, 6: 0.009773767790905195, 7: 0.005299473835774437, 8: 0.004169141970984732, 9: 0.005085705856529887, 10: 0.008447682117842057, 11: 0.005190595111557906, 12: 0.009114658324160162, 13: 0.008167985993424836, 14: 0.010364142485070232, 15: 0.007667371723470433, 16: 0.005159290250806378, 17: 0.0063247030033780375, 18: 0.003875873017626369, 19: 0.008926031725588571, 20: 0.006600978616354135, 21: 0.00795288080267126, 22: 0.006351359555086715, 23: 0.006527015106347095, 24: 0.005925031366231456, 25: 0.006553441108391938, 26: 0.007444412152638694, 27: 0.007317267165026855, 28: 0.006604256940540285, 29: 0.004606170667240735, 30: 0.0067061525966647054, 31: 0.009174432827482728, 32: 0.006434117582080177, 33: 0.006476533521301273, 34: 0.004714028497016157, 35: 0.008155919090026293, 36: 0.0067588547741956485, 37: 0.007248479002458996, 38: 0.00579226098904551, 39: 0.007243039273497226, 40: 0.006430381261660992, 41: 0.009868368593203324, 42: 0.007708236848741928, 43: 0.007343663649220064, 44: 0.005373348225140103, 45: 0.006385706552190369, 46: 0.011960537252567443, 47: 0.00797710594989009, 48: 0.005633181769140571, 49: 0.006475030488322307, 50: 0.006689018247193869, 51: 0.005898026359080329, 52: 0.007295652287433981, 53: 0.005796624358476285, 54: 0.006541269129372237, 55: 0.007857163008257234, 56: 0.0077859002896983, 57: 0.0073333248138881075, 58: 0.006527611423894394, 59: 0.008359976155622367, 60: 0.0047676499793691, 61: 0.00725498208615323, 62: 0.008568599389652425, 63: 0.005090715192116484, 64: 0.006691969122258546, 65: 0.007733559083894757, 66: 0.008844727269626885, 67: 0.005706226470536119, 68: 0.007437377461017171, 69: 0.009163335501399264, 70: 0.007112393812462083, 71: 0.004481729097543775, 72: 0.006217490018237285, 73: 0.00916460142067514, 74: 0.005607820731722701}","[89, 86, 85, 84, 83, 82, 82, 82, 80, 79, 79, 79, 79, 79, 79, 78, 78, 78, 78, 77, 77, 77, 77, 77, 75, 75, 75, 75, 74, 73, 73, 73, 73, 72, 72, 72, 72, 72, 72, 72, 72, 71, 71, 71, 71, 71, 70, 70, 70, 70, 70, 70, 69, 69, 68, 68, 68, 67, 67, 67, 67, 67, 65, 65, 65, 64, 64, 63, 62, 62, 60, 60, 59, 58, 57]","dict_values([39, 44, 36, 43, 38, 46, 36, 34, 46, 46, 50, 48, 39, 43, 46, 40, 44, 41, 45, 44, 37, 43, 35, 40, 43, 47, 51, 42, 43, 45, 43, 46, 44, 49, 34, 33, 44, 46, 39, 37, 37, 39, 41, 42, 38, 48, 49, 40, 30, 43, 31, 43, 40, 43, 37, 45, 38, 39, 49, 43, 34, 30, 39, 44, 38, 45, 43, 36, 35, 36, 41, 48, 41, 50, 44])",0.05266737791483282
48,72.34666666666666,0.491309623190812,"{0: 0.006858972902888312, 1: 0.0063680086883115385, 2: 0.008324614287969448, 3: 0.007654737700752561, 4: 0.0065390497538539835, 5: 0.008014023765683827, 6: 0.009950891313588471, 7: 0.004869881262609132, 8: 0.004235250105259589, 9: 0.005258539901065453, 10: 0.008346531023637006, 11: 0.005296551776783233, 12: 0.009172526178846055, 13: 0.008508451640297834, 14: 0.010677555958475764, 15: 0.007374303071882018, 16: 0.0051533277303608595, 17: 0.006189666254844499, 18: 0.0037901309324874016, 19: 0.009051516320094195, 20: 0.006767537383487327, 21: 0.008246731408624529, 22: 0.006399047960469579, 23: 0.006648919152161597, 24: 0.006144968821858963, 25: 0.006500459677596985, 26: 0.007534406066201122, 27: 0.007622269595564509, 28: 0.006367816491671282, 29: 0.004777235543620874, 30: 0.006613034029657473, 31: 0.009311682777169088, 32: 0.0062371617113649415, 33: 0.006764378001529766, 34: 0.004956818027289344, 35: 0.008293443678896596, 36: 0.0065028314822833085, 37: 0.007107807597455979, 38: 0.005522024623475951, 39: 0.006929584262423524, 40: 0.006282318381150958, 41: 0.009848823035354393, 42: 0.007397204131063202, 43: 0.006782662986758495, 44: 0.005100522322499302, 45: 0.007262694724552243, 46: 0.011865945028404571, 47: 0.008284250076429257, 48: 0.0057024792935932355, 49: 0.006429540651060795, 50: 0.006643653624822006, 51: 0.005861331677744078, 52: 0.007540773378170399, 53: 0.005934593233033051, 54: 0.006506951404589181, 55: 0.007690866140990438, 56: 0.007488639795521815, 57: 0.007472401343281137, 58: 0.006848926412758776, 59: 0.008144133110174968, 60: 0.0049019156117557, 61: 0.007244006336781928, 62: 0.00827374206196651, 63: 0.004641643511034328, 64: 0.006667279131445359, 65: 0.007855646364509373, 66: 0.00873630938459915, 67: 0.0050933920152532695, 68: 0.007425558977939858, 69: 0.009088973314550951, 70: 0.0073698657878116915, 71: 0.00455570249078482, 72: 0.006497730443079086, 73: 0.008969456336898107, 74: 0.005883239409442797}","[89, 86, 86, 84, 82, 82, 81, 81, 80, 79, 79, 79, 79, 79, 79, 78, 78, 78, 78, 77, 77, 77, 77, 76, 76, 76, 75, 74, 74, 74, 73, 73, 73, 73, 72, 72, 72, 72, 72, 72, 71, 71, 71, 71, 71, 71, 71, 71, 71, 70, 70, 70, 69, 69, 69, 69, 69, 68, 67, 67, 66, 66, 65, 65, 64, 64, 64, 63, 63, 61, 61, 60, 60, 58, 56]","dict_values([39, 44, 36, 43, 38, 46, 36, 34, 46, 46, 50, 48, 39, 43, 46, 40, 44, 41, 45, 44, 37, 43, 35, 40, 43, 47, 51, 42, 43, 45, 43, 46, 44, 49, 34, 33, 44, 46, 39, 37, 37, 39, 41, 42, 38, 48, 49, 40, 30, 43, 31, 43, 40, 43, 37, 45, 38, 39, 49, 43, 34, 30, 39, 44, 38, 45, 43, 36, 35, 36, 41, 48, 41, 50, 44])",0.056433719559440584
48,72.45333333333333,0.49226377207901595,"{0: 0.006812910785707046, 1: 0.006824136320942623, 2: 0.008189106785630217, 3: 0.007577239159873745, 4: 0.005869746065095195, 5: 0.007702812728988027, 6: 0.01016465597632929, 7: 0.004705996767449473, 8: 0.0043637218039383795, 9: 0.005359198479553471, 10: 0.008546332607549908, 11: 0.005321821355116333, 12: 0.009217904015536037, 13: 0.008380857423748268, 14: 0.010349417707219389, 15: 0.007192182185362225, 16: 0.005005349880050526, 17: 0.005933751927130046, 18: 0.0038278843368449397, 19: 0.008788625247836865, 20: 0.006637448028593392, 21: 0.008079409622642747, 22: 0.006692777603388751, 23: 0.006659514552249725, 24: 0.006569226556532748, 25: 0.006348502363549002, 26: 0.007691784441252545, 27: 0.007473461721692233, 28: 0.0060860192250389135, 29: 0.00492716261885409, 30: 0.0066407847651439, 31: 0.009369613522669408, 32: 0.006224180413517459, 33: 0.007044703268430076, 34: 0.004704119805732582, 35: 0.008672720067534207, 36: 0.006473236219277102, 37: 0.0070285753517971665, 38: 0.005832050036486644, 39: 0.0071020616900004455, 40: 0.006298430303889908, 41: 0.009842536711115015, 42: 0.007395734482463818, 43: 0.006500224024266682, 44: 0.005190466887348615, 45: 0.007779868240455462, 46: 0.011841350060312205, 47: 0.008069125343567025, 48: 0.005444079191955363, 49: 0.006075782275897273, 50: 0.006508425989071152, 51: 0.006182910870000665, 52: 0.007457110408793625, 53: 0.005625080699303229, 54: 0.006921673923198898, 55: 0.007453637068230625, 56: 0.0073781587911425014, 57: 0.007432428137120411, 58: 0.006341098394593914, 59: 0.007913130481723062, 60: 0.004792954959629183, 61: 0.006940470963037055, 62: 0.008266566949223531, 63: 0.004594757486412547, 64: 0.006809372881427888, 65: 0.008026167524915473, 66: 0.008840413281767852, 67: 0.005416975231421271, 68: 0.007326396598237866, 69: 0.009337332896121086, 70: 0.007743908807457648, 71: 0.00474040500523405, 72: 0.006420929728529912, 73: 0.009219953529657291, 74: 0.005916532736600771}","[89, 87, 85, 84, 83, 82, 82, 81, 81, 80, 80, 79, 79, 79, 79, 78, 78, 78, 78, 78, 77, 77, 77, 76, 76, 76, 75, 74, 74, 74, 73, 73, 73, 73, 73, 73, 73, 72, 72, 72, 72, 71, 71, 71, 71, 71, 71, 70, 70, 70, 69, 69, 69, 69, 69, 68, 68, 68, 68, 68, 67, 66, 66, 66, 64, 64, 63, 62, 62, 62, 61, 60, 60, 59, 56]","dict_values([39, 44, 36, 43, 38, 46, 36, 34, 46, 46, 50, 48, 39, 43, 46, 40, 44, 41, 45, 44, 37, 43, 35, 40, 43, 47, 51, 42, 43, 45, 43, 46, 44, 49, 34, 33, 44, 46, 39, 37, 37, 39, 41, 42, 38, 48, 49, 40, 30, 43, 31, 43, 40, 43, 37, 45, 38, 39, 49, 43, 34, 30, 39, 44, 38, 45, 43, 36, 35, 36, 41, 48, 41, 50, 44])",0.05359702382347325
48,72.02666666666667,0.48889467259339026,"{0: 0.006963555950613188, 1: 0.007180634450762054, 2: 0.007905642681423524, 3: 0.007448546334884952, 4: 0.005935771317798878, 5: 0.007739001086059609, 6: 0.009916252643999313, 7: 0.004785395104566542, 8: 0.004376727217601989, 9: 0.005196534284070781, 10: 0.008528825899461401, 11: 0.005666509459655508, 12: 0.00909613430519651, 13: 0.008200480919909938, 14: 0.010337938396121491, 15: 0.007250580659614165, 16: 0.004748295123616917, 17: 0.005950793576990763, 18: 0.004019329978823484, 19: 0.009081784180039418, 20: 0.006930613873971604, 21: 0.008151312451042487, 22: 0.006512678933311965, 23: 0.0069555116953335635, 24: 0.006629016920695374, 25: 0.006640716937989443, 26: 0.007212560596976606, 27: 0.007714710000610947, 28: 0.006180197559885062, 29: 0.005096614566901397, 30: 0.006560642006109662, 31: 0.009425529098998187, 32: 0.006489912781821746, 33: 0.007153098850633281, 34: 0.00469272103695106, 35: 0.008790814662257063, 36: 0.006313072635279919, 37: 0.0074987134920041125, 38: 0.005888362077334732, 39: 0.007165139057249828, 40: 0.006361362875717186, 41: 0.009755409490997215, 42: 0.007385177298247055, 43: 0.005999168799443216, 44: 0.005103432644062374, 45: 0.007559877895627995, 46: 0.012002235267771059, 47: 0.007774369571805469, 48: 0.005426423343839984, 49: 0.006206728885137969, 50: 0.006838506463469897, 51: 0.006264779058324421, 52: 0.007455807674846337, 53: 0.005433362983162449, 54: 0.007004679644466667, 55: 0.007437084004258789, 56: 0.007514807544460643, 57: 0.007604028850454889, 58: 0.006573817045961824, 59: 0.008192780451561072, 60: 0.0046948086849458075, 61: 0.006700141379673167, 62: 0.008349342988631766, 63: 0.004779341218077928, 64: 0.006960826643736627, 65: 0.007977590337359758, 66: 0.009362367667201683, 67: 0.005633269425560267, 68: 0.007260405535924619, 69: 0.009112519244105263, 70: 0.007975095594109971, 71: 0.004498465640127331, 72: 0.006464097081548198, 73: 0.009385753616721806, 74: 0.006018722616063443}","[89, 86, 84, 83, 83, 81, 81, 81, 81, 80, 80, 79, 78, 78, 78, 78, 78, 78, 77, 76, 76, 76, 76, 76, 76, 75, 75, 74, 74, 73, 73, 73, 73, 72, 72, 72, 72, 72, 72, 72, 71, 71, 71, 70, 70, 70, 70, 70, 70, 70, 69, 69, 69, 69, 68, 68, 68, 68, 67, 67, 67, 66, 66, 65, 65, 62, 62, 62, 62, 61, 61, 60, 59, 59, 57]","dict_values([39, 44, 36, 43, 38, 46, 36, 34, 46, 46, 50, 48, 39, 43, 46, 40, 44, 41, 45, 44, 37, 43, 35, 40, 43, 47, 51, 42, 43, 45, 43, 46, 44, 49, 34, 33, 44, 46, 39, 37, 37, 39, 41, 42, 38, 48, 49, 40, 30, 43, 31, 43, 40, 43, 37, 45, 38, 39, 49, 43, 34, 30, 39, 44, 38, 45, 43, 36, 35, 36, 41, 48, 41, 50, 44])",0.05599500287921118
47,72.02666666666667,0.488489091174473,"{0: 0.0070434463335726505, 1: 0.007297963260960573, 2: 0.008185580265376545, 3: 0.007470796238067042, 4: 0.006150386895001626, 5: 0.00782529959953428, 6: 0.009449663103443428, 7: 0.0049437843644646, 8: 0.004397319953963361, 9: 0.005301994647357087, 10: 0.008893069866315457, 11: 0.005737201659764416, 12: 0.008866922553733355, 13: 0.008336711496604922, 14: 0.01036785496693433, 15: 0.007002000115842859, 16: 0.004834562624491877, 17: 0.005950320712551807, 18: 0.0040890114849874105, 19: 0.008978591421155155, 20: 0.006881290629616752, 21: 0.008126588026153384, 22: 0.006456788503472151, 23: 0.006941501664874028, 24: 0.006579468966455763, 25: 0.006511965004525948, 26: 0.0069003616799719085, 27: 0.007603544629808284, 28: 0.006418276376662757, 29: 0.005325660671842123, 30: 0.006584870570699207, 31: 0.009034311891291915, 32: 0.006567664034553361, 33: 0.007341370586781417, 34: 0.004790068124063819, 35: 0.008894127672069931, 36: 0.005981357387205207, 37: 0.0073839296881211955, 38: 0.006136354310302186, 39: 0.007187400391986232, 40: 0.006265892386648409, 41: 0.009467395872583901, 42: 0.007145529926168452, 43: 0.005807150180844253, 44: 0.004921081308254388, 45: 0.0075107643653409125, 46: 0.012184721951587586, 47: 0.00784471614189066, 48: 0.0054181781945526085, 49: 0.0063306212989103, 50: 0.006908071189287249, 51: 0.005972589654015405, 52: 0.007219015280209433, 53: 0.006100875629478701, 54: 0.007123388406141628, 55: 0.007057284399320711, 56: 0.007678366219786883, 57: 0.007632121558067738, 58: 0.006944089859706511, 59: 0.008447062140743922, 60: 0.004778658178699273, 61: 0.0066850432991633155, 62: 0.008155405187632506, 63: 0.004649202328780993, 64: 0.0071702236663275815, 65: 0.0077109021581140405, 66: 0.009477716868635945, 67: 0.00622698112764371, 68: 0.006895378228104452, 69: 0.008612029871510106, 70: 0.008133558439177315, 71: 0.004271723343186858, 72: 0.006460772335152619, 73: 0.00949214389851235, 74: 0.005929223005211549}","[89, 84, 84, 83, 82, 81, 81, 80, 80, 79, 79, 79, 79, 78, 78, 78, 78, 78, 77, 77, 77, 76, 76, 75, 75, 75, 75, 74, 74, 74, 74, 73, 73, 72, 72, 72, 72, 71, 71, 71, 71, 71, 71, 71, 70, 70, 70, 70, 70, 70, 70, 69, 69, 69, 69, 69, 68, 68, 67, 67, 66, 66, 65, 65, 65, 65, 63, 63, 62, 62, 60, 60, 59, 59, 57]","dict_values([39, 44, 36, 43, 38, 46, 36, 34, 46, 46, 50, 48, 39, 43, 46, 40, 44, 41, 45, 44, 37, 43, 35, 40, 43, 47, 51, 42, 43, 45, 43, 46, 44, 49, 34, 33, 44, 46, 39, 37, 37, 39, 41, 42, 38, 48, 49, 40, 30, 43, 31, 43, 40, 43, 37, 45, 38, 39, 49, 43, 34, 30, 39, 44, 38, 45, 43, 36, 35, 36, 41, 48, 41, 50, 44])",0.05651697555761501
47,71.94666666666667,0.48852068285509054,"{0: 0.007059117038300185, 1: 0.007179977986769963, 2: 0.008487230450943874, 3: 0.007255900578604445, 4: 0.006194426379377176, 5: 0.007784608735397444, 6: 0.009686236494836215, 7: 0.004821738772159073, 8: 0.004444720501596759, 9: 0.005294832236277621, 10: 0.009054750133623363, 11: 0.0058021833456775975, 12: 0.00902169612105899, 13: 0.007871492908660061, 14: 0.010592086159973738, 15: 0.007089795065675799, 16: 0.0048632157248740555, 17: 0.00571777074810825, 18: 0.004197678477540633, 19: 0.008977292601678882, 20: 0.006680939854682102, 21: 0.007935502786544863, 22: 0.00623436193625324, 23: 0.006570554306813806, 24: 0.006578214015754084, 25: 0.006372761128559094, 26: 0.007131634695050174, 27: 0.007560815632555889, 28: 0.006380658204678033, 29: 0.005377512238126208, 30: 0.0064568534029410644, 31: 0.008809774302602156, 32: 0.0064458449831663375, 33: 0.007289863065468415, 34: 0.004819035735616972, 35: 0.009168964916912398, 36: 0.005775419635516841, 37: 0.0068882466642230175, 38: 0.006147629429869266, 39: 0.007246535203943277, 40: 0.0066884322475887666, 41: 0.009795732477470367, 42: 0.007205554177514305, 43: 0.005884689952296255, 44: 0.004952662663180839, 45: 0.007612037212998229, 46: 0.012170053969643898, 47: 0.007590675809559021, 48: 0.005031797788100994, 49: 0.00633997341387584, 50: 0.006991602609080566, 51: 0.005839877832724196, 52: 0.007218682218018636, 53: 0.006266963694910668, 54: 0.007227373629889602, 55: 0.007173581476576017, 56: 0.007768733552401371, 57: 0.007374203999034516, 58: 0.00685342134065521, 59: 0.008509780448185714, 60: 0.004800257857003426, 61: 0.007120121130300146, 62: 0.008218354813098069, 63: 0.0043172614355556456, 64: 0.007256980444470497, 65: 0.007884664162511512, 66: 0.009479404855712907, 67: 0.005869290220979682, 68: 0.0070255750983283715, 69: 0.00888338444057931, 70: 0.008211891264514635, 71: 0.0040964612840936375, 72: 0.0069096813583295535, 73: 0.009686072506847845, 74: 0.006429506157949356}","[89, 85, 85, 84, 82, 82, 82, 80, 80, 79, 79, 79, 79, 79, 78, 78, 78, 78, 77, 77, 77, 76, 76, 75, 75, 75, 74, 74, 74, 74, 74, 74, 73, 72, 72, 72, 72, 72, 71, 71, 71, 71, 71, 70, 70, 70, 70, 70, 70, 69, 69, 69, 69, 69, 68, 68, 68, 67, 67, 66, 66, 65, 65, 65, 65, 64, 63, 62, 62, 62, 60, 59, 58, 58, 57]","dict_values([39, 44, 36, 43, 38, 46, 36, 34, 46, 46, 50, 48, 39, 43, 46, 40, 44, 41, 45, 44, 37, 43, 35, 40, 43, 47, 51, 42, 43, 45, 43, 46, 44, 49, 34, 33, 44, 46, 39, 37, 37, 39, 41, 42, 38, 48, 49, 40, 30, 43, 31, 43, 40, 43, 37, 45, 38, 39, 49, 43, 34, 30, 39, 44, 38, 45, 43, 36, 35, 36, 41, 48, 41, 50, 44])",0.05227261112616162
47,71.86666666666666,0.48730740531599526,"{0: 0.00716762088615536, 1: 0.007501683351881676, 2: 0.00873876489398439, 3: 0.007008519369472546, 4: 0.006280520059348988, 5: 0.00792214052848778, 6: 0.009182545084924526, 7: 0.004758916282607765, 8: 0.004530788261301432, 9: 0.004905148261266785, 10: 0.00864518102749863, 11: 0.005835895635046936, 12: 0.009116083302479754, 13: 0.008342362266363675, 14: 0.01010888481925971, 15: 0.00693128251694476, 16: 0.005112164810903129, 17: 0.00572129138977066, 18: 0.004215135702767866, 19: 0.008482206259975155, 20: 0.006685229498110386, 21: 0.007993634925275155, 22: 0.006262214048587306, 23: 0.006405414386291044, 24: 0.006661646072967242, 25: 0.006382421648606229, 26: 0.007015543621467912, 27: 0.007797030535317454, 28: 0.006381146245848304, 29: 0.005472215577052943, 30: 0.006499413718217957, 31: 0.008943452002269694, 32: 0.006204669326892211, 33: 0.007163453794937793, 34: 0.005218247033868867, 35: 0.009270679228203396, 36: 0.005733266234887375, 37: 0.007099844416809171, 38: 0.006213524328014109, 39: 0.007575206290017239, 40: 0.006582755970964582, 41: 0.00975682439208301, 42: 0.007394118439436489, 43: 0.005849923928692141, 44: 0.004908089438792963, 45: 0.007339569441851416, 46: 0.011484697605756803, 47: 0.007757059925323835, 48: 0.005274309661308186, 49: 0.006223088798342371, 50: 0.007299151657564343, 51: 0.006015387168046965, 52: 0.007114584645390127, 53: 0.006506946760775629, 54: 0.007297357655184901, 55: 0.00695483140293941, 56: 0.007527823432790232, 57: 0.007568448469214544, 58: 0.00685293492251785, 59: 0.008454024798725266, 60: 0.004761218811621989, 61: 0.007120801023088728, 62: 0.008367603165830429, 63: 0.0042650586537408474, 64: 0.007190059910390233, 65: 0.00802024974908325, 66: 0.009541768025686652, 67: 0.005922838993538735, 68: 0.008117206593635283, 69: 0.00848977766700942, 70: 0.008361069004370508, 71: 0.0038025491996626585, 72: 0.006954823419326732, 73: 0.009477578443166301, 74: 0.006468041194873169}","[87, 85, 83, 83, 82, 82, 81, 80, 80, 79, 79, 79, 78, 78, 78, 78, 78, 78, 78, 77, 77, 76, 76, 76, 76, 75, 75, 75, 75, 75, 74, 73, 73, 73, 72, 72, 72, 72, 71, 71, 71, 71, 70, 70, 70, 70, 70, 69, 69, 69, 69, 68, 68, 68, 68, 68, 67, 67, 67, 67, 66, 66, 65, 65, 65, 64, 63, 63, 62, 62, 61, 60, 58, 57, 55]","dict_values([39, 44, 36, 43, 38, 46, 36, 34, 46, 46, 50, 48, 39, 43, 46, 40, 44, 41, 45, 44, 37, 43, 35, 40, 43, 47, 51, 42, 43, 45, 43, 46, 44, 49, 34, 33, 44, 46, 39, 37, 37, 39, 41, 42, 38, 48, 49, 40, 30, 43, 31, 43, 40, 43, 37, 45, 38, 39, 49, 43, 34, 30, 39, 44, 38, 45, 43, 36, 35, 36, 41, 48, 41, 50, 44])",0.04977540349923072
47,71.81333333333333,0.4876912903072889,"{0: 0.0069479303494838825, 1: 0.007750775866773317, 2: 0.008387335016873504, 3: 0.006418809432676321, 4: 0.006143738187233223, 5: 0.007931444210809276, 6: 0.009433824421878482, 7: 0.004482781558848312, 8: 0.004603545153867227, 9: 0.004898385971526268, 10: 0.008696208370204217, 11: 0.005753342587069272, 12: 0.009320357809719435, 13: 0.008215691103381285, 14: 0.010123774152787451, 15: 0.006966068087135099, 16: 0.005072777235382885, 17: 0.0056751318111377845, 18: 0.0045219008354769955, 19: 0.008609575637945833, 20: 0.006780272662683637, 21: 0.00842012406920255, 22: 0.006509260075048246, 23: 0.006375801011892445, 24: 0.0065999349660824675, 25: 0.0065195522873391695, 26: 0.00698990865764115, 27: 0.007958396614192186, 28: 0.006204003895951622, 29: 0.005305384884922935, 30: 0.006462993916671493, 31: 0.008949400639798202, 32: 0.006429702269072384, 33: 0.0070298279504913685, 34: 0.004947251578739872, 35: 0.009123112053385887, 36: 0.006199932020628379, 37: 0.006960958096064909, 38: 0.00605477646613897, 39: 0.007606631678258101, 40: 0.006432664270522798, 41: 0.009802599823537666, 42: 0.007937948872609782, 43: 0.005929747965840387, 44: 0.004666558024994478, 45: 0.007452418324754142, 46: 0.011662845599079576, 47: 0.007331124765662006, 48: 0.005386122039689209, 49: 0.006282085835570573, 50: 0.00727597851047797, 51: 0.005900134581011193, 52: 0.007194025057494926, 53: 0.0066410309253408404, 54: 0.007105115401161976, 55: 0.006825267625708871, 56: 0.00795569995479323, 57: 0.0072568201831482325, 58: 0.007014503879404266, 59: 0.008486158213241992, 60: 0.004728640917831643, 61: 0.007127138335747059, 62: 0.008243759372458147, 63: 0.00423287309648029, 64: 0.007053475918434133, 65: 0.007595521773350408, 66: 0.009484954695511721, 67: 0.005968618421799285, 68: 0.008152918379667093, 69: 0.008817645822514757, 70: 0.008729940387693945, 71: 0.0038831596095676565, 72: 0.0067923016996507095, 73: 0.009744582993972217, 74: 0.006403188388615687}","[88, 85, 84, 83, 82, 81, 81, 81, 81, 80, 80, 79, 79, 79, 78, 78, 78, 77, 77, 77, 77, 77, 76, 76, 76, 76, 75, 75, 75, 74, 74, 73, 72, 72, 72, 72, 72, 71, 71, 71, 71, 70, 70, 70, 70, 70, 70, 70, 70, 69, 69, 69, 68, 68, 68, 67, 67, 67, 66, 66, 66, 65, 65, 65, 64, 64, 63, 62, 61, 60, 60, 60, 58, 58, 55]","dict_values([39, 44, 36, 43, 38, 46, 36, 34, 46, 46, 50, 48, 39, 43, 46, 40, 44, 41, 45, 44, 37, 43, 35, 40, 43, 47, 51, 42, 43, 45, 43, 46, 44, 49, 34, 33, 44, 46, 39, 37, 37, 39, 41, 42, 38, 48, 49, 40, 30, 43, 31, 43, 40, 43, 37, 45, 38, 39, 49, 43, 34, 30, 39, 44, 38, 45, 43, 36, 35, 36, 41, 48, 41, 50, 44])",0.05346410472116993
47,71.68,0.48652360484347007,"{0: 0.006993650647376141, 1: 0.008115351603390532, 2: 0.008506543493209, 3: 0.006541437175804877, 4: 0.006163208959478412, 5: 0.008051914763738406, 6: 0.009785715077277787, 7: 0.004438024352567113, 8: 0.004737377225813826, 9: 0.004803966870545968, 10: 0.00878564890456557, 11: 0.0056208815903100616, 12: 0.00919930369635481, 13: 0.007724307920808283, 14: 0.010598169599981246, 15: 0.00711420769630175, 16: 0.005020959147037446, 17: 0.005862298728761874, 18: 0.004617866618588008, 19: 0.008561585807594174, 20: 0.006774704375272528, 21: 0.008507107255189716, 22: 0.0067598558013982615, 23: 0.0064289293609194565, 24: 0.006757601676138458, 25: 0.006529929840512106, 26: 0.007319761098249306, 27: 0.008004514740614688, 28: 0.006584626263806629, 29: 0.00550004612256042, 30: 0.006860827487317039, 31: 0.008837138642499333, 32: 0.006460708617671731, 33: 0.007104759113622967, 34: 0.004964722327358019, 35: 0.009338432071421368, 36: 0.005784107139861044, 37: 0.006985551264114765, 38: 0.006222308064304162, 39: 0.007693377749994679, 40: 0.006291902929842788, 41: 0.009609299638327025, 42: 0.007677296399985343, 43: 0.005810841758121291, 44: 0.0051422101984921744, 45: 0.007417790159110122, 46: 0.011760728815292673, 47: 0.007254261774867344, 48: 0.005109094697177182, 49: 0.006749474145014439, 50: 0.006544512749672738, 51: 0.006072835543468442, 52: 0.006689625698981365, 53: 0.007159599322764246, 54: 0.0072765290501433716, 55: 0.0070202582115884765, 56: 0.007954789180227394, 57: 0.007009372047244095, 58: 0.006960565648015084, 59: 0.007800211578633103, 60: 0.005142864920624372, 61: 0.007220964664443781, 62: 0.008318474422704364, 63: 0.004338162072098031, 64: 0.007269303270329378, 65: 0.007510843212137364, 66: 0.009478294268847122, 67: 0.005539252279592623, 68: 0.007704610457155971, 69: 0.00860157390294687, 70: 0.008716370314680108, 71: 0.00373279023168541, 72: 0.006832542380766721, 73: 0.009282729342266781, 74: 0.006142372199539286}","[88, 84, 84, 82, 82, 82, 81, 81, 81, 80, 79, 79, 79, 78, 78, 77, 77, 77, 77, 77, 76, 76, 76, 75, 75, 75, 75, 75, 75, 74, 73, 73, 73, 73, 72, 72, 72, 71, 71, 71, 71, 70, 70, 70, 69, 69, 69, 69, 69, 69, 69, 69, 68, 68, 68, 68, 67, 67, 67, 66, 66, 66, 66, 64, 64, 63, 63, 62, 62, 61, 60, 60, 59, 58, 54]","dict_values([39, 44, 36, 43, 38, 46, 36, 34, 46, 46, 50, 48, 39, 43, 46, 40, 44, 41, 45, 44, 37, 43, 35, 40, 43, 47, 51, 42, 43, 45, 43, 46, 44, 49, 34, 33, 44, 46, 39, 37, 37, 39, 41, 42, 38, 48, 49, 40, 30, 43, 31, 43, 40, 43, 37, 45, 38, 39, 49, 43, 34, 30, 39, 44, 38, 45, 43, 36, 35, 36, 41, 48, 41, 50, 44])",0.05197482638888889
48,71.84,0.4876742498499244,"{0: 0.006735146384305591, 1: 0.008022633097193298, 2: 0.008669244285478894, 3: 0.006619711062586731, 4: 0.006177002352813069, 5: 0.007713236418621455, 6: 0.010343539260634544, 7: 0.004462373793560627, 8: 0.004542100977626268, 9: 0.0048077151555115365, 10: 0.00830357448648453, 11: 0.005540615352126071, 12: 0.008926406787931053, 13: 0.007639700690287989, 14: 0.010671792814351303, 15: 0.006997392125345332, 16: 0.00511590236146226, 17: 0.005734885239579326, 18: 0.004525936622326466, 19: 0.009028188082654416, 20: 0.007005049888581083, 21: 0.00858830317492303, 22: 0.006410138094599166, 23: 0.006495297597343958, 24: 0.006705879189042531, 25: 0.006200487702406942, 26: 0.00725569702593691, 27: 0.008005202344408501, 28: 0.007049163826924219, 29: 0.005600294917173015, 30: 0.006565641297323908, 31: 0.009029313352078067, 32: 0.006355812670869746, 33: 0.007087902789818455, 34: 0.005093240792075684, 35: 0.009589243078821696, 36: 0.005363893061723622, 37: 0.007120212033852748, 38: 0.006391366333719657, 39: 0.007664056531790524, 40: 0.005976672448503197, 41: 0.009484814340307214, 42: 0.0076729180070123516, 43: 0.0060612086197257995, 44: 0.005189388031314671, 45: 0.007458391055632233, 46: 0.011722486655040994, 47: 0.006946713701709017, 48: 0.005219309701918741, 49: 0.006767490859753276, 50: 0.006564693429656713, 51: 0.006062338044554503, 52: 0.006377911668731535, 53: 0.006495158662203927, 54: 0.007276435530520043, 55: 0.007295280792694092, 56: 0.007556202575715643, 57: 0.007248602425250548, 58: 0.007175872190276474, 59: 0.008005320469407752, 60: 0.005099419515851933, 61: 0.0076985650405664565, 62: 0.008234471654665275, 63: 0.004632995489372903, 64: 0.0071683782101479914, 65: 0.0074068817822621575, 66: 0.009451023766430984, 67: 0.005748235609839343, 68: 0.007695957454186531, 69: 0.00826916895436108, 70: 0.008284506740050997, 71: 0.00370098340885523, 72: 0.006820086494084978, 73: 0.009742879417598929, 74: 0.0060290208357844}","[88, 85, 84, 84, 83, 83, 82, 81, 81, 80, 80, 79, 78, 77, 77, 77, 77, 77, 77, 77, 76, 76, 76, 76, 76, 75, 75, 75, 75, 75, 74, 74, 74, 73, 73, 72, 72, 71, 71, 71, 71, 70, 70, 70, 69, 69, 69, 69, 69, 69, 68, 68, 68, 68, 68, 68, 67, 67, 67, 66, 66, 65, 65, 65, 64, 64, 64, 62, 62, 61, 61, 61, 59, 58, 54]","dict_values([39, 44, 36, 43, 38, 46, 36, 34, 46, 46, 50, 48, 39, 43, 46, 40, 44, 41, 45, 44, 37, 43, 35, 40, 43, 47, 51, 42, 43, 45, 43, 46, 44, 49, 34, 33, 44, 46, 39, 37, 37, 39, 41, 42, 38, 48, 49, 40, 30, 43, 31, 43, 40, 43, 37, 45, 38, 39, 49, 43, 34, 30, 39, 44, 38, 45, 43, 36, 35, 36, 41, 48, 41, 50, 44])",0.05600308419986898
48,71.70666666666666,0.4866217498629919,"{0: 0.006644043126638853, 1: 0.0071562306987740295, 2: 0.008529862341949192, 3: 0.006396421125070691, 4: 0.005959271479058977, 5: 0.007763445175898761, 6: 0.01037685120607537, 7: 0.0046260790903455366, 8: 0.004738187417643841, 9: 0.004467085102116544, 10: 0.008269523609077657, 11: 0.005538604513805472, 12: 0.008715775413616813, 13: 0.007881101251003556, 14: 0.010607895681106266, 15: 0.007142616724447999, 16: 0.005021820169476459, 17: 0.005606208074169113, 18: 0.004382142407509136, 19: 0.008430805676929288, 20: 0.007041107680192825, 21: 0.008854722077384209, 22: 0.006420295955209343, 23: 0.006498163008284732, 24: 0.0067775388575155825, 25: 0.006235883689250608, 26: 0.007169644264347898, 27: 0.00819430855089246, 28: 0.007124864459409366, 29: 0.005554345648246305, 30: 0.0066160994430313124, 31: 0.008827901109495875, 32: 0.006458312429416995, 33: 0.007197376868428746, 34: 0.004791524986139102, 35: 0.009513921818580073, 36: 0.005701011571161087, 37: 0.007382493763608677, 38: 0.0064466002768872235, 39: 0.007883259458323837, 40: 0.006110114683359287, 41: 0.00993573079228485, 42: 0.007972405203847026, 43: 0.005944002623979287, 44: 0.005096250812391242, 45: 0.007583996335725189, 46: 0.011792002262505352, 47: 0.006790420336418341, 48: 0.005374412371816883, 49: 0.007162805709337951, 50: 0.006590715582589958, 51: 0.005885465564080069, 52: 0.006592330728014393, 53: 0.006555446188014382, 54: 0.0075156682434627834, 55: 0.007344675590015297, 56: 0.007364662474092971, 57: 0.007322384632160072, 58: 0.0069431049492948635, 59: 0.008192524362615156, 60: 0.005141151629663281, 61: 0.00755825345318148, 62: 0.00766326594047354, 63: 0.004813683636084453, 64: 0.007282653460001232, 65: 0.007363545475428132, 66: 0.009767878950856627, 67: 0.005872772978025339, 68: 0.007647025808147015, 69: 0.008436039645781825, 70: 0.008243192268500153, 71: 0.0037065683820076043, 72: 0.006754912916964053, 73: 0.009768721439068045, 74: 0.006586528124938114}","[88, 85, 84, 84, 83, 83, 82, 82, 79, 79, 79, 78, 78, 78, 78, 77, 77, 76, 76, 76, 76, 76, 76, 75, 75, 75, 75, 75, 75, 75, 74, 74, 74, 73, 73, 73, 72, 71, 71, 71, 71, 70, 70, 70, 70, 69, 69, 69, 69, 68, 68, 68, 68, 68, 68, 67, 67, 67, 66, 66, 66, 66, 65, 65, 64, 64, 63, 62, 62, 62, 60, 60, 59, 57, 54]","dict_values([39, 44, 36, 43, 38, 46, 36, 34, 46, 46, 50, 48, 39, 43, 46, 40, 44, 41, 45, 44, 37, 43, 35, 40, 43, 47, 51, 42, 43, 45, 43, 46, 44, 49, 34, 33, 44, 46, 39, 37, 37, 39, 41, 42, 38, 48, 49, 40, 30, 43, 31, 43, 40, 43, 37, 45, 38, 39, 49, 43, 34, 30, 39, 44, 38, 45, 43, 36, 35, 36, 41, 48, 41, 50, 44])",0.04871008022574785
48,71.84,0.48776034618336345,"{0: 0.006618380613943768, 1: 0.007385790018339827, 2: 0.00798217436057859, 3: 0.0063232069676354185, 4: 0.005795201777779027, 5: 0.007794760986175571, 6: 0.009664312351223071, 7: 0.004646770301447443, 8: 0.004657084341131636, 9: 0.004474414549107363, 10: 0.008634689115903933, 11: 0.00586374867648369, 12: 0.009302264211990909, 13: 0.008028235540353099, 14: 0.010452495928116538, 15: 0.007089111631298275, 16: 0.0048306718784414775, 17: 0.005629511210725197, 18: 0.0042857779832676714, 19: 0.008367695594658367, 20: 0.006752399492119503, 21: 0.009005891409680543, 22: 0.0067262850995025505, 23: 0.0065256806527496615, 24: 0.006511112145331513, 25: 0.006289375667610948, 26: 0.006851003812717961, 27: 0.00827634036429633, 28: 0.007271326711074763, 29: 0.005915753983630193, 30: 0.006430388903282072, 31: 0.00884151037644075, 32: 0.0064574049248263, 33: 0.007097733763327118, 34: 0.0047337517888344244, 35: 0.009355676527619506, 36: 0.005332383322674445, 37: 0.008025222480625588, 38: 0.006362807603248573, 39: 0.007863987599329925, 40: 0.005978259375382354, 41: 0.009810703452879125, 42: 0.007971102568791903, 43: 0.005761454926424224, 44: 0.005082351678127463, 45: 0.007287433699875751, 46: 0.011458265714043452, 47: 0.006751462035813716, 48: 0.005454743819272934, 49: 0.006667270980460375, 50: 0.006966632307351006, 51: 0.005806889040841188, 52: 0.0065920545521803795, 53: 0.006342085876717892, 54: 0.007656803315837254, 55: 0.007415260671064817, 56: 0.007230224993799654, 57: 0.007718310049761084, 58: 0.007014507215810791, 59: 0.008380120382625613, 60: 0.005232190369439672, 61: 0.00773532591574141, 62: 0.007523823016976273, 63: 0.004874679573827834, 64: 0.007305340361446391, 65: 0.007310751777709127, 66: 0.009868195650931864, 67: 0.005835035784703867, 68: 0.0075734911553717275, 69: 0.008360190680067707, 70: 0.008476460584423456, 71: 0.0037379476034407172, 72: 0.006766407824587517, 73: 0.009505956528954355, 74: 0.00678900848607568}","[87, 85, 84, 84, 83, 82, 82, 82, 80, 80, 79, 79, 79, 78, 78, 78, 77, 77, 76, 76, 76, 76, 76, 76, 76, 75, 75, 75, 75, 75, 74, 74, 74, 74, 73, 72, 72, 72, 72, 72, 71, 71, 70, 70, 70, 70, 69, 69, 69, 69, 68, 68, 67, 67, 67, 67, 67, 66, 66, 66, 66, 66, 65, 65, 65, 65, 63, 63, 62, 62, 60, 60, 59, 56, 54]","dict_values([39, 44, 36, 43, 38, 46, 36, 34, 46, 46, 50, 48, 39, 43, 46, 40, 44, 41, 45, 44, 37, 43, 35, 40, 43, 47, 51, 42, 43, 45, 43, 46, 44, 49, 34, 33, 44, 46, 39, 37, 37, 39, 41, 42, 38, 48, 49, 40, 30, 43, 31, 43, 40, 43, 37, 45, 38, 39, 49, 43, 34, 30, 39, 44, 38, 45, 43, 36, 35, 36, 41, 48, 41, 50, 44])",0.050022486660945845
48,71.89333333333333,0.4886825445527887,"{0: 0.006568460774741653, 1: 0.007541036947623384, 2: 0.008048935864119276, 3: 0.006134140259415291, 4: 0.005695448940738776, 5: 0.00746920504274184, 6: 0.009576397071900318, 7: 0.004701766217950558, 8: 0.00458063214578257, 9: 0.004192842551239078, 10: 0.008822256702035559, 11: 0.005826703228733291, 12: 0.009268622807193094, 13: 0.007646719383664983, 14: 0.01012103376496276, 15: 0.007305596891375424, 16: 0.004789154503854911, 17: 0.0056132584585195005, 18: 0.004320077664231902, 19: 0.008001585313526797, 20: 0.006727803677713482, 21: 0.009327599499866708, 22: 0.006634406213483199, 23: 0.006546412553091077, 24: 0.006476687077508079, 25: 0.006606334751989832, 26: 0.006646205144109561, 27: 0.008324107753261712, 28: 0.007576044626442168, 29: 0.0059038012018182776, 30: 0.006404863175671994, 31: 0.008874281507916608, 32: 0.006048437818899997, 33: 0.0069534214575594725, 34: 0.0047435004678969, 35: 0.009540259540615558, 36: 0.005145362015695111, 37: 0.008149918848686077, 38: 0.006719528582505921, 39: 0.008090287331869856, 40: 0.005906977926634763, 41: 0.009155299198925724, 42: 0.008183387029205146, 43: 0.005584233234629078, 44: 0.005112278178042094, 45: 0.0071256334781036055, 46: 0.011072236376424556, 47: 0.007079935345621462, 48: 0.005443535575213049, 49: 0.006493445209056626, 50: 0.00693074232683685, 51: 0.0056599360726069525, 52: 0.0064137484518217176, 53: 0.0063653613623744125, 54: 0.007689045654195138, 55: 0.007579124609934473, 56: 0.007172496232437501, 57: 0.00790252464872452, 58: 0.007198062773312353, 59: 0.00847169962523027, 60: 0.005156335961093018, 61: 0.007604207170495689, 62: 0.007792388417919275, 63: 0.0048803107173812565, 64: 0.007557327532622099, 65: 0.007324545827863185, 66: 0.009901966591400774, 67: 0.005830076923496847, 68: 0.007598794592803944, 69: 0.008729412802232188, 70: 0.008578764335208015, 71: 0.0036520859690951655, 72: 0.006818036595341075, 73: 0.009699219238557086, 74: 0.006996529625544089}","[86, 85, 84, 84, 83, 83, 83, 82, 81, 80, 80, 80, 80, 79, 79, 79, 77, 77, 77, 77, 77, 76, 76, 76, 75, 75, 75, 75, 75, 75, 74, 74, 74, 74, 73, 73, 72, 72, 72, 71, 71, 71, 70, 70, 70, 70, 70, 69, 69, 69, 68, 68, 68, 67, 66, 66, 66, 66, 66, 66, 65, 65, 65, 65, 65, 64, 63, 63, 62, 62, 60, 59, 58, 56, 54]","dict_values([39, 44, 36, 43, 38, 46, 36, 34, 46, 46, 50, 48, 39, 43, 46, 40, 44, 41, 45, 44, 37, 43, 35, 40, 43, 47, 51, 42, 43, 45, 43, 46, 44, 49, 34, 33, 44, 46, 39, 37, 37, 39, 41, 42, 38, 48, 49, 40, 30, 43, 31, 43, 40, 43, 37, 45, 38, 39, 49, 43, 34, 30, 39, 44, 38, 45, 43, 36, 35, 36, 41, 48, 41, 50, 44])",0.050307384717660636
48,71.81333333333333,0.48821288640040855,"{0: 0.006608646691424281, 1: 0.007427116173474882, 2: 0.0078052473175873275, 3: 0.006215829231054131, 4: 0.0055117118524237365, 5: 0.007644465494111736, 6: 0.00973657258699082, 7: 0.004785343728438819, 8: 0.004928753191582839, 9: 0.00414950537443873, 10: 0.008799719645202342, 11: 0.0058137283070329076, 12: 0.009228713186834651, 13: 0.007633438571084182, 14: 0.009517028121559773, 15: 0.007218550377046524, 16: 0.004528627233500156, 17: 0.005643498514400207, 18: 0.004658801687865996, 19: 0.00769407485971955, 20: 0.0068930802792356825, 21: 0.00889821075340387, 22: 0.006685680388031162, 23: 0.006566889190828953, 24: 0.006559650427359896, 25: 0.006806734772289851, 26: 0.006334901715571015, 27: 0.008139928708966028, 28: 0.007588831784807928, 29: 0.005902559557250988, 30: 0.00643471931862202, 31: 0.009115224802444435, 32: 0.0063908540177406254, 33: 0.0066677617220202235, 34: 0.0046553109108742555, 35: 0.009886874287745744, 36: 0.005175839684456345, 37: 0.008561506213360845, 38: 0.006698475190502715, 39: 0.008228553511333062, 40: 0.0057693333430003865, 41: 0.009187996580915762, 42: 0.00863860920440992, 43: 0.005430444309994669, 44: 0.005254875770980742, 45: 0.006902601463086844, 46: 0.01168204374758711, 47: 0.006908303411619278, 48: 0.005318017847174405, 49: 0.006503149217183144, 50: 0.00707290944313912, 51: 0.005713722451838134, 52: 0.006249166526698501, 53: 0.006648245449021619, 54: 0.007347025267027697, 55: 0.007829975425990848, 56: 0.007221642997708348, 57: 0.008484312034033466, 58: 0.006946387911503457, 59: 0.008142813847163682, 60: 0.005197687549885797, 61: 0.007536717836682415, 62: 0.007725511415703712, 63: 0.005069402240110774, 64: 0.007364383772631934, 65: 0.007441013342346091, 66: 0.009989633542269555, 67: 0.005758275605986069, 68: 0.007540077626416481, 69: 0.0090018274813484, 70: 0.008500832573044773, 71: 0.0036453522850263863, 72: 0.006763720023167529, 73: 0.00948547877201048, 74: 0.006865743562428139}","[88, 84, 84, 84, 83, 83, 82, 81, 81, 81, 80, 80, 80, 80, 79, 78, 78, 78, 77, 77, 76, 76, 76, 75, 75, 75, 75, 75, 75, 74, 74, 74, 74, 74, 73, 72, 72, 72, 72, 71, 71, 71, 71, 70, 70, 70, 69, 68, 68, 68, 68, 68, 67, 67, 67, 66, 66, 66, 65, 65, 65, 65, 65, 65, 64, 64, 63, 63, 63, 62, 60, 58, 58, 58, 54]","dict_values([39, 44, 36, 43, 38, 46, 36, 34, 46, 46, 50, 48, 39, 43, 46, 40, 44, 41, 45, 44, 37, 43, 35, 40, 43, 47, 51, 42, 43, 45, 43, 46, 44, 49, 34, 33, 44, 46, 39, 37, 37, 39, 41, 42, 38, 48, 49, 40, 30, 43, 31, 43, 40, 43, 37, 45, 38, 39, 49, 43, 34, 30, 39, 44, 38, 45, 43, 36, 35, 36, 41, 48, 41, 50, 44])",0.05436272251545693
48,71.81333333333333,0.48794198072258105,"{0: 0.006956674747681723, 1: 0.007058777398819188, 2: 0.007892491888466881, 3: 0.006255825900241413, 4: 0.0054416584117517285, 5: 0.0076829266564041, 6: 0.009364832468039229, 7: 0.004745937472795105, 8: 0.004906757501140545, 9: 0.004324712754758619, 10: 0.00925719628562188, 11: 0.00627347400156789, 12: 0.009215931180876174, 13: 0.007727122993715462, 14: 0.00923032459625226, 15: 0.006790314421204429, 16: 0.00455652990754955, 17: 0.00569881145952437, 18: 0.00465803952845211, 19: 0.007574513250187832, 20: 0.007101838835054248, 21: 0.008871991182294372, 22: 0.006640840484983661, 23: 0.0066037294613727196, 24: 0.0063200142702899195, 25: 0.006470879495864839, 26: 0.006537001879554796, 27: 0.008265163115727992, 28: 0.00762671652995798, 29: 0.006064092785602308, 30: 0.0067070889549479375, 31: 0.009016969193677905, 32: 0.006345315204876021, 33: 0.006605270261407858, 34: 0.004663612936554955, 35: 0.009864210012921622, 36: 0.0052194906079527795, 37: 0.008374212378970384, 38: 0.006643770048574757, 39: 0.008041836039193223, 40: 0.005994570019411073, 41: 0.009206029156021154, 42: 0.0089818172587468, 43: 0.005233124398504303, 44: 0.005596979070775381, 45: 0.0068932523022266655, 46: 0.011659614972632296, 47: 0.006519762955201166, 48: 0.00515652727101638, 49: 0.006175292444848406, 50: 0.007140646563471859, 51: 0.005978117392227466, 52: 0.006249269135704534, 53: 0.006378719828760174, 54: 0.007260668579384959, 55: 0.007833567083632477, 56: 0.007244200709537518, 57: 0.008422389763638108, 58: 0.006654518583549718, 59: 0.008092510721295597, 60: 0.0051567597209046575, 61: 0.007718285493527446, 62: 0.007657208823253066, 63: 0.004915162515601263, 64: 0.007705192503990408, 65: 0.0074519297602556375, 66: 0.010066243821363213, 67: 0.00597919654316738, 68: 0.007499914880666192, 69: 0.00892331585379835, 70: 0.008518949228748886, 71: 0.0038908453630281015, 72: 0.006686639745844747, 73: 0.009573250511992116, 74: 0.006866823780196659}","[88, 84, 84, 84, 83, 83, 82, 82, 82, 81, 80, 80, 80, 80, 79, 78, 78, 77, 77, 77, 76, 76, 76, 75, 75, 75, 75, 75, 75, 75, 74, 74, 73, 73, 73, 72, 72, 72, 72, 71, 71, 70, 70, 70, 70, 69, 69, 68, 68, 68, 68, 68, 68, 67, 67, 67, 66, 66, 66, 66, 65, 65, 64, 64, 64, 63, 63, 63, 63, 62, 60, 59, 58, 58, 55]","dict_values([39, 44, 36, 43, 38, 46, 36, 34, 46, 46, 50, 48, 39, 43, 46, 40, 44, 41, 45, 44, 37, 43, 35, 40, 43, 47, 51, 42, 43, 45, 43, 46, 44, 49, 34, 33, 44, 46, 39, 37, 37, 39, 41, 42, 38, 48, 49, 40, 30, 43, 31, 43, 40, 43, 37, 45, 38, 39, 49, 43, 34, 30, 39, 44, 38, 45, 43, 36, 35, 36, 41, 48, 41, 50, 44])",0.05226999238443135
49,71.81333333333333,0.4882427228707115,"{0: 0.00719179492598822, 1: 0.006501663041259244, 2: 0.007996850536288288, 3: 0.006000505446302859, 4: 0.005495256627569463, 5: 0.007704521468370512, 6: 0.009753443525470366, 7: 0.004647305162077888, 8: 0.0049421263326726705, 9: 0.0045893503924088, 10: 0.009112158576095498, 11: 0.0058047268016419955, 12: 0.009327152640062704, 13: 0.007628456108132769, 14: 0.009313432127897814, 15: 0.0068979438291262, 16: 0.004371310813699346, 17: 0.005578056208130659, 18: 0.004605299715991097, 19: 0.007728273294802272, 20: 0.0076247557137787084, 21: 0.00884622725562429, 22: 0.006848092682440616, 23: 0.006403668718558048, 24: 0.006454578943251957, 25: 0.006208389946083368, 26: 0.006855716916251399, 27: 0.0077278011503585636, 28: 0.007858631245488091, 29: 0.006065652281751684, 30: 0.006385091953361324, 31: 0.00906931087467456, 32: 0.006406101062121791, 33: 0.006534512487511282, 34: 0.004773337582447614, 35: 0.010363921198995266, 36: 0.004894848885857348, 37: 0.00835842113169929, 38: 0.006410231807310533, 39: 0.008096827416651695, 40: 0.005880524486538367, 41: 0.008824847407392287, 42: 0.008861199450037487, 43: 0.0054240739028082584, 44: 0.0053786068317307305, 45: 0.006661371604048119, 46: 0.011718136372162841, 47: 0.006387914068221514, 48: 0.005244129280201667, 49: 0.005813176522868765, 50: 0.007107652218812989, 51: 0.006328142307241506, 52: 0.006367020033114337, 53: 0.007041789574590376, 54: 0.0071823219010634124, 55: 0.00819326683545997, 56: 0.007687735682932999, 57: 0.008034591241902984, 58: 0.006631460864676686, 59: 0.008283259844915982, 60: 0.005329984759263517, 61: 0.007788730391576225, 62: 0.007782857090512599, 63: 0.0049087438991678115, 64: 0.007121192076197053, 65: 0.007007938960993667, 66: 0.009973130305212194, 67: 0.0060111408255527, 68: 0.007476900505130854, 69: 0.008978911678977101, 70: 0.008574324509384074, 71: 0.004049930571834743, 72: 0.006660363885022236, 73: 0.009875140325910874, 74: 0.006911936218091883}","[88, 86, 84, 84, 84, 83, 82, 81, 81, 81, 81, 80, 80, 79, 79, 79, 79, 78, 77, 77, 76, 76, 76, 76, 75, 75, 75, 75, 75, 74, 74, 74, 73, 73, 73, 72, 72, 72, 72, 71, 71, 71, 70, 70, 69, 69, 69, 69, 68, 68, 68, 68, 67, 67, 67, 67, 66, 66, 66, 65, 64, 64, 64, 64, 64, 63, 63, 63, 62, 61, 60, 59, 59, 57, 56]","dict_values([39, 44, 36, 43, 38, 46, 36, 34, 46, 46, 50, 48, 39, 43, 46, 40, 44, 41, 45, 44, 37, 43, 35, 40, 43, 47, 51, 42, 43, 45, 43, 46, 44, 49, 34, 33, 44, 46, 39, 37, 37, 39, 41, 42, 38, 48, 49, 40, 30, 43, 31, 43, 40, 43, 37, 45, 38, 39, 49, 43, 34, 30, 39, 44, 38, 45, 43, 36, 35, 36, 41, 48, 41, 50, 44])",0.052991285875595276
50,71.62666666666667,0.4870977474005062,"{0: 0.007520353728919561, 1: 0.0062919021458890225, 2: 0.007720080549249588, 3: 0.005761901788962688, 4: 0.005284251601758483, 5: 0.007286863665255789, 6: 0.009804731411506867, 7: 0.004650662222045828, 8: 0.004802333644199967, 9: 0.004646234186260548, 10: 0.00923522538454189, 11: 0.005439354906659244, 12: 0.008855171493247676, 13: 0.007540980534354416, 14: 0.00918350378405345, 15: 0.006831855497028071, 16: 0.004229686088362262, 17: 0.005390789505267293, 18: 0.004890868230976002, 19: 0.007765612938566997, 20: 0.008202107941477884, 21: 0.00866275409993868, 22: 0.00678912372756966, 23: 0.006189326575376235, 24: 0.006603843280370531, 25: 0.006424770569748923, 26: 0.006892006009794148, 27: 0.008087550553598503, 28: 0.007513289975480144, 29: 0.006393527197432335, 30: 0.006498786119749434, 31: 0.009463724467259307, 32: 0.006582597339892774, 33: 0.006448321809394874, 34: 0.004943046762507371, 35: 0.010994693210746689, 36: 0.004145275408533905, 37: 0.008582522501258641, 38: 0.006464266065982343, 39: 0.008167717248776326, 40: 0.005836177289467461, 41: 0.008682636608206245, 42: 0.008777995648220162, 43: 0.005464966647917347, 44: 0.00531623532156216, 45: 0.0067158029871445275, 46: 0.01190909099147095, 47: 0.0062910193704107465, 48: 0.005342104923066581, 49: 0.006036712428035843, 50: 0.006938395094935768, 51: 0.006236010860565575, 52: 0.006414231559441913, 53: 0.0068159900252539605, 54: 0.007164208271268002, 55: 0.008102883246693516, 56: 0.008057273477394695, 57: 0.007841290245760059, 58: 0.0072320340727674, 59: 0.00815700030319694, 60: 0.005558316226902598, 61: 0.008165246016950067, 62: 0.007716760101695187, 63: 0.0051461281175055155, 64: 0.0073613578046518285, 65: 0.00709788505613837, 66: 0.010168420990776389, 67: 0.006088793244427806, 68: 0.007317279520840059, 69: 0.00875198573601016, 70: 0.008624685761226327, 71: 0.004156626257389288, 72: 0.007024529151905999, 73: 0.009591728140061524, 74: 0.0068905939548091}","[89, 87, 85, 83, 83, 83, 81, 81, 81, 80, 80, 79, 78, 78, 78, 78, 78, 78, 77, 77, 77, 77, 76, 76, 76, 76, 76, 76, 74, 74, 74, 73, 73, 73, 73, 73, 72, 71, 71, 71, 70, 70, 70, 70, 70, 69, 69, 69, 69, 68, 68, 67, 67, 67, 67, 66, 66, 66, 65, 64, 64, 64, 64, 63, 63, 63, 63, 62, 61, 60, 60, 59, 58, 58, 57]","dict_values([39, 44, 36, 43, 38, 46, 36, 34, 46, 46, 50, 48, 39, 43, 46, 40, 44, 41, 45, 44, 37, 43, 35, 40, 43, 47, 51, 42, 43, 45, 43, 46, 44, 49, 34, 33, 44, 46, 39, 37, 37, 39, 41, 42, 38, 48, 49, 40, 30, 43, 31, 43, 40, 43, 37, 45, 38, 39, 49, 43, 34, 30, 39, 44, 38, 45, 43, 36, 35, 36, 41, 48, 41, 50, 44])",0.04819396678622062
49,71.41333333333333,0.4851592583774618,"{0: 0.007598647573187688, 1: 0.006184741112818552, 2: 0.007726977940771576, 3: 0.006050083296871233, 4: 0.005538887805873959, 5: 0.006935992570932876, 6: 0.0096431667209117, 7: 0.004684333014265126, 8: 0.004882860459170152, 9: 0.004328256590808148, 10: 0.00907563018851966, 11: 0.005477759667389772, 12: 0.008673165440003778, 13: 0.007634864488812694, 14: 0.009342273931725383, 15: 0.007125990145303889, 16: 0.004280826490005124, 17: 0.005394472578727901, 18: 0.004955699091739531, 19: 0.0077853065772220354, 20: 0.008479166624229921, 21: 0.009013539290270971, 22: 0.006814789151794316, 23: 0.006205183770890426, 24: 0.006999146063978469, 25: 0.006072968685986233, 26: 0.007449794800509737, 27: 0.008248666975899243, 28: 0.007647947498270278, 29: 0.006499847442988489, 30: 0.006356893889338171, 31: 0.009471711451752803, 32: 0.006465554990882828, 33: 0.00666686331662537, 34: 0.005008599323345208, 35: 0.010688192157526753, 36: 0.004049377055492641, 37: 0.00868867685019986, 38: 0.006733803911541064, 39: 0.008052173435943763, 40: 0.005727872384498268, 41: 0.008782468170252838, 42: 0.008985476234269613, 43: 0.0052075047321628355, 44: 0.006001998107194661, 45: 0.006855618552172572, 46: 0.011361276650840165, 47: 0.006323430949362529, 48: 0.005117709826104945, 49: 0.006238151499938442, 50: 0.006842680252325889, 51: 0.006045684724276001, 52: 0.006061381045846012, 53: 0.006883706724761642, 54: 0.007174129116113852, 55: 0.008281307187159302, 56: 0.00808373513556107, 57: 0.00772603602995277, 58: 0.007030450217954259, 59: 0.008482855881623817, 60: 0.005617121779447281, 61: 0.007715878293464992, 62: 0.00754389861502984, 63: 0.005341459478848617, 64: 0.007371427904783412, 65: 0.006768149781452362, 66: 0.00998463374801654, 67: 0.006363631835295787, 68: 0.007229507378285995, 69: 0.008938015997547379, 70: 0.008709849328247107, 71: 0.004226650166939862, 72: 0.006896598944011029, 73: 0.00965391286647128, 74: 0.007147900701106446}","[87, 85, 84, 84, 83, 82, 81, 81, 81, 81, 80, 79, 78, 78, 78, 77, 77, 77, 77, 77, 77, 76, 76, 76, 76, 76, 76, 76, 74, 74, 73, 73, 73, 72, 72, 72, 72, 71, 71, 71, 71, 70, 70, 70, 70, 70, 69, 69, 68, 68, 68, 67, 67, 66, 66, 66, 66, 65, 64, 64, 64, 64, 64, 63, 63, 63, 63, 62, 61, 60, 59, 59, 58, 58, 57]","dict_values([39, 44, 36, 43, 38, 46, 36, 34, 46, 46, 50, 48, 39, 43, 46, 40, 44, 41, 45, 44, 37, 43, 35, 40, 43, 47, 51, 42, 43, 45, 43, 46, 44, 49, 34, 33, 44, 46, 39, 37, 37, 39, 41, 42, 38, 48, 49, 40, 30, 43, 31, 43, 40, 43, 37, 45, 38, 39, 49, 43, 34, 30, 39, 44, 38, 45, 43, 36, 35, 36, 41, 48, 41, 50, 44])",0.054541722697207536
49,71.38666666666667,0.4849408426392862,"{0: 0.008088969264146949, 1: 0.006097248985758078, 2: 0.007373043914276113, 3: 0.00630172902399302, 4: 0.005612275901094604, 5: 0.007232567114589689, 6: 0.009822969919500258, 7: 0.004885221091595777, 8: 0.005086635260385194, 9: 0.004481464938697675, 10: 0.008617420739254164, 11: 0.005460278150976198, 12: 0.008378540550847299, 13: 0.007772841915582851, 14: 0.00884635651828095, 15: 0.006882092083335162, 16: 0.0045146059808056395, 17: 0.005261682560377327, 18: 0.005062984851201588, 19: 0.007820820545355054, 20: 0.008333689165232342, 21: 0.008326765152987336, 22: 0.0068666747208634025, 23: 0.006395247844676866, 24: 0.0069870357098239235, 25: 0.006076888451934018, 26: 0.007463067677790035, 27: 0.007878530928670661, 28: 0.007340825756049234, 29: 0.006948545846353771, 30: 0.0060393995070117034, 31: 0.009716541644851178, 32: 0.00626476354221175, 33: 0.006550618877722084, 34: 0.00493235318221228, 35: 0.010637032410515525, 36: 0.00421232439573888, 37: 0.008874737849772442, 38: 0.007279400490739683, 39: 0.007943686559505513, 40: 0.005953079482887774, 41: 0.00849581505423953, 42: 0.009012135644582867, 43: 0.005360489908588859, 44: 0.006022220343841819, 45: 0.007043454839967382, 46: 0.011295687072580638, 47: 0.006559478654885955, 48: 0.00517578459667474, 49: 0.006450659873464567, 50: 0.006845794303499012, 51: 0.006108009770196815, 52: 0.00617607215436545, 53: 0.006750226915635326, 54: 0.007193498538590603, 55: 0.008591473157651781, 56: 0.007977133929469004, 57: 0.007519629265243693, 58: 0.007063841109300304, 59: 0.008521409881043633, 60: 0.005637401383625536, 61: 0.007342518899440487, 62: 0.0076147944800550975, 63: 0.005183197774809482, 64: 0.007473533157791865, 65: 0.006642219561803653, 66: 0.0098254067864465, 67: 0.006498500768715582, 68: 0.007004995862027438, 69: 0.009405098043272463, 70: 0.00902068825064294, 71: 0.004111975836034445, 72: 0.00680690551433363, 73: 0.009467236088305964, 74: 0.007021813308588466}","[87, 85, 84, 83, 83, 82, 82, 81, 81, 80, 79, 79, 78, 78, 78, 77, 77, 76, 76, 76, 76, 76, 76, 76, 76, 76, 76, 75, 74, 74, 73, 73, 73, 72, 72, 71, 71, 71, 71, 71, 70, 70, 70, 70, 70, 69, 69, 69, 69, 68, 68, 68, 67, 66, 66, 66, 65, 65, 65, 65, 65, 64, 64, 64, 64, 63, 63, 62, 61, 60, 60, 60, 59, 59, 56]","dict_values([39, 44, 36, 43, 38, 46, 36, 34, 46, 46, 50, 48, 39, 43, 46, 40, 44, 41, 45, 44, 37, 43, 35, 40, 43, 47, 51, 42, 43, 45, 43, 46, 44, 49, 34, 33, 44, 46, 39, 37, 37, 39, 41, 42, 38, 48, 49, 40, 30, 43, 31, 43, 40, 43, 37, 45, 38, 39, 49, 43, 34, 30, 39, 44, 38, 45, 43, 36, 35, 36, 41, 48, 41, 50, 44])",0.05325111364549406
48,71.30666666666667,0.48412350168633406,"{0: 0.007886008996464309, 1: 0.006411922001292551, 2: 0.007756459672904687, 3: 0.006117013343514404, 4: 0.005588192165447719, 5: 0.00747327491992183, 6: 0.009957568044366216, 7: 0.004951937713880914, 8: 0.0053949495224017326, 9: 0.004198211244742688, 10: 0.008589659237937907, 11: 0.005667325174786907, 12: 0.008109955593979165, 13: 0.007811084368313662, 14: 0.00885775523768624, 15: 0.006316378711823937, 16: 0.004515647274613663, 17: 0.005326155245160183, 18: 0.004648597580500266, 19: 0.007904010816283606, 20: 0.008695893528606684, 21: 0.007987352750066566, 22: 0.007010279566242069, 23: 0.006891825925857222, 24: 0.007329464452453716, 25: 0.006060898333522253, 26: 0.007943583161071351, 27: 0.007856584848723522, 28: 0.007272070675923957, 29: 0.00665868376307566, 30: 0.006649607762306917, 31: 0.009445454776794657, 32: 0.00637011796646883, 33: 0.006586563346791991, 34: 0.005170354685230291, 35: 0.010484990177666543, 36: 0.004200622071476512, 37: 0.00946210003868632, 38: 0.007071100944831701, 39: 0.007535754893779662, 40: 0.005765506234678324, 41: 0.008613340028007324, 42: 0.009041410613334957, 43: 0.0054944533535366226, 44: 0.005765128855272628, 45: 0.006999594918828504, 46: 0.010882451551764967, 47: 0.006555682247051409, 48: 0.005193115002751327, 49: 0.006472500258052733, 50: 0.006955458584166978, 51: 0.006092244289481868, 52: 0.005716138542003153, 53: 0.006680101997829069, 54: 0.007008519560858644, 55: 0.008431647113271512, 56: 0.007950411393745735, 57: 0.007996348951337152, 58: 0.006960728413523781, 59: 0.008573136605843952, 60: 0.005731545460288058, 61: 0.007294127014984464, 62: 0.007448925819541011, 63: 0.004860649844812786, 64: 0.0073875732073741, 65: 0.006865633871773889, 66: 0.009891994993595091, 67: 0.006648600316025308, 68: 0.007220223776158774, 69: 0.009154747345305332, 70: 0.008978484928006921, 71: 0.004249136621367715, 72: 0.006828589607865923, 73: 0.009495314319393225, 74: 0.00702653293030562}","[85, 84, 84, 83, 82, 82, 81, 81, 80, 80, 79, 78, 78, 78, 78, 77, 77, 77, 77, 77, 77, 76, 76, 76, 75, 75, 75, 74, 74, 74, 73, 73, 73, 72, 72, 72, 72, 71, 71, 71, 71, 70, 70, 69, 69, 69, 69, 69, 69, 68, 68, 68, 68, 67, 66, 66, 66, 65, 65, 65, 64, 64, 64, 64, 63, 63, 63, 63, 61, 61, 59, 59, 58, 58, 57]","dict_values([39, 44, 36, 43, 38, 46, 36, 34, 46, 46, 50, 48, 39, 43, 46, 40, 44, 41, 45, 44, 37, 43, 35, 40, 43, 47, 51, 42, 43, 45, 43, 46, 44, 49, 34, 33, 44, 46, 39, 37, 37, 39, 41, 42, 38, 48, 49, 40, 30, 43, 31, 43, 40, 43, 37, 45, 38, 39, 49, 43, 34, 30, 39, 44, 38, 45, 43, 36, 35, 36, 41, 48, 41, 50, 44])",0.05119774397519757
48,71.30666666666667,0.48418710164444967,"{0: 0.008139988024050535, 1: 0.006606625361374819, 2: 0.007640713587027203, 3: 0.00627290027302958, 4: 0.005747458054319251, 5: 0.007573715210188746, 6: 0.009897075974807113, 7: 0.0049486928878294985, 8: 0.005374515514696521, 9: 0.004056046908453804, 10: 0.008145298973112778, 11: 0.0056906985974544706, 12: 0.008096088494809481, 13: 0.007482067912096614, 14: 0.00871848086252438, 15: 0.0062175539088777446, 16: 0.0045213793101917905, 17: 0.005475556335005237, 18: 0.004529453833022141, 19: 0.008143172692497787, 20: 0.008498392519622342, 21: 0.008124941606497522, 22: 0.007092715112958735, 23: 0.0070658170949951405, 24: 0.007065513835536187, 25: 0.005841370834276434, 26: 0.007709946981436337, 27: 0.007641587665975004, 28: 0.0073328496180422136, 29: 0.006611662654180221, 30: 0.006794940411719204, 31: 0.009642494941328546, 32: 0.006491636437748605, 33: 0.00643888988448659, 34: 0.005367782527612638, 35: 0.010193211079064131, 36: 0.003911820849150631, 37: 0.00982680787582503, 38: 0.007242776402442483, 39: 0.007437711862685098, 40: 0.005708131485840834, 41: 0.008833548763010072, 42: 0.008840340976494896, 43: 0.005395258451412885, 44: 0.005960113554956688, 45: 0.006953796459081191, 46: 0.01036982599402527, 47: 0.006489623896779216, 48: 0.005164818523774331, 49: 0.006541796875574293, 50: 0.006957803387128855, 51: 0.0059904934180013015, 52: 0.0057828614903432315, 53: 0.007175200445409568, 54: 0.0069857731392925955, 55: 0.008079445993892409, 56: 0.007782845163994011, 57: 0.008289461452736045, 58: 0.00675669723680282, 59: 0.008557373607524166, 60: 0.005922523633007157, 61: 0.00724275200628991, 62: 0.00796561727279263, 63: 0.005004827045633055, 64: 0.007746843628508708, 65: 0.0066906305644074205, 66: 0.010070082622115308, 67: 0.006630880450923744, 68: 0.007325517761335281, 69: 0.009273160851131093, 70: 0.008772464588554556, 71: 0.003908117714574547, 72: 0.007028295575743538, 73: 0.009856127090924885, 74: 0.006732005074768783}","[84, 84, 83, 83, 82, 82, 81, 81, 81, 80, 79, 79, 79, 78, 78, 78, 78, 77, 76, 76, 76, 76, 75, 75, 75, 75, 74, 74, 74, 74, 73, 73, 73, 73, 73, 72, 71, 71, 71, 71, 70, 70, 70, 70, 70, 69, 69, 69, 69, 68, 68, 68, 68, 68, 67, 66, 65, 65, 65, 65, 65, 65, 64, 64, 64, 64, 63, 63, 62, 62, 59, 57, 57, 57, 55]","dict_values([39, 44, 36, 43, 38, 46, 36, 34, 46, 46, 50, 48, 39, 43, 46, 40, 44, 41, 45, 44, 37, 43, 35, 40, 43, 47, 51, 42, 43, 45, 43, 46, 44, 49, 34, 33, 44, 46, 39, 37, 37, 39, 41, 42, 38, 48, 49, 40, 30, 43, 31, 43, 40, 43, 37, 45, 38, 39, 49, 43, 34, 30, 39, 44, 38, 45, 43, 36, 35, 36, 41, 48, 41, 50, 44])",0.05560386759895704
48,71.25333333333333,0.4833929288761767,"{0: 0.007868859510749927, 1: 0.006988696672095053, 2: 0.007730261081816768, 3: 0.006262142360912934, 4: 0.005654896354703264, 5: 0.007833745592387066, 6: 0.009707457635750066, 7: 0.005091981208385611, 8: 0.0055290707104247525, 9: 0.004167019551646991, 10: 0.008040882430683585, 11: 0.005832623176822342, 12: 0.008084934429459813, 13: 0.007587559709586995, 14: 0.008573782672271196, 15: 0.006197699378150759, 16: 0.004639524234074748, 17: 0.005363901971490338, 18: 0.004208122462894587, 19: 0.00815791374775804, 20: 0.00849361465665683, 21: 0.00800605432137943, 22: 0.0072919159718774496, 23: 0.007039307121768275, 24: 0.006894501916671174, 25: 0.0058449466321293005, 26: 0.007955560723394565, 27: 0.0076765405246930945, 28: 0.007473872989067674, 29: 0.006629064540502206, 30: 0.006478210161744352, 31: 0.009503079730065771, 32: 0.006515909552685582, 33: 0.006436200998353408, 34: 0.005229434505496833, 35: 0.010273847653571143, 36: 0.003968730565246481, 37: 0.009796427576463854, 38: 0.007238003261459259, 39: 0.0072504848169047675, 40: 0.005652610956982553, 41: 0.009023620106476815, 42: 0.009273205482769518, 43: 0.005228874579612514, 44: 0.006239964239711399, 45: 0.0069508490742858225, 46: 0.010790292011486782, 47: 0.006297040404612795, 48: 0.005329265099737782, 49: 0.006969709056171349, 50: 0.007024151324717231, 51: 0.005988284566079089, 52: 0.005729836153083764, 53: 0.007147572290062752, 54: 0.0068416747597871575, 55: 0.008049485442626975, 56: 0.008050143264256966, 57: 0.007983711096534745, 58: 0.007029790032237412, 59: 0.008533466993977053, 60: 0.005902763713988009, 61: 0.007337732416402127, 62: 0.0076675072951387585, 63: 0.005222083963788778, 64: 0.007721465065606608, 65: 0.007090363115971834, 66: 0.009987465594509647, 67: 0.006509300364088255, 68: 0.007439471332827783, 69: 0.008922223160855811, 70: 0.009162153710043908, 71: 0.0037018739594564002, 72: 0.006593128631774926, 73: 0.009006238144922492, 74: 0.00685154183790137}","[85, 84, 83, 82, 82, 81, 81, 81, 80, 79, 79, 78, 78, 78, 77, 77, 77, 77, 77, 77, 76, 76, 75, 75, 75, 74, 74, 74, 74, 74, 74, 73, 73, 73, 73, 73, 72, 72, 71, 71, 71, 70, 70, 70, 70, 69, 69, 69, 68, 68, 68, 68, 68, 67, 67, 66, 65, 65, 65, 65, 65, 65, 65, 64, 64, 64, 64, 63, 61, 61, 60, 58, 57, 56, 54]","dict_values([39, 44, 36, 43, 38, 46, 36, 34, 46, 46, 50, 48, 39, 43, 46, 40, 44, 41, 45, 44, 37, 43, 35, 40, 43, 47, 51, 42, 43, 45, 43, 46, 44, 49, 34, 33, 44, 46, 39, 37, 37, 39, 41, 42, 38, 48, 49, 40, 30, 43, 31, 43, 40, 43, 37, 45, 38, 39, 49, 43, 34, 30, 39, 44, 38, 45, 43, 36, 35, 36, 41, 48, 41, 50, 44])",0.051477368989565786
48,71.22666666666667,0.4830138013062429,"{0: 0.007879686619676569, 1: 0.00697414994997964, 2: 0.007567459406486932, 3: 0.006416200091947013, 4: 0.005212833602831476, 5: 0.007768034956643539, 6: 0.008967657141449845, 7: 0.005083326835263512, 8: 0.00578452893456197, 9: 0.004270040155543928, 10: 0.008191222506855788, 11: 0.006003883034953941, 12: 0.007846055335815531, 13: 0.007635616212026292, 14: 0.008593614084374101, 15: 0.006200296763222654, 16: 0.004498502194958843, 17: 0.005258841448915703, 18: 0.0043158449918167495, 19: 0.00831081878450177, 20: 0.008840434616756399, 21: 0.008243069178162907, 22: 0.007286704880915961, 23: 0.007603639201699168, 24: 0.006711563530917858, 25: 0.005392590180412776, 26: 0.008160900370398483, 27: 0.007904681047283585, 28: 0.007502531575184353, 29: 0.0063151923172716975, 30: 0.006751447798168966, 31: 0.009021505448737461, 32: 0.006231524348987149, 33: 0.006443797362453927, 34: 0.005299701405039942, 35: 0.01063138022460187, 36: 0.004007080113320456, 37: 0.00885525908584089, 38: 0.007323393981605652, 39: 0.00723516423968093, 40: 0.005530707920836093, 41: 0.008542206920928358, 42: 0.009339541455830791, 43: 0.005383063427444049, 44: 0.006638963615706619, 45: 0.006660791249047925, 46: 0.010969748133516696, 47: 0.006495147160417737, 48: 0.005159288706830506, 49: 0.006952839695941191, 50: 0.007026024537890372, 51: 0.005821417316085182, 52: 0.005949152571745256, 53: 0.007353708013416804, 54: 0.007132420989295166, 55: 0.007849539283451633, 56: 0.007998766641285685, 57: 0.00763360653783079, 58: 0.007142849291430705, 59: 0.0082090257378298, 60: 0.00591825235806473, 61: 0.007391111909841428, 62: 0.007672910723210975, 63: 0.005486481554028382, 64: 0.008376029656672387, 65: 0.006828154907912766, 66: 0.010054236845874528, 67: 0.0065086935436651245, 68: 0.0073870501700274505, 69: 0.008617259201071504, 70: 0.009228419112810487, 71: 0.004095744161757373, 72: 0.00660850894908444, 73: 0.009415550686862343, 74: 0.007033372031244745}","[85, 84, 84, 82, 81, 81, 81, 80, 79, 79, 78, 78, 78, 77, 77, 77, 77, 77, 76, 76, 76, 76, 75, 75, 75, 75, 75, 74, 74, 74, 74, 74, 73, 73, 73, 73, 72, 71, 71, 71, 71, 70, 70, 70, 70, 70, 69, 69, 68, 68, 68, 68, 67, 67, 66, 66, 66, 66, 66, 65, 65, 65, 65, 64, 64, 63, 63, 62, 62, 60, 59, 59, 57, 57, 56]","dict_values([39, 44, 36, 43, 38, 46, 36, 34, 46, 46, 50, 48, 39, 43, 46, 40, 44, 41, 45, 44, 37, 43, 35, 40, 43, 47, 51, 42, 43, 45, 43, 46, 44, 49, 34, 33, 44, 46, 39, 37, 37, 39, 41, 42, 38, 48, 49, 40, 30, 43, 31, 43, 40, 43, 37, 45, 38, 39, 49, 43, 34, 30, 39, 44, 38, 45, 43, 36, 35, 36, 41, 48, 41, 50, 44])",0.05186942801623888
48,71.30666666666667,0.483121351683953,"{0: 0.007626324377449644, 1: 0.007145112798632534, 2: 0.007525067806428924, 3: 0.006446560364239048, 4: 0.005290344065331092, 5: 0.007715862101293449, 6: 0.009057503342600642, 7: 0.005282352333341422, 8: 0.005589095101114823, 9: 0.004547982459088214, 10: 0.008056291900024059, 11: 0.006371429695687411, 12: 0.007666010877170532, 13: 0.00760673668452747, 14: 0.008593338810561856, 15: 0.00663101672821969, 16: 0.004502013376704875, 17: 0.005432803137644125, 18: 0.004268491681200052, 19: 0.007988425392141844, 20: 0.008669234686835272, 21: 0.008174866355186858, 22: 0.007174566434937163, 23: 0.0075170684368372235, 24: 0.006993887837478602, 25: 0.0054471258558805085, 26: 0.007820526826951373, 27: 0.007729729276502686, 28: 0.0072745929575422285, 29: 0.00658110334184401, 30: 0.00615196346543626, 31: 0.009262606233535397, 32: 0.006463806918397796, 33: 0.006345352596497891, 34: 0.005476441828928013, 35: 0.009798630665741544, 36: 0.00422499731634623, 37: 0.008697466912391002, 38: 0.0076266640119816275, 39: 0.007364578394401587, 40: 0.005636757721794499, 41: 0.008299309180313488, 42: 0.009117345030147671, 43: 0.005292785634315332, 44: 0.0067828251945752285, 45: 0.006448918209571371, 46: 0.01165366810155439, 47: 0.006687875579160564, 48: 0.005482593849579111, 49: 0.007091170082782668, 50: 0.007257202357851517, 51: 0.00556603164299096, 52: 0.005860984290003895, 53: 0.007581617775106264, 54: 0.007180153858144262, 55: 0.00812873606821842, 56: 0.007702089074344601, 57: 0.007616896111884721, 58: 0.006659986256067001, 59: 0.008167978871100103, 60: 0.005351229973574188, 61: 0.007198614334417827, 62: 0.0073065612401104815, 63: 0.005671142957835318, 64: 0.00859052290280523, 65: 0.0070202525024190155, 66: 0.0097787839400284, 67: 0.006430755519582208, 68: 0.00741635168182436, 69: 0.008750254637554356, 70: 0.009213725560189385, 71: 0.00432022344094527, 72: 0.006586555313549857, 73: 0.009542065107580013, 74: 0.0068654717187609385}","[87, 83, 82, 82, 81, 81, 81, 80, 80, 78, 78, 78, 78, 77, 77, 77, 76, 76, 76, 75, 75, 75, 75, 75, 75, 75, 74, 74, 74, 74, 74, 74, 74, 73, 73, 72, 72, 72, 71, 71, 71, 71, 71, 71, 70, 70, 69, 69, 69, 69, 68, 68, 67, 67, 67, 66, 66, 66, 66, 65, 65, 64, 64, 64, 64, 64, 63, 63, 62, 62, 61, 59, 58, 57, 57]","dict_values([39, 44, 36, 43, 38, 46, 36, 34, 46, 46, 50, 48, 39, 43, 46, 40, 44, 41, 45, 44, 37, 43, 35, 40, 43, 47, 51, 42, 43, 45, 43, 46, 44, 49, 34, 33, 44, 46, 39, 37, 37, 39, 41, 42, 38, 48, 49, 40, 30, 43, 31, 43, 40, 43, 37, 45, 38, 39, 49, 43, 34, 30, 39, 44, 38, 45, 43, 36, 35, 36, 41, 48, 41, 50, 44])",0.048873637884747384
48,71.25333333333333,0.4834191071785051,"{0: 0.007820397389528623, 1: 0.0071023649426518775, 2: 0.007326848894386885, 3: 0.006500449856365308, 4: 0.005205613621579363, 5: 0.007746861180445026, 6: 0.00901486964843985, 7: 0.005239600927247638, 8: 0.005285465356763601, 9: 0.004342587749148654, 10: 0.007959712489362584, 11: 0.006436611760628894, 12: 0.007689494973244606, 13: 0.007596233867886334, 14: 0.008535570115911963, 15: 0.00654686251768934, 16: 0.00449117026608077, 17: 0.005481417458655864, 18: 0.00434709687584093, 19: 0.007574612535998126, 20: 0.008462771472030155, 21: 0.007770600875244933, 22: 0.007424206487205335, 23: 0.007747625999600859, 24: 0.0069376478048359, 25: 0.0057142381246726055, 26: 0.007991826383813912, 27: 0.008258087284141236, 28: 0.00699796911273786, 29: 0.006642359104934118, 30: 0.006172832248017517, 31: 0.009474097334045944, 32: 0.006221076745483394, 33: 0.006367962832522947, 34: 0.005335708016831407, 35: 0.01002544459192434, 36: 0.004273621292276231, 37: 0.008871700029184207, 38: 0.007504361595755559, 39: 0.007425460768019179, 40: 0.005833058529311366, 41: 0.008441418309575857, 42: 0.009294209557372141, 43: 0.0051449821232984905, 44: 0.007271578255287969, 45: 0.006127657785281463, 46: 0.011990306392920626, 47: 0.006478907627444829, 48: 0.00537539868082936, 49: 0.007087394626319536, 50: 0.00713412233953034, 51: 0.005317241717473758, 52: 0.0060428204815919945, 53: 0.0074696126048488035, 54: 0.007360463638571456, 55: 0.00798851831492796, 56: 0.007954151892913723, 57: 0.007073633355253957, 58: 0.006720838483755079, 59: 0.008550663466243284, 60: 0.0054900154477938315, 61: 0.007058595172498112, 62: 0.007805533662366473, 63: 0.0060397536428407495, 64: 0.008722403900182762, 65: 0.0074630784302288965, 66: 0.00937568738284397, 67: 0.00607097853334536, 68: 0.007437009800636612, 69: 0.008596154642345597, 70: 0.008929308420002233, 71: 0.003917993317175436, 72: 0.006945247591829836, 73: 0.009628817970764914, 74: 0.00676464572594281}","[88, 83, 82, 82, 81, 81, 81, 80, 79, 79, 78, 78, 78, 78, 77, 77, 77, 77, 76, 76, 75, 75, 75, 75, 74, 74, 74, 74, 74, 74, 74, 74, 74, 73, 73, 73, 72, 72, 72, 72, 71, 70, 70, 70, 70, 69, 69, 69, 69, 69, 68, 68, 68, 67, 67, 67, 66, 65, 65, 65, 64, 64, 64, 64, 64, 63, 63, 62, 62, 62, 60, 59, 58, 57, 55]","dict_values([39, 44, 36, 43, 38, 46, 36, 34, 46, 46, 50, 48, 39, 43, 46, 40, 44, 41, 45, 44, 37, 43, 35, 40, 43, 47, 51, 42, 43, 45, 43, 46, 44, 49, 34, 33, 44, 46, 39, 37, 37, 39, 41, 42, 38, 48, 49, 40, 30, 43, 31, 43, 40, 43, 37, 45, 38, 39, 49, 43, 34, 30, 39, 44, 38, 45, 43, 36, 35, 36, 41, 48, 41, 50, 44])",0.05392723161461507
48,71.36,0.48423751075747673,"{0: 0.007749255317577985, 1: 0.0070978725339426, 2: 0.007644544541158974, 3: 0.006788650657995064, 4: 0.005040851830453286, 5: 0.007510237580287787, 6: 0.008994928902442792, 7: 0.005098462095375339, 8: 0.005208882300795412, 9: 0.0044841824467913415, 10: 0.00785380142121679, 11: 0.0065642708223339905, 12: 0.007961434397349726, 13: 0.008153404684468468, 14: 0.008517102136654908, 15: 0.0061919494661866045, 16: 0.004760081429710468, 17: 0.005690253982323011, 18: 0.004209912981446821, 19: 0.007490187229527874, 20: 0.0080849964287385, 21: 0.007432467255336077, 22: 0.007631794824019343, 23: 0.007953997556962704, 24: 0.006894008238771851, 25: 0.006006276959417605, 26: 0.007855091412909156, 27: 0.00816674980376062, 28: 0.007219011275688535, 29: 0.0061913571227060135, 30: 0.006089786064222142, 31: 0.009457453342374512, 32: 0.0064658925153814875, 33: 0.006228955291769418, 34: 0.005551706613488825, 35: 0.009964470177128319, 36: 0.004135437854414796, 37: 0.008509538551848984, 38: 0.007070861999817297, 39: 0.007404105867421604, 40: 0.005325334434792096, 41: 0.008230097813903351, 42: 0.009834034713842255, 43: 0.005352106157800831, 44: 0.007369586886172668, 45: 0.006424382418116328, 46: 0.01208962562683511, 47: 0.006317816804347284, 48: 0.005437432399474514, 49: 0.006969477278013542, 50: 0.007173076221517907, 51: 0.005065132181100643, 52: 0.006378571038260391, 53: 0.007104771454290589, 54: 0.007345264294326143, 55: 0.007901653780208207, 56: 0.008394515225918721, 57: 0.007288512526096283, 58: 0.0068784376341315704, 59: 0.00845652271907588, 60: 0.005233668602623096, 61: 0.006945214864681245, 62: 0.007842699731405967, 63: 0.006235444982986858, 64: 0.008475229895607724, 65: 0.007173678750103459, 66: 0.009694828188973607, 67: 0.005749078360446651, 68: 0.007701990136924488, 69: 0.00844215993883885, 70: 0.008616936289629337, 71: 0.0040505880718039846, 72: 0.006843882016613174, 73: 0.00945732573780269, 74: 0.0069018727699098215}","[89, 83, 83, 82, 82, 81, 80, 80, 78, 78, 78, 78, 78, 78, 78, 77, 77, 77, 77, 76, 76, 76, 75, 75, 75, 75, 75, 75, 74, 74, 74, 74, 74, 73, 73, 73, 73, 72, 71, 71, 71, 70, 70, 70, 70, 70, 69, 69, 69, 69, 68, 68, 68, 67, 67, 66, 66, 65, 65, 65, 65, 64, 64, 64, 63, 63, 63, 62, 62, 61, 61, 61, 57, 56, 56]","dict_values([39, 44, 36, 43, 38, 46, 36, 34, 46, 46, 50, 48, 39, 43, 46, 40, 44, 41, 45, 44, 37, 43, 35, 40, 43, 47, 51, 42, 43, 45, 43, 46, 44, 49, 34, 33, 44, 46, 39, 37, 37, 39, 41, 42, 38, 48, 49, 40, 30, 43, 31, 43, 40, 43, 37, 45, 38, 39, 49, 43, 34, 30, 39, 44, 38, 45, 43, 36, 35, 36, 41, 48, 41, 50, 44])",0.051890691995057685
48,71.28,0.4838001167002032,"{0: 0.008108293305696379, 1: 0.007257882136935145, 2: 0.007382104543481179, 3: 0.006778307868659706, 4: 0.005011975418937822, 5: 0.007538100019067509, 6: 0.009058842835104485, 7: 0.0051920250421565945, 8: 0.0051972283514123176, 9: 0.004620334765373732, 10: 0.007870610691972632, 11: 0.006611097863133272, 12: 0.008017446027625115, 13: 0.008153724811624494, 14: 0.008720499303829794, 15: 0.0062081702994023335, 16: 0.004580935588507606, 17: 0.005616381894391422, 18: 0.004222876503829599, 19: 0.007137668273401619, 20: 0.007804091754511234, 21: 0.00777896545137845, 22: 0.007428899393420784, 23: 0.00802624217106207, 24: 0.007054319411254358, 25: 0.005911882488876842, 26: 0.008030481348944156, 27: 0.008262179138590224, 28: 0.007106665301365159, 29: 0.006215149659124849, 30: 0.0059453561949980895, 31: 0.009325569338218846, 32: 0.006350461545056478, 33: 0.0063228676597050434, 34: 0.0055507230572990895, 35: 0.009491309692367632, 36: 0.003915536464319458, 37: 0.008486749174210904, 38: 0.007118267161874039, 39: 0.00744514256395684, 40: 0.0055043654009826, 41: 0.008271336717099944, 42: 0.010062107542110172, 43: 0.005514206289358891, 44: 0.007134566695358792, 45: 0.006465303654682823, 46: 0.012095086109320485, 47: 0.005854826173680436, 48: 0.0055131600902549194, 49: 0.0070564932480581275, 50: 0.0070873225719723125, 51: 0.004988148546738356, 52: 0.0063822364880464525, 53: 0.00701337289679458, 54: 0.007320276341579097, 55: 0.007915170983282057, 56: 0.008340849735684388, 57: 0.007543499121337235, 58: 0.0069818418812243295, 59: 0.008394631784109489, 60: 0.005365305866807071, 61: 0.006564824694424252, 62: 0.008402816274215828, 63: 0.006342203426935876, 64: 0.008490247861448355, 65: 0.006964323679005033, 66: 0.009784119626658093, 67: 0.005634194611521784, 68: 0.007724706593110748, 69: 0.008867863342111598, 70: 0.008608531177798123, 71: 0.00392322511307134, 72: 0.007224489602741159, 73: 0.009482982721991797, 74: 0.006906524352616845}","[89, 84, 84, 82, 82, 80, 80, 80, 80, 79, 79, 78, 78, 78, 77, 77, 77, 77, 76, 76, 76, 75, 75, 75, 75, 75, 75, 75, 74, 74, 74, 74, 73, 73, 73, 73, 73, 72, 71, 71, 71, 70, 70, 70, 69, 69, 69, 69, 68, 68, 68, 68, 68, 67, 67, 66, 66, 65, 65, 65, 64, 64, 64, 64, 63, 63, 63, 63, 62, 62, 60, 60, 56, 56, 55]","dict_values([39, 44, 36, 43, 38, 46, 36, 34, 46, 46, 50, 48, 39, 43, 46, 40, 44, 41, 45, 44, 37, 43, 35, 40, 43, 47, 51, 42, 43, 45, 43, 46, 44, 49, 34, 33, 44, 46, 39, 37, 37, 39, 41, 42, 38, 48, 49, 40, 30, 43, 31, 43, 40, 43, 37, 45, 38, 39, 49, 43, 34, 30, 39, 44, 38, 45, 43, 36, 35, 36, 41, 48, 41, 50, 44])",0.05075781718754662
48,71.28,0.4835640073695885,"{0: 0.008008923768062415, 1: 0.00732560522839226, 2: 0.007095978173061628, 3: 0.006468346342350083, 4: 0.005245290514634986, 5: 0.007313640092380512, 6: 0.009040879179113755, 7: 0.00486120345040036, 8: 0.0048966297099493055, 9: 0.004740108573090482, 10: 0.007907474283977865, 11: 0.006546201623745222, 12: 0.008404279186242512, 13: 0.009105047842003276, 14: 0.008814816518772495, 15: 0.006194179669876548, 16: 0.004838657542015391, 17: 0.0056217142128680035, 18: 0.004287450613399124, 19: 0.0070790113432239715, 20: 0.007631988941126479, 21: 0.007941372530467793, 22: 0.007526767704324139, 23: 0.008364694151998902, 24: 0.007153981198678695, 25: 0.006087227848490251, 26: 0.00785588396169493, 27: 0.008964848407899174, 28: 0.0067392086637819175, 29: 0.006202740974350648, 30: 0.005946862600811154, 31: 0.009335978731141137, 32: 0.006426379777951757, 33: 0.006243117696646189, 34: 0.005347832635920138, 35: 0.009465543242274688, 36: 0.0040586032709931975, 37: 0.008117465092928863, 38: 0.007437845295903868, 39: 0.007393005023801449, 40: 0.0057371876640081405, 41: 0.007840943954694157, 42: 0.009878373746261522, 43: 0.0056492001037225575, 44: 0.006773546859569043, 45: 0.0064372914352932254, 46: 0.01213886119153718, 47: 0.005417111593118972, 48: 0.0052671776554592525, 49: 0.007362495686304844, 50: 0.0074546141632780985, 51: 0.0049730273239749, 52: 0.005906519953930266, 53: 0.007011202262651218, 54: 0.0072031914616441615, 55: 0.007829050447825534, 56: 0.008380979351023162, 57: 0.008116596899877872, 58: 0.006706438299942501, 59: 0.00824684584595317, 60: 0.0053791626551009785, 61: 0.0067072324063024045, 62: 0.008656132327102373, 63: 0.006567392128316445, 64: 0.009000900939664623, 65: 0.00695975980668106, 66: 0.009864232368410126, 67: 0.005474870007946454, 68: 0.007700330628648002, 69: 0.008263095784251698, 70: 0.00827935651141797, 71: 0.0039616393781140465, 72: 0.007140465760048495, 73: 0.009543627679660204, 74: 0.006714885830730438}","[89, 84, 83, 83, 81, 80, 80, 80, 80, 79, 79, 79, 78, 77, 77, 77, 77, 77, 76, 76, 76, 76, 76, 75, 75, 75, 74, 74, 74, 74, 74, 74, 73, 73, 73, 73, 73, 73, 72, 72, 71, 71, 70, 70, 69, 69, 69, 69, 69, 68, 68, 68, 67, 67, 67, 66, 66, 65, 65, 64, 64, 64, 63, 63, 63, 62, 62, 62, 62, 61, 61, 60, 57, 57, 56]","dict_values([39, 44, 36, 43, 38, 46, 36, 34, 46, 46, 50, 48, 39, 43, 46, 40, 44, 41, 45, 44, 37, 43, 35, 40, 43, 47, 51, 42, 43, 45, 43, 46, 44, 49, 34, 33, 44, 46, 39, 37, 37, 39, 41, 42, 38, 48, 49, 40, 30, 43, 31, 43, 40, 43, 37, 45, 38, 39, 49, 43, 34, 30, 39, 44, 38, 45, 43, 36, 35, 36, 41, 48, 41, 50, 44])",0.053322433294998486
47,71.38666666666667,0.48430557251895984,"{0: 0.007852323745933358, 1: 0.00705715711729326, 2: 0.007489323648478566, 3: 0.006232659063026505, 4: 0.005200394994009866, 5: 0.007407047682746499, 6: 0.008960344412799527, 7: 0.00531896379585554, 8: 0.005133146638045324, 9: 0.0047671271652503, 10: 0.008058833853135772, 11: 0.00664820710303942, 12: 0.00841661037833514, 13: 0.009133398409283745, 14: 0.008468611842711008, 15: 0.006601790754630055, 16: 0.004890490212405904, 17: 0.0055000760192734565, 18: 0.00428709682479444, 19: 0.006849435971311904, 20: 0.0075568823456123365, 21: 0.007717675301932323, 22: 0.007375525557328947, 23: 0.008309252271842496, 24: 0.007089139867040791, 25: 0.005821582221560801, 26: 0.007701330646837485, 27: 0.009151194138420889, 28: 0.006976216193924736, 29: 0.00629921164719094, 30: 0.005725277164482109, 31: 0.009081236658536267, 32: 0.0067411423703944515, 33: 0.006332581558367303, 34: 0.005504117198868608, 35: 0.009780783386056972, 36: 0.004405779765857197, 37: 0.008312550301383536, 38: 0.007329036598395381, 39: 0.007345724766229056, 40: 0.005896430966588353, 41: 0.007794305189367213, 42: 0.010003749232402048, 43: 0.0057136705600319025, 44: 0.0067830621526585935, 45: 0.006110605301272543, 46: 0.011751651612502705, 47: 0.005356950787965003, 48: 0.004902335104112011, 49: 0.007267377681439663, 50: 0.007411634610549174, 51: 0.004850087317657183, 52: 0.005794490373960348, 53: 0.00670000219308499, 54: 0.006941979660671103, 55: 0.007782967765325127, 56: 0.008692651986036382, 57: 0.008086784901984272, 58: 0.006562096109332196, 59: 0.008437261986873612, 60: 0.005648234639336123, 61: 0.006891662987248484, 62: 0.008419385923852035, 63: 0.006806261673845534, 64: 0.008848825168365562, 65: 0.006970439188106037, 66: 0.010104410329679613, 67: 0.005277638258250258, 68: 0.007091476029691008, 69: 0.008362451255858801, 70: 0.008198924773575584, 71: 0.00399912487414757, 72: 0.006988725709937278, 73: 0.009819716061583541, 74: 0.00674340727740546}","[88, 85, 85, 84, 81, 80, 80, 80, 80, 79, 79, 78, 78, 78, 77, 77, 77, 77, 77, 76, 76, 76, 76, 75, 75, 75, 74, 74, 74, 74, 74, 73, 73, 73, 73, 73, 73, 72, 72, 72, 71, 71, 71, 70, 70, 70, 70, 70, 69, 68, 68, 68, 67, 67, 67, 66, 66, 65, 65, 65, 64, 64, 63, 63, 63, 63, 62, 62, 61, 61, 61, 59, 58, 57, 56]","dict_values([39, 44, 36, 43, 38, 46, 36, 34, 46, 46, 50, 48, 39, 43, 46, 40, 44, 41, 45, 44, 37, 43, 35, 40, 43, 47, 51, 42, 43, 45, 43, 46, 44, 49, 34, 33, 44, 46, 39, 37, 37, 39, 41, 42, 38, 48, 49, 40, 30, 43, 31, 43, 40, 43, 37, 45, 38, 39, 49, 43, 34, 30, 39, 44, 38, 45, 43, 36, 35, 36, 41, 48, 41, 50, 44])",0.05368983199068866
47,71.6,0.48550822168545626,"{0: 0.007869356032422514, 1: 0.00719810509427279, 2: 0.007543890906533441, 3: 0.006206922751582294, 4: 0.0053670247836737845, 5: 0.00736327915682598, 6: 0.009141532072414084, 7: 0.005234106909778149, 8: 0.005222847820711967, 9: 0.004874032995579473, 10: 0.007904738400929718, 11: 0.006590087643734039, 12: 0.008228844953979787, 13: 0.008894638994263774, 14: 0.00844157084617625, 15: 0.006337705862193083, 16: 0.004784427118605542, 17: 0.00543729503877054, 18: 0.004260801361647699, 19: 0.006848456555250994, 20: 0.00774749341898309, 21: 0.007736833822308025, 22: 0.007442886977542707, 23: 0.008149064976674648, 24: 0.0066604152287404565, 25: 0.0057844691333389184, 26: 0.008437000657917375, 27: 0.008940828253056901, 28: 0.0068680230622624, 29: 0.006240071454777601, 30: 0.005732548590646089, 31: 0.008882206694779213, 32: 0.00649075094733195, 33: 0.00628297144535513, 34: 0.005563667562242657, 35: 0.00951297193177962, 36: 0.004609915982560378, 37: 0.007956998654321262, 38: 0.007163954367060847, 39: 0.008102532320781364, 40: 0.005885331291249404, 41: 0.007664149261576855, 42: 0.009869033381798236, 43: 0.005672108186557255, 44: 0.00646563923361161, 45: 0.006113388283030381, 46: 0.011673855576579323, 47: 0.005476435612278007, 48: 0.004856806102554084, 49: 0.00734124239137615, 50: 0.007368273223923608, 51: 0.004911175231093215, 52: 0.0059046812243156235, 53: 0.00656216185090951, 54: 0.0071680212964141555, 55: 0.007705368619019474, 56: 0.008615919246751117, 57: 0.007943580432183146, 58: 0.0066271615826271335, 59: 0.008583209569262883, 60: 0.005766589837635339, 61: 0.007109949836424186, 62: 0.00838105924483975, 63: 0.006759229107941314, 64: 0.008734798204372634, 65: 0.00691999558556519, 66: 0.010089935494649614, 67: 0.005190708287720074, 68: 0.0072511890443325054, 69: 0.008259786297099125, 70: 0.008240150049053842, 71: 0.004413827725937983, 72: 0.006905196504538469, 73: 0.009445841587131954, 74: 0.006428057063377523}","[88, 85, 84, 84, 81, 81, 80, 80, 80, 79, 79, 78, 78, 78, 78, 77, 77, 77, 77, 77, 77, 77, 76, 75, 75, 75, 75, 75, 74, 74, 74, 74, 74, 73, 73, 73, 73, 73, 72, 71, 71, 71, 70, 70, 70, 69, 69, 69, 69, 68, 68, 67, 67, 67, 67, 67, 66, 66, 66, 65, 65, 64, 64, 64, 63, 63, 63, 62, 62, 61, 61, 60, 59, 59, 57]","dict_values([39, 44, 36, 43, 38, 46, 36, 34, 46, 46, 50, 48, 39, 43, 46, 40, 44, 41, 45, 44, 37, 43, 35, 40, 43, 47, 51, 42, 43, 45, 43, 46, 44, 49, 34, 33, 44, 46, 39, 37, 37, 39, 41, 42, 38, 48, 49, 40, 30, 43, 31, 43, 40, 43, 37, 45, 38, 39, 49, 43, 34, 30, 39, 44, 38, 45, 43, 36, 35, 36, 41, 48, 41, 50, 44])",0.053713263214839324
48,71.52,0.48503879869317257,"{0: 0.008168855877742418, 1: 0.007419420521695607, 2: 0.00750327872737491, 3: 0.006302208379476815, 4: 0.005352538328475372, 5: 0.007370706115626215, 6: 0.00937129342125907, 7: 0.005484976308764974, 8: 0.005188897600140702, 9: 0.0048400819157556, 10: 0.008003616092253675, 11: 0.006737882299811151, 12: 0.007951455797009484, 13: 0.009112040856130826, 14: 0.008592262548146512, 15: 0.006082316512408343, 16: 0.004784895428376392, 17: 0.005264572940785608, 18: 0.004203938165413136, 19: 0.007052092846796071, 20: 0.007718617272565142, 21: 0.00804433293024301, 22: 0.007281046133029102, 23: 0.008192934206442808, 24: 0.006604274026620769, 25: 0.005802311644323124, 26: 0.008343269348883919, 27: 0.009015291158092407, 28: 0.006724810302611662, 29: 0.0062245292768108645, 30: 0.0057098373252341145, 31: 0.009068777881412323, 32: 0.006354211818636252, 33: 0.006485783958657449, 34: 0.005400941186042427, 35: 0.008945401394149977, 36: 0.004581455967729383, 37: 0.0077459664709308654, 38: 0.006716085897291673, 39: 0.008145043580152335, 40: 0.005725428755474732, 41: 0.007750442241543693, 42: 0.009912785662366114, 43: 0.005752571526060302, 44: 0.007001071296787307, 45: 0.006216183186686601, 46: 0.0114684207980714, 47: 0.005503581195389855, 48: 0.004825928158409183, 49: 0.0069969816516398395, 50: 0.007505528351836878, 51: 0.004925286437883571, 52: 0.006063503030773866, 53: 0.0065552105971056355, 54: 0.007396169547352984, 55: 0.007476287167748758, 56: 0.0083870301071622, 57: 0.008252667688266964, 58: 0.006615973345849581, 59: 0.008645722767887146, 60: 0.0055297712104544075, 61: 0.007375877509741047, 62: 0.007836214728011614, 63: 0.006751868992348423, 64: 0.008842073058576943, 65: 0.006907780319205431, 66: 0.009989186979334526, 67: 0.005273222858323483, 68: 0.007482296382171489, 69: 0.008529979541931245, 70: 0.008272105849621294, 71: 0.004349329453254729, 72: 0.006999721522949353, 73: 0.009496912512609588, 74: 0.006409109223822937}","[87, 85, 84, 84, 82, 81, 80, 79, 79, 79, 79, 79, 78, 78, 78, 78, 77, 77, 77, 77, 77, 76, 76, 76, 75, 75, 75, 75, 74, 74, 74, 73, 73, 73, 73, 73, 73, 73, 73, 72, 71, 71, 71, 70, 69, 69, 69, 69, 68, 68, 68, 67, 67, 67, 67, 67, 66, 66, 66, 65, 65, 64, 63, 63, 63, 62, 62, 62, 62, 61, 61, 60, 59, 59, 56]","dict_values([39, 44, 36, 43, 38, 46, 36, 34, 46, 46, 50, 48, 39, 43, 46, 40, 44, 41, 45, 44, 37, 43, 35, 40, 43, 47, 51, 42, 43, 45, 43, 46, 44, 49, 34, 33, 44, 46, 39, 37, 37, 39, 41, 42, 38, 48, 49, 40, 30, 43, 31, 43, 40, 43, 37, 45, 38, 39, 49, 43, 34, 30, 39, 44, 38, 45, 43, 36, 35, 36, 41, 48, 41, 50, 44])",0.05668246508749185
48,71.65333333333334,0.4853212558653497,"{0: 0.00782802870304317, 1: 0.0074338100901207085, 2: 0.0077666261515918055, 3: 0.006133490635837742, 4: 0.005127931284827707, 5: 0.007060487311129209, 6: 0.009644747952086936, 7: 0.005392956631064372, 8: 0.005440891981410568, 9: 0.004959231066983854, 10: 0.00815975290903593, 11: 0.006447358651427846, 12: 0.007901559899405232, 13: 0.008938509147310814, 14: 0.00840410297870726, 15: 0.006499617105287826, 16: 0.004852769544979237, 17: 0.005583094418631337, 18: 0.004006720710035484, 19: 0.00763695791675432, 20: 0.007655965377136177, 21: 0.0078068753694298795, 22: 0.007602749138743568, 23: 0.008065388968747098, 24: 0.006571001277613291, 25: 0.005976663728427052, 26: 0.008043143306621996, 27: 0.008983014463569913, 28: 0.0064171354207049084, 29: 0.005883753673597735, 30: 0.005966493282252641, 31: 0.009097950529664719, 32: 0.006223013150501797, 33: 0.006380760176458923, 34: 0.0054591619352705465, 35: 0.00877370981290878, 36: 0.004768573262368741, 37: 0.00743501002166342, 38: 0.006481805124460159, 39: 0.007691226098404235, 40: 0.006122352870657395, 41: 0.007780868936450145, 42: 0.010175101528007035, 43: 0.005499075689638487, 44: 0.007135150503285926, 45: 0.006366890559762793, 46: 0.011184069504406624, 47: 0.005603257024468004, 48: 0.004733676021537616, 49: 0.007176902014114206, 50: 0.007315830129288402, 51: 0.005020268607978096, 52: 0.006331439314774094, 53: 0.0064944267856925746, 54: 0.007484584181261765, 55: 0.0074195666515806296, 56: 0.00823154146442586, 57: 0.007667641109780094, 58: 0.006590611841172401, 59: 0.008764229389646248, 60: 0.005514815127731453, 61: 0.007345135323381901, 62: 0.007782796222891483, 63: 0.0070526566906011215, 64: 0.008751023286220998, 65: 0.006640501421339679, 66: 0.009601696329432112, 67: 0.005709950581919403, 68: 0.007842443982492965, 69: 0.00797904461417658, 70: 0.008304460899973278, 71: 0.004474751724386651, 72: 0.007050455461286648, 73: 0.009468411881813287, 74: 0.006871226118798751}","[86, 85, 84, 84, 84, 80, 80, 79, 79, 79, 79, 78, 78, 78, 77, 77, 77, 77, 77, 76, 76, 76, 76, 76, 75, 75, 75, 75, 75, 75, 74, 74, 74, 74, 74, 73, 73, 73, 72, 72, 71, 70, 70, 70, 69, 69, 69, 69, 69, 69, 68, 68, 68, 68, 67, 66, 66, 66, 65, 65, 65, 64, 64, 64, 64, 63, 63, 63, 63, 61, 61, 61, 60, 60, 55]","dict_values([39, 44, 36, 43, 38, 46, 36, 34, 46, 46, 50, 48, 39, 43, 46, 40, 44, 41, 45, 44, 37, 43, 35, 40, 43, 47, 51, 42, 43, 45, 43, 46, 44, 49, 34, 33, 44, 46, 39, 37, 37, 39, 41, 42, 38, 48, 49, 40, 30, 43, 31, 43, 40, 43, 37, 45, 38, 39, 49, 43, 34, 30, 39, 44, 38, 45, 43, 36, 35, 36, 41, 48, 41, 50, 44])",0.053498429148380024
47,71.62666666666667,0.48505144864109706,"{0: 0.007543718748448695, 1: 0.007665349681717721, 2: 0.007700730121958314, 3: 0.005966775260326125, 4: 0.005293473744524391, 5: 0.007040803924988131, 6: 0.009702165760030905, 7: 0.0052104057303104506, 8: 0.005381710325552469, 9: 0.00499470073676145, 10: 0.008036099953941339, 11: 0.006447355314473316, 12: 0.007887624503176944, 13: 0.008698552530074094, 14: 0.008380764921877844, 15: 0.006294590127068076, 16: 0.00510413612084247, 17: 0.005261289915983831, 18: 0.0042660413032512955, 19: 0.008033310690414125, 20: 0.007528472477119647, 21: 0.007613804191851311, 22: 0.007823730515877283, 23: 0.008075788865232995, 24: 0.006828685532917122, 25: 0.0062322135047129515, 26: 0.007764874418186482, 27: 0.00865328541148119, 28: 0.006665925998209976, 29: 0.006154272060079583, 30: 0.005847367773506887, 31: 0.009061829852708541, 32: 0.006341564757494926, 33: 0.0062514764438266115, 34: 0.0057248766405082465, 35: 0.008316461140088896, 36: 0.004752877104066203, 37: 0.007362013769296651, 38: 0.0065092491129597006, 39: 0.007658018584373853, 40: 0.00627835007946681, 41: 0.007777182925255327, 42: 0.009856411760912807, 43: 0.00575389573970455, 44: 0.0068550921925445586, 45: 0.0062848880802879835, 46: 0.01079410233021118, 47: 0.0055208747452319224, 48: 0.004878188035313082, 49: 0.007218843985234514, 50: 0.007068914185895583, 51: 0.005395750689646399, 52: 0.006248408072633041, 53: 0.006700784769147898, 54: 0.007435673283723667, 55: 0.007392633149646481, 56: 0.0078738401482196, 57: 0.007696459866095124, 58: 0.006888656079435024, 59: 0.008855955208975136, 60: 0.00562485390176705, 61: 0.007594560822495805, 62: 0.0077352421969148575, 63: 0.007245136899754417, 64: 0.009124296798580964, 65: 0.006443589667116808, 66: 0.009897010401161112, 67: 0.005803688503828263, 68: 0.007710950184334298, 69: 0.008042901951109523, 70: 0.008568216625603444, 71: 0.004531784048157929, 72: 0.007057242267466074, 73: 0.009204115337048019, 74: 0.006739127122924126}","[85, 85, 84, 84, 83, 81, 81, 80, 79, 79, 79, 77, 77, 77, 76, 76, 76, 76, 76, 76, 76, 76, 75, 75, 75, 75, 75, 75, 75, 75, 75, 75, 74, 74, 74, 74, 73, 73, 72, 72, 70, 70, 70, 70, 70, 70, 69, 69, 68, 68, 68, 68, 68, 68, 67, 67, 67, 67, 65, 65, 65, 64, 64, 64, 64, 64, 63, 62, 62, 62, 62, 61, 60, 60, 56]","dict_values([39, 44, 36, 43, 38, 46, 36, 34, 46, 46, 50, 48, 39, 43, 46, 40, 44, 41, 45, 44, 37, 43, 35, 40, 43, 47, 51, 42, 43, 45, 43, 46, 44, 49, 34, 33, 44, 46, 39, 37, 37, 39, 41, 42, 38, 48, 49, 40, 30, 43, 31, 43, 40, 43, 37, 45, 38, 39, 49, 43, 34, 30, 39, 44, 38, 45, 43, 36, 35, 36, 41, 48, 41, 50, 44])",0.05439736334508545
47,71.36,0.4842584012939207,"{0: 0.00722400260140047, 1: 0.007599618635342183, 2: 0.007601509474492, 3: 0.0060318667149070315, 4: 0.005606178067974094, 5: 0.006576672100600222, 6: 0.00928653921254288, 7: 0.0054348606566256355, 8: 0.005241863394539118, 9: 0.004755282101523838, 10: 0.0073403725377522286, 11: 0.006464248163238738, 12: 0.008048617251175597, 13: 0.008533735824415703, 14: 0.00843959479727833, 15: 0.006337831361355091, 16: 0.005103876924612895, 17: 0.005272583621150228, 18: 0.004423771234387511, 19: 0.008343966131765725, 20: 0.007395435076193953, 21: 0.007918248537201392, 22: 0.007870035452628064, 23: 0.008376408864401077, 24: 0.006864849246214831, 25: 0.006420993498808691, 26: 0.008105073364208501, 27: 0.008744416927148127, 28: 0.00663457156740836, 29: 0.006020700816335053, 30: 0.005566956358727798, 31: 0.009080069671757488, 32: 0.006241523112589173, 33: 0.00634734792168032, 34: 0.005755450900868776, 35: 0.008708043496021752, 36: 0.00479482092496375, 37: 0.007158337111889569, 38: 0.006857513101029916, 39: 0.00757185762680827, 40: 0.006303196339563857, 41: 0.007668793277384669, 42: 0.010405175263312796, 43: 0.0056757638284247285, 44: 0.006585200487479712, 45: 0.006199579472125867, 46: 0.010872140192318035, 47: 0.0052607175155046934, 48: 0.005216569908703208, 49: 0.006842082631581415, 50: 0.007555590970030772, 51: 0.004964544441821446, 52: 0.006364315558219322, 53: 0.006630802684395904, 54: 0.007448287959173915, 55: 0.007773202236582181, 56: 0.007078603104156914, 57: 0.007922924537349876, 58: 0.006896659263451961, 59: 0.009014795191791049, 60: 0.006023467909947333, 61: 0.007405383231957478, 62: 0.007748954787535137, 63: 0.007323095423628389, 64: 0.00906875467966104, 65: 0.006474071965472416, 66: 0.010148689401494779, 67: 0.005909981746045289, 68: 0.00787168826400007, 69: 0.008092203814444967, 70: 0.008674324998236435, 71: 0.00442482283505046, 72: 0.007298128436223663, 73: 0.009836036734133056, 74: 0.006946982385625078}","[86, 86, 85, 84, 83, 81, 80, 80, 79, 79, 78, 78, 78, 77, 77, 77, 76, 76, 76, 76, 76, 75, 75, 75, 75, 75, 75, 74, 74, 74, 74, 74, 74, 73, 73, 72, 71, 71, 71, 71, 71, 70, 70, 70, 70, 70, 69, 69, 68, 68, 68, 68, 67, 67, 66, 66, 66, 66, 66, 66, 65, 64, 64, 64, 63, 63, 63, 62, 62, 61, 60, 60, 60, 59, 57]","dict_values([39, 44, 36, 43, 38, 46, 36, 34, 46, 46, 50, 48, 39, 43, 46, 40, 44, 41, 45, 44, 37, 43, 35, 40, 43, 47, 51, 42, 43, 45, 43, 46, 44, 49, 34, 33, 44, 46, 39, 37, 37, 39, 41, 42, 38, 48, 49, 40, 30, 43, 31, 43, 40, 43, 37, 45, 38, 39, 49, 43, 34, 30, 39, 44, 38, 45, 43, 36, 35, 36, 41, 48, 41, 50, 44])",0.056749247588596896
47,71.36,0.4842804407961466,"{0: 0.0070601573591962605, 1: 0.007265966384274704, 2: 0.007817012422720999, 3: 0.006033219756396601, 4: 0.0051850607077856626, 5: 0.00698477326820595, 6: 0.00926740454817873, 7: 0.00573063540354061, 8: 0.005330662405212596, 9: 0.004849765759917896, 10: 0.007349348032084507, 11: 0.006637862322591404, 12: 0.008019529004410029, 13: 0.008388752412191993, 14: 0.008778199791778362, 15: 0.0061496802505694274, 16: 0.005022458461708143, 17: 0.005316644025644018, 18: 0.0045051724930050005, 19: 0.008388741839211566, 20: 0.0073532099946595295, 21: 0.008309198816782307, 22: 0.0077944519094988365, 23: 0.008420250917885322, 24: 0.006910609196386831, 25: 0.00655469817924247, 26: 0.00839174449932565, 27: 0.008770720457903064, 28: 0.006554726075488457, 29: 0.005836254105867812, 30: 0.005420754054569366, 31: 0.009190530606968575, 32: 0.006514355667542855, 33: 0.006191640759952668, 34: 0.005878113445203057, 35: 0.00876206481697036, 36: 0.005017606137151737, 37: 0.007231554223879261, 38: 0.006680307936952528, 39: 0.007884936784665864, 40: 0.006320651313809552, 41: 0.007316899041850885, 42: 0.010700963463770915, 43: 0.005480016348924488, 44: 0.006540769684707516, 45: 0.006043537283494805, 46: 0.010968220435556965, 47: 0.005153380379346085, 48: 0.005346018976238685, 49: 0.006679102165602345, 50: 0.007564348396306457, 51: 0.0049529926227035856, 52: 0.006558486026445369, 53: 0.006621536991619612, 54: 0.007575097586341087, 55: 0.007539237299839219, 56: 0.007524506665342911, 57: 0.008079334950426285, 58: 0.007131522112637937, 59: 0.008793902689335876, 60: 0.006141753720086011, 61: 0.0070776805969915155, 62: 0.007745772957639101, 63: 0.007543199682175651, 64: 0.008747307915608498, 65: 0.006324582789398005, 66: 0.009613106334127462, 67: 0.005885097289042485, 68: 0.007709959989235179, 69: 0.007638073592562036, 70: 0.008747019671400439, 71: 0.004388742151217533, 72: 0.00699955439966825, 73: 0.009817042387336744, 74: 0.007006982714481821}","[87, 85, 84, 84, 83, 80, 80, 80, 79, 79, 79, 79, 77, 77, 77, 77, 77, 76, 76, 76, 76, 76, 76, 76, 75, 75, 75, 74, 74, 74, 74, 73, 73, 73, 73, 72, 72, 72, 71, 71, 70, 70, 70, 70, 70, 70, 69, 69, 69, 68, 68, 67, 67, 67, 67, 66, 66, 65, 65, 65, 65, 64, 64, 64, 64, 63, 62, 62, 62, 61, 61, 60, 59, 59, 57]","dict_values([39, 44, 36, 43, 38, 46, 36, 34, 46, 46, 50, 48, 39, 43, 46, 40, 44, 41, 45, 44, 37, 43, 35, 40, 43, 47, 51, 42, 43, 45, 43, 46, 44, 49, 34, 33, 44, 46, 39, 37, 37, 39, 41, 42, 38, 48, 49, 40, 30, 43, 31, 43, 40, 43, 37, 45, 38, 39, 49, 43, 34, 30, 39, 44, 38, 45, 43, 36, 35, 36, 41, 48, 41, 50, 44])",0.052344540744166765
48,71.52,0.4858645891865288,"{0: 0.006633356463091894, 1: 0.007350927367428069, 2: 0.007839913097479813, 3: 0.006004375106776727, 4: 0.005101093276266049, 5: 0.006958678840446174, 6: 0.009107075743343213, 7: 0.005896518392069303, 8: 0.005109745318493473, 9: 0.004913117394156498, 10: 0.007608270435902591, 11: 0.00609651215919081, 12: 0.008169027711898522, 13: 0.00830788137009594, 14: 0.008755776986803281, 15: 0.0063423051122371045, 16: 0.005173815773464802, 17: 0.005350811254305046, 18: 0.004563740674545335, 19: 0.009117395460255695, 20: 0.007271480041668115, 21: 0.008265085965146524, 22: 0.007737529927417646, 23: 0.00808658097130233, 24: 0.006772455991715336, 25: 0.006949366319937561, 26: 0.007965254386860741, 27: 0.008820490878192559, 28: 0.0062752285534212505, 29: 0.005848481967759867, 30: 0.0046950515516814536, 31: 0.009383788155580797, 32: 0.006720262519720803, 33: 0.006243272192240412, 34: 0.005954937713934456, 35: 0.008922795915906598, 36: 0.0051657991439841575, 37: 0.006971904067538229, 38: 0.006634157973726854, 39: 0.007818964859637751, 40: 0.006484428766642577, 41: 0.0072726904376159175, 42: 0.010797464379148856, 43: 0.005200838266638808, 44: 0.006929304990311701, 45: 0.006199148009952472, 46: 0.01129271537972315, 47: 0.0049616029614345, 48: 0.0053064723013286335, 49: 0.006559649224964441, 50: 0.007431826248440963, 51: 0.005257291649554901, 52: 0.006506698314199485, 53: 0.00631047568868381, 54: 0.0075592694735029135, 55: 0.007486420183327525, 56: 0.0070476256090905584, 57: 0.007999110690268393, 58: 0.007062989050124958, 59: 0.008726839252555256, 60: 0.006184919489384058, 61: 0.007214903580338169, 62: 0.007631830124395743, 63: 0.007804219240875348, 64: 0.008752670107703137, 65: 0.0062648270175033926, 66: 0.009593057794123599, 67: 0.005946576828106168, 68: 0.0074751554932883735, 69: 0.007899379551194722, 70: 0.008979792873348035, 71: 0.0044199171744613895, 72: 0.006964535705703313, 73: 0.009709652208839781, 74: 0.006776951017556764}","[88, 86, 84, 84, 83, 81, 81, 80, 80, 80, 80, 79, 79, 78, 77, 77, 77, 77, 76, 76, 76, 76, 76, 75, 75, 75, 75, 74, 74, 74, 74, 73, 73, 73, 73, 73, 72, 72, 71, 71, 70, 70, 70, 70, 70, 70, 70, 69, 69, 68, 68, 68, 67, 67, 66, 66, 65, 65, 65, 65, 64, 64, 64, 64, 64, 63, 63, 62, 62, 61, 61, 60, 60, 58, 58]","dict_values([39, 44, 36, 43, 38, 46, 36, 34, 46, 46, 50, 48, 39, 43, 46, 40, 44, 41, 45, 44, 37, 43, 35, 40, 43, 47, 51, 42, 43, 45, 43, 46, 44, 49, 34, 33, 44, 46, 39, 37, 37, 39, 41, 42, 38, 48, 49, 40, 30, 43, 31, 43, 40, 43, 37, 45, 38, 39, 49, 43, 34, 30, 39, 44, 38, 45, 43, 36, 35, 36, 41, 48, 41, 50, 44])",0.052494298721946095
48,71.38666666666667,0.48464317691311987,"{0: 0.006946778197387016, 1: 0.008128108622689544, 2: 0.007606338940724043, 3: 0.005590564634077647, 4: 0.004914921499672988, 5: 0.007128690245454165, 6: 0.009156462563694278, 7: 0.00586633383282471, 8: 0.004951851331088712, 9: 0.004916280818759859, 10: 0.007698937499398327, 11: 0.0059677509453510994, 12: 0.008258263100322141, 13: 0.008231985702413753, 14: 0.008791467423746252, 15: 0.006764389808913096, 16: 0.004649820076304293, 17: 0.005244917131816467, 18: 0.0048699475945296, 19: 0.008897562218449142, 20: 0.007277804050849641, 21: 0.007830284613345673, 22: 0.007759063103683379, 23: 0.007929627738841441, 24: 0.006382253192427667, 25: 0.007033350958986652, 26: 0.008243406109483752, 27: 0.008558612550527834, 28: 0.00659421845595254, 29: 0.0058596686616385245, 30: 0.0046928619525467615, 31: 0.009706343374946748, 32: 0.006823298611992008, 33: 0.0062213849179014215, 34: 0.005961241958543973, 35: 0.008771593096011263, 36: 0.004844143989132636, 37: 0.006814108589675926, 38: 0.007083664205974082, 39: 0.00815325574829365, 40: 0.006663031116498087, 41: 0.007288003188630551, 42: 0.010934434386040675, 43: 0.005112641585319802, 44: 0.007140456115068324, 45: 0.0061402510570456505, 46: 0.011669514188154278, 47: 0.005047160492300361, 48: 0.005582176241655357, 49: 0.006592025605573522, 50: 0.007879072338943133, 51: 0.005202711310490604, 52: 0.006459767767806346, 53: 0.0065326152354530116, 54: 0.007872655638302932, 55: 0.007235082449133493, 56: 0.007144650814430776, 57: 0.007821402555069705, 58: 0.007150242320021686, 59: 0.00850756704124233, 60: 0.0063780407556921475, 61: 0.007527278224671875, 62: 0.007253813027499946, 63: 0.007606353729295306, 64: 0.008398119452612984, 65: 0.006227642322575445, 66: 0.009418742169556276, 67: 0.00576763705174418, 68: 0.007674958450540006, 69: 0.007963557645873453, 70: 0.00891492532533385, 71: 0.004550134047313415, 72: 0.007067339439805715, 73: 0.00929750005512839, 74: 0.0066969980241232}","[88, 87, 83, 83, 83, 81, 80, 79, 79, 79, 79, 78, 77, 77, 77, 77, 77, 77, 76, 76, 76, 76, 75, 75, 75, 75, 75, 74, 74, 74, 74, 74, 74, 73, 73, 73, 73, 72, 72, 72, 71, 71, 71, 70, 70, 69, 69, 69, 69, 68, 68, 68, 67, 66, 66, 66, 66, 66, 65, 65, 65, 63, 63, 63, 63, 62, 62, 61, 61, 60, 60, 60, 60, 60, 59]","dict_values([39, 44, 36, 43, 38, 46, 36, 34, 46, 46, 50, 48, 39, 43, 46, 40, 44, 41, 45, 44, 37, 43, 35, 40, 43, 47, 51, 42, 43, 45, 43, 46, 44, 49, 34, 33, 44, 46, 39, 37, 37, 39, 41, 42, 38, 48, 49, 40, 30, 43, 31, 43, 40, 43, 37, 45, 38, 39, 49, 43, 34, 30, 39, 44, 38, 45, 43, 36, 35, 36, 41, 48, 41, 50, 44])",0.05621581147055904
49,71.46666666666667,0.48512244244704966,"{0: 0.006634665518390909, 1: 0.00788606366285622, 2: 0.008088053974631167, 3: 0.005195521664053986, 4: 0.0051726131767053565, 5: 0.007451212642015468, 6: 0.00950465933634464, 7: 0.00578745549692463, 8: 0.005083154458623909, 9: 0.004730935806531672, 10: 0.007675428551339874, 11: 0.005945366051359071, 12: 0.007851535601235844, 13: 0.008734014274873796, 14: 0.00828019186442, 15: 0.0067777092064716165, 16: 0.004611004285452957, 17: 0.005217425416110108, 18: 0.005010600135045244, 19: 0.009094741819004343, 20: 0.007323406907619252, 21: 0.008400032950924558, 22: 0.0075041045283241225, 23: 0.007443285858599385, 24: 0.0062946855157922435, 25: 0.0072377770845985095, 26: 0.008109423877134857, 27: 0.008410147831936061, 28: 0.006307284649799585, 29: 0.005693652986487623, 30: 0.00442385866787166, 31: 0.00984905234211261, 32: 0.007073441714060179, 33: 0.006354762514800443, 34: 0.006163071621115851, 35: 0.008409342648844157, 36: 0.005061011067822619, 37: 0.007039655754868251, 38: 0.007301673096217933, 39: 0.007892533190919291, 40: 0.00670314516522125, 41: 0.007172041421062512, 42: 0.011149695569184456, 43: 0.005282403158525665, 44: 0.007193854445621336, 45: 0.006088394043736822, 46: 0.011547748350543278, 47: 0.004719969027502216, 48: 0.005874212823142441, 49: 0.0064596634340589355, 50: 0.007324311065824571, 51: 0.005099188152048355, 52: 0.006504380004108757, 53: 0.006287808330236594, 54: 0.00792625223976284, 55: 0.007273190235227003, 56: 0.0068887661100294935, 57: 0.007973403706701822, 58: 0.007430528799169936, 59: 0.008884496284207172, 60: 0.006098793911780232, 61: 0.007314605555196629, 62: 0.007772505834116592, 63: 0.007567767494672216, 64: 0.008060990831112788, 65: 0.005969330390491691, 66: 0.009260586375476353, 67: 0.005707950045432039, 68: 0.007970632026477768, 69: 0.007806651514906593, 70: 0.00910654640181455, 71: 0.004830165980309277, 72: 0.007372126427206616, 73: 0.008811989338466282, 74: 0.00682605712128606}","[88, 87, 84, 82, 82, 82, 81, 81, 81, 80, 78, 78, 78, 77, 77, 77, 77, 76, 76, 76, 76, 75, 75, 75, 75, 75, 75, 75, 75, 74, 74, 74, 73, 73, 73, 73, 73, 73, 72, 71, 71, 71, 70, 70, 70, 70, 69, 69, 69, 68, 68, 68, 68, 66, 66, 66, 66, 65, 65, 65, 65, 64, 64, 64, 63, 63, 63, 61, 61, 60, 60, 60, 59, 58, 58]","dict_values([39, 44, 36, 43, 38, 46, 36, 34, 46, 46, 50, 48, 39, 43, 46, 40, 44, 41, 45, 44, 37, 43, 35, 40, 43, 47, 51, 42, 43, 45, 43, 46, 44, 49, 34, 33, 44, 46, 39, 37, 37, 39, 41, 42, 38, 48, 49, 40, 30, 43, 31, 43, 40, 43, 37, 45, 38, 39, 49, 43, 34, 30, 39, 44, 38, 45, 43, 36, 35, 36, 41, 48, 41, 50, 44])",0.053671196257518365
51,71.57333333333334,0.4858678458485516,"{0: 0.006645816277964479, 1: 0.007913453313122439, 2: 0.008104090697203479, 3: 0.005285537248797926, 4: 0.005217406971897902, 5: 0.007406400691482323, 6: 0.009511531794641793, 7: 0.0056820686488362766, 8: 0.0054532687006132825, 9: 0.004649047256406369, 10: 0.00748443809451312, 11: 0.0061885648296767775, 12: 0.0077999800120021005, 13: 0.008256280699023632, 14: 0.0085263820275084, 15: 0.006656045567062175, 16: 0.004601320524764908, 17: 0.005840348361090539, 18: 0.004733774225138107, 19: 0.008915869893630088, 20: 0.00718358382046085, 21: 0.008404510986368073, 22: 0.007213092902840454, 23: 0.007211535728040071, 24: 0.006118423830013462, 25: 0.006964625517692392, 26: 0.007832495350990386, 27: 0.00864328933149456, 28: 0.006231236218907333, 29: 0.0052976977680828435, 30: 0.004614434765145724, 31: 0.009671841760273933, 32: 0.00703628243902542, 33: 0.006304205000944009, 34: 0.005929470973301666, 35: 0.008428974611634237, 36: 0.0049261503713460475, 37: 0.007287578773650247, 38: 0.007474547375485886, 39: 0.007973085612805872, 40: 0.0066254557483737455, 41: 0.006948877288582214, 42: 0.01067816357818691, 43: 0.005147667482230987, 44: 0.007548963789250488, 45: 0.006035116040636575, 46: 0.011322271905088478, 47: 0.005044144390838998, 48: 0.0055791015076395245, 49: 0.006745678868401488, 50: 0.007462614152094436, 51: 0.005179172056891204, 52: 0.00641283290634863, 53: 0.006392890410256765, 54: 0.007807320515088835, 55: 0.00726126440781518, 56: 0.006864959654643274, 57: 0.008679208187676082, 58: 0.007383118124641364, 59: 0.008438679402852305, 60: 0.0059197530773654255, 61: 0.007612455810292087, 62: 0.007533284735403714, 63: 0.007878631483645178, 64: 0.008085368202489491, 65: 0.00605912151672839, 66: 0.0094395677650027, 67: 0.005788878111708565, 68: 0.007982022800336823, 69: 0.0079751817356302, 70: 0.00946839809863871, 71: 0.004913179246731155, 72: 0.0072370219780154114, 73: 0.008687867678348633, 74: 0.006787321241256429}","[87, 86, 84, 83, 82, 82, 82, 82, 80, 80, 79, 79, 78, 77, 77, 77, 77, 76, 76, 76, 76, 76, 76, 76, 75, 75, 75, 74, 74, 74, 74, 74, 74, 74, 73, 73, 72, 72, 72, 71, 71, 71, 71, 70, 70, 70, 70, 69, 68, 68, 68, 67, 67, 67, 66, 66, 66, 66, 65, 65, 64, 64, 64, 64, 63, 63, 63, 62, 61, 60, 60, 60, 60, 60, 59]","dict_values([39, 44, 36, 43, 38, 46, 36, 34, 46, 46, 50, 48, 39, 43, 46, 40, 44, 41, 45, 44, 37, 43, 35, 40, 43, 47, 51, 42, 43, 45, 43, 46, 44, 49, 34, 33, 44, 46, 39, 37, 37, 39, 41, 42, 38, 48, 49, 40, 30, 43, 31, 43, 40, 43, 37, 45, 38, 39, 49, 43, 34, 30, 39, 44, 38, 45, 43, 36, 35, 36, 41, 48, 41, 50, 44])",0.0583422267185796
53,71.52,0.485600045665338,"{0: 0.0067298664311162834, 1: 0.008166193396203583, 2: 0.0082446705561327, 3: 0.005135180598973814, 4: 0.005248691741337682, 5: 0.007026268911203861, 6: 0.009290276731380118, 7: 0.005732745811457752, 8: 0.0058444065582489, 9: 0.004772817003790265, 10: 0.007265134235974987, 11: 0.005966881874803741, 12: 0.007359424203179286, 13: 0.008540026207900385, 14: 0.008238553289145726, 15: 0.0064692079208567435, 16: 0.004331901773758049, 17: 0.006235710265687279, 18: 0.004352281311134306, 19: 0.008931181413273127, 20: 0.0072414867264905805, 21: 0.008972650745593258, 22: 0.007502553000706707, 23: 0.007592258389862363, 24: 0.006096626470994187, 25: 0.006642881989331551, 26: 0.007916964461422146, 27: 0.008188646660319628, 28: 0.00598510662130229, 29: 0.005197474413823126, 30: 0.004593901512760188, 31: 0.009933258702528267, 32: 0.007358346154222211, 33: 0.006072467030806986, 34: 0.005868959883540237, 35: 0.008206394220055922, 36: 0.004762496909542419, 37: 0.0073631458830377226, 38: 0.007165294312065614, 39: 0.00776738115672138, 40: 0.006827592232676859, 41: 0.007190591291510414, 42: 0.010728998074693042, 43: 0.0049025733620569854, 44: 0.007263769271235519, 45: 0.006248831522600707, 46: 0.011707087132885218, 47: 0.0051150423456644365, 48: 0.005669805380934876, 49: 0.0069695935291559695, 50: 0.00754697446523148, 51: 0.005234953847523593, 52: 0.006648988614856481, 53: 0.00641316708502357, 54: 0.007754974919587828, 55: 0.00751628559763327, 56: 0.006931404642011965, 57: 0.008345106508910483, 58: 0.007526863089485549, 59: 0.008720211146836555, 60: 0.005761361260557696, 61: 0.007840892680454743, 62: 0.007820548325394637, 63: 0.007934631884287181, 64: 0.0077618957878732246, 65: 0.006452569855140271, 66: 0.009380463110953875, 67: 0.006020183290715815, 68: 0.008006350591484211, 69: 0.007324861817946075, 70: 0.00945892093864086, 71: 0.004840501437844804, 72: 0.007405188615131561, 73: 0.008434644564991772, 74: 0.006898932417338683}","[87, 87, 83, 83, 83, 83, 82, 81, 81, 80, 80, 77, 77, 77, 77, 77, 77, 77, 77, 76, 76, 75, 75, 75, 75, 75, 75, 74, 74, 74, 74, 73, 73, 73, 73, 73, 72, 72, 72, 71, 71, 71, 71, 71, 71, 70, 70, 68, 68, 68, 67, 67, 67, 67, 66, 66, 66, 66, 65, 65, 65, 64, 64, 64, 64, 63, 62, 62, 62, 61, 61, 60, 59, 58, 58]","dict_values([39, 44, 36, 43, 38, 46, 36, 34, 46, 46, 50, 48, 39, 43, 46, 40, 44, 41, 45, 44, 37, 43, 35, 40, 43, 47, 51, 42, 43, 45, 43, 46, 44, 49, 34, 33, 44, 46, 39, 37, 37, 39, 41, 42, 38, 48, 49, 40, 30, 43, 31, 43, 40, 43, 37, 45, 38, 39, 49, 43, 34, 30, 39, 44, 38, 45, 43, 36, 35, 36, 41, 48, 41, 50, 44])",0.05664604141399478
53,71.76,0.4868153346654521,"{0: 0.006696741838575717, 1: 0.008063929850951022, 2: 0.008278312553152358, 3: 0.005324893584235553, 4: 0.005246652749292865, 5: 0.007031361974234393, 6: 0.0094356635769813, 7: 0.0058749871012607705, 8: 0.006066244399057004, 9: 0.004657940911447759, 10: 0.007508212664641576, 11: 0.005883775202811528, 12: 0.007789476018610384, 13: 0.008368495483960557, 14: 0.008626399169401543, 15: 0.006575900341270559, 16: 0.004424486606195883, 17: 0.0061660681211701054, 18: 0.004271235614616352, 19: 0.008779905316424273, 20: 0.007449172622657157, 21: 0.008904431499683738, 22: 0.007008301586228235, 23: 0.007831393426763282, 24: 0.0066106187244276285, 25: 0.00655453591522249, 26: 0.007888319192166086, 27: 0.0076760721693236176, 28: 0.0064988155519990366, 29: 0.005237342055210777, 30: 0.004696568821375289, 31: 0.009285392188286144, 32: 0.007236670017349117, 33: 0.00628292564144672, 34: 0.005801002341035979, 35: 0.008184949090034338, 36: 0.00456338668907164, 37: 0.0074914323096418834, 38: 0.007165754079619219, 39: 0.007934841418014068, 40: 0.006761583568446354, 41: 0.007429110284874206, 42: 0.010259079119256744, 43: 0.00512031371209032, 44: 0.006958528154907027, 45: 0.006222648902003829, 46: 0.011541501867001069, 47: 0.0049316202952900305, 48: 0.00597395083529032, 49: 0.006888926364535341, 50: 0.007490466900632886, 51: 0.005189993940584079, 52: 0.006956216552859026, 53: 0.0061354454018188965, 54: 0.008045269017560372, 55: 0.0074515540583301775, 56: 0.006959266997776611, 57: 0.008029547076836455, 58: 0.007882515482995463, 59: 0.008661092126151852, 60: 0.0058705106650303734, 61: 0.007726558414964088, 62: 0.0072053150702866, 63: 0.0077842008355639, 64: 0.007232643725725454, 65: 0.006341626129795696, 66: 0.009137462524252836, 67: 0.0056852451169068325, 68: 0.007865894679114605, 69: 0.007577472792139912, 70: 0.009253858609096418, 71: 0.00499124080079431, 72: 0.007372013050500146, 73: 0.00859469129060076, 74: 0.006348453726839539}","[87, 86, 84, 83, 83, 82, 82, 81, 81, 81, 80, 78, 78, 78, 77, 77, 77, 77, 77, 77, 76, 76, 75, 75, 75, 75, 74, 74, 74, 73, 73, 73, 73, 73, 73, 72, 72, 72, 72, 72, 72, 72, 72, 71, 71, 71, 70, 69, 69, 68, 68, 68, 68, 67, 67, 67, 66, 66, 66, 65, 65, 65, 64, 64, 64, 64, 63, 62, 61, 61, 61, 60, 60, 59, 58]","dict_values([39, 44, 36, 43, 38, 46, 36, 34, 46, 46, 50, 48, 39, 43, 46, 40, 44, 41, 45, 44, 37, 43, 35, 40, 43, 47, 51, 42, 43, 45, 43, 46, 44, 49, 34, 33, 44, 46, 39, 37, 37, 39, 41, 42, 38, 48, 49, 40, 30, 43, 31, 43, 40, 43, 37, 45, 38, 39, 49, 43, 34, 30, 39, 44, 38, 45, 43, 36, 35, 36, 41, 48, 41, 50, 44])",0.053721055126706864
52,71.54666666666667,0.48587227753429924,"{0: 0.006795468466504978, 1: 0.00811110864076665, 2: 0.008450316285826176, 3: 0.005175002070966515, 4: 0.005012273672859695, 5: 0.007244354567076519, 6: 0.009441988681969953, 7: 0.006147875152654725, 8: 0.005982379871804278, 9: 0.0045210124525214045, 10: 0.0077414608976811876, 11: 0.0059881427553000665, 12: 0.007924107282222953, 13: 0.008669911079609127, 14: 0.008346513694886058, 15: 0.006880059870140749, 16: 0.004435123430138091, 17: 0.006202532352533262, 18: 0.004266905311815632, 19: 0.008530580787777926, 20: 0.007420715291094175, 21: 0.008852937442928383, 22: 0.006746378669572835, 23: 0.00790301403859682, 24: 0.006496411777859412, 25: 0.006900737470864282, 26: 0.008457017952263567, 27: 0.007951348449999946, 28: 0.0062885914828983, 29: 0.005069217665525243, 30: 0.004254946981957715, 31: 0.00915767442495294, 32: 0.007489487890911639, 33: 0.006286298866577081, 34: 0.00583881765278479, 35: 0.008157361584828236, 36: 0.004557122717821634, 37: 0.007245778981121351, 38: 0.007252362008807659, 39: 0.007610538141955946, 40: 0.006801911272598576, 41: 0.007457768752622007, 42: 0.010654567656557562, 43: 0.005245090654354775, 44: 0.007228956599484054, 45: 0.006237697593135881, 46: 0.011632856293373113, 47: 0.005066155666211343, 48: 0.006041262849485698, 49: 0.006980797719694339, 50: 0.007954828860472404, 51: 0.004891059337562957, 52: 0.0069393818476109126, 53: 0.00586028905141743, 54: 0.008119985922519087, 55: 0.007355373173497311, 56: 0.007048463625764285, 57: 0.007875969710340542, 58: 0.00748937009091907, 59: 0.008569428015391949, 60: 0.006118854002276946, 61: 0.007640919445048844, 62: 0.0072691971861801995, 63: 0.007882964565846922, 64: 0.007241159019911922, 65: 0.006251675693683557, 66: 0.009570021275569017, 67: 0.00564657657758459, 68: 0.007920910465442754, 69: 0.0073493497105071096, 70: 0.009129274189287835, 71: 0.004517662832384727, 72: 0.007845653879327692, 73: 0.008655530523288353, 74: 0.0064345186187511295}","[87, 87, 84, 84, 83, 81, 81, 81, 80, 80, 80, 79, 78, 77, 77, 77, 77, 76, 76, 76, 76, 75, 75, 75, 75, 74, 74, 74, 74, 74, 74, 74, 73, 73, 73, 73, 73, 72, 72, 72, 72, 72, 72, 71, 71, 71, 70, 69, 69, 68, 68, 68, 68, 67, 67, 66, 66, 66, 65, 65, 64, 64, 64, 64, 63, 63, 62, 61, 60, 60, 60, 60, 58, 58, 58]","dict_values([39, 44, 36, 43, 38, 46, 36, 34, 46, 46, 50, 48, 39, 43, 46, 40, 44, 41, 45, 44, 37, 43, 35, 40, 43, 47, 51, 42, 43, 45, 43, 46, 44, 49, 34, 33, 44, 46, 39, 37, 37, 39, 41, 42, 38, 48, 49, 40, 30, 43, 31, 43, 40, 43, 37, 45, 38, 39, 49, 43, 34, 30, 39, 44, 38, 45, 43, 36, 35, 36, 41, 48, 41, 50, 44])",0.05463160393799307
52,71.62666666666667,0.48673248316111056,"{0: 0.006964891511600672, 1: 0.008019785284977302, 2: 0.008805526857987809, 3: 0.005567569000837815, 4: 0.004907558271195454, 5: 0.007158794987431917, 6: 0.009601106627810604, 7: 0.006201727384345445, 8: 0.006075656322017643, 9: 0.004661479570282404, 10: 0.007727813314129918, 11: 0.005836888436581444, 12: 0.007681828102676937, 13: 0.00865542391770173, 14: 0.0083300283890934, 15: 0.00624948367968832, 16: 0.0044507556087755055, 17: 0.006566840399755545, 18: 0.004118334599033855, 19: 0.008048490904313936, 20: 0.007323360714827896, 21: 0.008837356359600023, 22: 0.006716191704278525, 23: 0.007440127979373735, 24: 0.006673891059561046, 25: 0.006539551077322652, 26: 0.007836641780126873, 27: 0.00811549399149784, 28: 0.006021980559413801, 29: 0.004897921702802581, 30: 0.004224215192529063, 31: 0.009003319076017464, 32: 0.007346944846789991, 33: 0.006487095303840563, 34: 0.005953301597772848, 35: 0.00853491146523815, 36: 0.004556413624400082, 37: 0.007347676665080537, 38: 0.007139088661975882, 39: 0.007382402165512243, 40: 0.006662081550677026, 41: 0.007601234074667643, 42: 0.010592270532999862, 43: 0.005340151049739237, 44: 0.007459195290579203, 45: 0.006104295999981505, 46: 0.011623585462617056, 47: 0.005283061545794677, 48: 0.005771346070863317, 49: 0.0069811936210915845, 50: 0.008108247696223413, 51: 0.004997558004774273, 52: 0.006897405870118899, 53: 0.005687852397769142, 54: 0.008166024899830374, 55: 0.007324240535655867, 56: 0.007200297525567543, 57: 0.00806685019517436, 58: 0.007754204985213478, 59: 0.008551537708338922, 60: 0.0061338656764074505, 61: 0.007746542769110447, 62: 0.007102553612124378, 63: 0.008108476703868337, 64: 0.007139220261393333, 65: 0.00623694200457899, 66: 0.009692133438550984, 67: 0.005780414826602785, 68: 0.008064033355115728, 69: 0.0076127357746378615, 70: 0.009073881018465785, 71: 0.004545462665711045, 72: 0.0075195478425224855, 73: 0.0086487642630163, 74: 0.006588931698081659}","[87, 87, 85, 85, 84, 81, 81, 81, 80, 80, 78, 78, 78, 77, 77, 77, 77, 77, 76, 76, 76, 76, 76, 76, 75, 75, 75, 75, 74, 74, 74, 74, 74, 74, 74, 72, 72, 72, 72, 72, 71, 71, 71, 71, 70, 70, 70, 69, 69, 69, 69, 68, 67, 67, 67, 66, 66, 66, 65, 65, 65, 64, 64, 63, 63, 62, 62, 62, 61, 61, 60, 60, 59, 58, 57]","dict_values([39, 44, 36, 43, 38, 46, 36, 34, 46, 46, 50, 48, 39, 43, 46, 40, 44, 41, 45, 44, 37, 43, 35, 40, 43, 47, 51, 42, 43, 45, 43, 46, 44, 49, 34, 33, 44, 46, 39, 37, 37, 39, 41, 42, 38, 48, 49, 40, 30, 43, 31, 43, 40, 43, 37, 45, 38, 39, 49, 43, 34, 30, 39, 44, 38, 45, 43, 36, 35, 36, 41, 48, 41, 50, 44])",0.057505645499761865
52,71.49333333333334,0.48612026263206276,"{0: 0.0072957199231225844, 1: 0.007920595986467084, 2: 0.008589702204574983, 3: 0.005244507138106808, 4: 0.004935896681619355, 5: 0.007193137381580706, 6: 0.009643601379579323, 7: 0.006390288238467138, 8: 0.005813711365631902, 9: 0.004789503777110995, 10: 0.007604740323324668, 11: 0.005889741191070028, 12: 0.007757592485130257, 13: 0.008271833022781427, 14: 0.008651004410469286, 15: 0.00638733780958608, 16: 0.004422933193021921, 17: 0.006967105832714033, 18: 0.003973497231694474, 19: 0.008199358091121278, 20: 0.007422882779499035, 21: 0.008682986022221858, 22: 0.00650996558713799, 23: 0.0073070250670176345, 24: 0.006843190945897971, 25: 0.006470585384141787, 26: 0.0075873685795203915, 27: 0.00816438972008483, 28: 0.005651652474637719, 29: 0.004894332469481243, 30: 0.004468819995596754, 31: 0.008567754847731375, 32: 0.007392141723041089, 33: 0.006514882870013037, 34: 0.00600839770863039, 35: 0.008581241769550638, 36: 0.004692700403631703, 37: 0.007463399795170807, 38: 0.006926445025645086, 39: 0.0076443755863885715, 40: 0.006858062162191816, 41: 0.007424651846034829, 42: 0.010738956399602378, 43: 0.00539080105749459, 44: 0.007285241150678943, 45: 0.00633964963920909, 46: 0.01163328973342469, 47: 0.005186413736440245, 48: 0.005849684646043994, 49: 0.0068533751017314645, 50: 0.00841616739068025, 51: 0.004859570401359232, 52: 0.006914237600484635, 53: 0.005774553407772388, 54: 0.007866693365856476, 55: 0.00759005696868055, 56: 0.0068505680850318995, 57: 0.00897396680330163, 58: 0.008019039280052365, 59: 0.008076739737343838, 60: 0.0063327242534378355, 61: 0.007415140712824698, 62: 0.0069858295381345385, 63: 0.007858404525705591, 64: 0.0073527572202446816, 65: 0.006061265160348356, 66: 0.010095348483464205, 67: 0.006120018059428523, 68: 0.007838641151996395, 69: 0.007866601677405676, 70: 0.00930428952706875, 71: 0.004693733343218927, 72: 0.007135874420780464, 73: 0.00872828039686028, 74: 0.006672619336879895}","[87, 87, 86, 85, 83, 82, 81, 79, 79, 79, 78, 78, 78, 77, 77, 77, 77, 77, 77, 77, 76, 76, 75, 75, 75, 75, 75, 75, 74, 74, 74, 74, 74, 74, 73, 73, 72, 71, 71, 71, 71, 71, 70, 70, 70, 70, 69, 69, 69, 69, 68, 68, 68, 67, 67, 67, 66, 66, 66, 66, 65, 64, 63, 63, 63, 62, 62, 62, 61, 61, 60, 59, 59, 57, 56]","dict_values([39, 44, 36, 43, 38, 46, 36, 34, 46, 46, 50, 48, 39, 43, 46, 40, 44, 41, 45, 44, 37, 43, 35, 40, 43, 47, 51, 42, 43, 45, 43, 46, 44, 49, 34, 33, 44, 46, 39, 37, 37, 39, 41, 42, 38, 48, 49, 40, 30, 43, 31, 43, 40, 43, 37, 45, 38, 39, 49, 43, 34, 30, 39, 44, 38, 45, 43, 36, 35, 36, 41, 48, 41, 50, 44])",0.057169402265879465
54,71.81333333333333,0.48908273260610374,"{0: 0.007323151456169951, 1: 0.007699508738608182, 2: 0.00899296189021841, 3: 0.005278778027672382, 4: 0.005173495130076344, 5: 0.007322734634495753, 6: 0.010022982328334035, 7: 0.006220074199920637, 8: 0.005908728582052344, 9: 0.004856202189434189, 10: 0.007515551166369329, 11: 0.005701692951264732, 12: 0.007519377506375742, 13: 0.008592412091685054, 14: 0.00866999765363101, 15: 0.006023203105184295, 16: 0.004507674430878356, 17: 0.007111197878353289, 18: 0.0039046403591970866, 19: 0.007855488416831806, 20: 0.007143694918030708, 21: 0.008551490130403808, 22: 0.006406251307847623, 23: 0.007341148820071663, 24: 0.007083271131763687, 25: 0.006220493051296433, 26: 0.0070685191005481944, 27: 0.007999456201610267, 28: 0.005690169018768142, 29: 0.004978057464993308, 30: 0.00452634543236443, 31: 0.008564335191188845, 32: 0.007332374095264095, 33: 0.006673987074782065, 34: 0.005742952854119322, 35: 0.008053526652506469, 36: 0.004883591737632299, 37: 0.007486577723904562, 38: 0.0068547183237782855, 39: 0.007681306595158424, 40: 0.006626992590932377, 41: 0.007379143499654695, 42: 0.010656934905204923, 43: 0.005353941187794465, 44: 0.007637668985279908, 45: 0.006513763694910069, 46: 0.011435434731059345, 47: 0.005270982746871085, 48: 0.005537523887763195, 49: 0.006760131230303966, 50: 0.008775262035009182, 51: 0.005093347423564583, 52: 0.006924417687823069, 53: 0.005504469338475867, 54: 0.007825896935116275, 55: 0.007400123464889798, 56: 0.006909792803254567, 57: 0.009343373616496092, 58: 0.007680024474542823, 59: 0.007982783048706938, 60: 0.006169725904146418, 61: 0.007411742240536596, 62: 0.006703515154538221, 63: 0.007858127539686746, 64: 0.007380205681899969, 65: 0.006007508977001026, 66: 0.010088796568285744, 67: 0.0057736728837675735, 68: 0.00781444097717909, 69: 0.00790722662559423, 70: 0.009755056864211463, 71: 0.0047289970466334215, 72: 0.006696878350174851, 73: 0.008799473444604543, 74: 0.006688697153056213}","[88, 88, 87, 87, 86, 85, 82, 81, 79, 79, 78, 78, 78, 78, 77, 77, 77, 77, 76, 76, 76, 76, 76, 76, 75, 75, 75, 75, 75, 74, 74, 74, 74, 74, 74, 72, 72, 72, 72, 71, 71, 70, 70, 70, 70, 70, 69, 69, 69, 69, 69, 68, 68, 68, 67, 66, 66, 66, 65, 65, 64, 64, 64, 64, 64, 63, 62, 62, 62, 62, 61, 60, 60, 57, 56]","dict_values([39, 44, 36, 43, 38, 46, 36, 34, 46, 46, 50, 48, 39, 43, 46, 40, 44, 41, 45, 44, 37, 43, 35, 40, 43, 47, 51, 42, 43, 45, 43, 46, 44, 49, 34, 33, 44, 46, 39, 37, 37, 39, 41, 42, 38, 48, 49, 40, 30, 43, 31, 43, 40, 43, 37, 45, 38, 39, 49, 43, 34, 30, 39, 44, 38, 45, 43, 36, 35, 36, 41, 48, 41, 50, 44])",0.05307457038499368
51,71.76,0.48854820032587754,"{0: 0.007642769203074735, 1: 0.007707120996047341, 2: 0.008920987297335151, 3: 0.005459414289508287, 4: 0.005205335972859937, 5: 0.006951814376427514, 6: 0.010203258892341121, 7: 0.005989955577097575, 8: 0.005955365686288904, 9: 0.005018022975937971, 10: 0.007504436269606451, 11: 0.005717276619342667, 12: 0.007557549892912799, 13: 0.008877618479678108, 14: 0.008661685131375916, 15: 0.005950127599918069, 16: 0.004614545145368295, 17: 0.006926420650112475, 18: 0.0041924355921257265, 19: 0.007431091882681398, 20: 0.006823316917857112, 21: 0.008268881787344242, 22: 0.0063416255875547965, 23: 0.007003987902754293, 24: 0.006538969755680496, 25: 0.006602974517979959, 26: 0.007209512964047838, 27: 0.0077587546240831615, 28: 0.005587395080025852, 29: 0.005004952572020366, 30: 0.004523674244961882, 31: 0.008566698226865016, 32: 0.00735367895059007, 33: 0.006733634471535315, 34: 0.005729595637117675, 35: 0.007878355187430582, 36: 0.004919286294976555, 37: 0.007897094703654649, 38: 0.006739752599199672, 39: 0.007948542376302666, 40: 0.006168306013482135, 41: 0.007562374530860379, 42: 0.01038847535962394, 43: 0.005533178889721279, 44: 0.007852776338567716, 45: 0.00680669192349662, 46: 0.01168243716560953, 47: 0.005301754689500011, 48: 0.005458206644028551, 49: 0.006707391017628548, 50: 0.009202719191904641, 51: 0.005010370195856887, 52: 0.007049113465971913, 53: 0.005281613945251942, 54: 0.007934511762759595, 55: 0.007502790632423771, 56: 0.006765067758351137, 57: 0.009502928938393041, 58: 0.007916963523373313, 59: 0.007902698694309363, 60: 0.006033345778271572, 61: 0.007516203474547726, 62: 0.007216032642100648, 63: 0.007317481014240943, 64: 0.0073801123102008774, 65: 0.005995470265938699, 66: 0.009374292229479343, 67: 0.005897570870293315, 68: 0.007878246828948332, 69: 0.007989569962212586, 70: 0.009639307239635022, 71: 0.004913705605052195, 72: 0.007110243136391287, 73: 0.008696076284659317, 74: 0.006842481253591678}","[89, 88, 87, 84, 84, 84, 82, 81, 79, 79, 78, 78, 78, 78, 78, 78, 78, 77, 77, 77, 76, 76, 75, 75, 75, 75, 75, 75, 74, 74, 74, 74, 74, 74, 73, 73, 73, 72, 71, 70, 70, 70, 70, 70, 70, 70, 70, 69, 69, 68, 68, 68, 68, 68, 67, 66, 66, 66, 65, 65, 65, 64, 64, 63, 63, 63, 63, 62, 62, 62, 60, 60, 60, 58, 58]","dict_values([39, 44, 36, 43, 38, 46, 36, 34, 46, 46, 50, 48, 39, 43, 46, 40, 44, 41, 45, 44, 37, 43, 35, 40, 43, 47, 51, 42, 43, 45, 43, 46, 44, 49, 34, 33, 44, 46, 39, 37, 37, 39, 41, 42, 38, 48, 49, 40, 30, 43, 31, 43, 40, 43, 37, 45, 38, 39, 49, 43, 34, 30, 39, 44, 38, 45, 43, 36, 35, 36, 41, 48, 41, 50, 44])",0.05427839968094927
53,71.49333333333334,0.4870232416814135,"{0: 0.007508052127591474, 1: 0.0080698150906467, 2: 0.009550074844670246, 3: 0.005415549415871422, 4: 0.005450614029012933, 5: 0.006959630641782117, 6: 0.0104244396398276, 7: 0.005819242370309604, 8: 0.006083964686678989, 9: 0.0051098817165172354, 10: 0.007697329076534265, 11: 0.00597044849764273, 12: 0.0076024170205852065, 13: 0.009471744584292242, 14: 0.008710567161526513, 15: 0.005479842060189165, 16: 0.004785156736564574, 17: 0.0073864701311011196, 18: 0.004265340360198324, 19: 0.0072455224377558835, 20: 0.006754389275338975, 21: 0.008340836056755481, 22: 0.00616026201705522, 23: 0.006563913511313999, 24: 0.0067112551448766915, 25: 0.006513198546541289, 26: 0.0071566547626386425, 27: 0.007533966605385583, 28: 0.005440694522840463, 29: 0.004939367233653247, 30: 0.004338172154003, 31: 0.008059682822902144, 32: 0.006963644320836178, 33: 0.0069299006204528, 34: 0.005970288165801138, 35: 0.008093057796122934, 36: 0.005161476130929537, 37: 0.007957274221850727, 38: 0.0067601831278524096, 39: 0.008213672698555283, 40: 0.006325742898194075, 41: 0.007449810251838135, 42: 0.01004449102256155, 43: 0.005576976084879469, 44: 0.0080361112162604, 45: 0.006930699520849559, 46: 0.012286914778008626, 47: 0.005485083758078698, 48: 0.0053706566265924564, 49: 0.006509992248274354, 50: 0.009150271603215725, 51: 0.005346735891666492, 52: 0.006937660389310384, 53: 0.005514819100701606, 54: 0.007499747607383153, 55: 0.007624933115771897, 56: 0.006668665830212651, 57: 0.00974071319905317, 58: 0.008148575143214076, 59: 0.007498852683266593, 60: 0.006094584499321294, 61: 0.007564263731849232, 62: 0.006971430686039873, 63: 0.0074580014266056, 64: 0.007495185181572754, 65: 0.005515293828477442, 66: 0.009266234888876922, 67: 0.0062330172627374615, 68: 0.008021939043222142, 69: 0.008204743698422149, 70: 0.009190989200133316, 71: 0.00473849147993472, 72: 0.00707054413769552, 73: 0.00876691669753265, 74: 0.006792511646670141}","[90, 89, 86, 85, 83, 82, 82, 81, 79, 79, 79, 78, 78, 78, 77, 77, 76, 76, 76, 76, 76, 76, 76, 75, 75, 75, 75, 75, 74, 74, 74, 74, 73, 72, 72, 72, 71, 71, 71, 71, 71, 70, 70, 69, 69, 69, 69, 69, 68, 68, 68, 68, 68, 67, 67, 66, 66, 65, 65, 64, 64, 64, 63, 63, 63, 63, 63, 63, 63, 62, 61, 60, 59, 58, 58]","dict_values([39, 44, 36, 43, 38, 46, 36, 34, 46, 46, 50, 48, 39, 43, 46, 40, 44, 41, 45, 44, 37, 43, 35, 40, 43, 47, 51, 42, 43, 45, 43, 46, 44, 49, 34, 33, 44, 46, 39, 37, 37, 39, 41, 42, 38, 48, 49, 40, 30, 43, 31, 43, 40, 43, 37, 45, 38, 39, 49, 43, 34, 30, 39, 44, 38, 45, 43, 36, 35, 36, 41, 48, 41, 50, 44])",0.05614585682523392
53,71.70666666666666,0.48852672412246523,"{0: 0.007639927169555926, 1: 0.00768610730148002, 2: 0.009790439758201092, 3: 0.005056944677934577, 4: 0.00542969190541905, 5: 0.007212819617542326, 6: 0.01108087992041044, 7: 0.005654428626458902, 8: 0.005703669191280307, 9: 0.0049083999071588644, 10: 0.007823167084017146, 11: 0.005861101489614433, 12: 0.007772200996251928, 13: 0.008838049717401883, 14: 0.008470929606135363, 15: 0.005386064304023274, 16: 0.005165969792142315, 17: 0.00706885314228675, 18: 0.004268084155509552, 19: 0.007025565423730551, 20: 0.007034486379309308, 21: 0.008162410150513215, 22: 0.006050417449009287, 23: 0.006468135649677772, 24: 0.006648646886911749, 25: 0.006721419584030619, 26: 0.00741943382155581, 27: 0.007236439696096754, 28: 0.005332286760505865, 29: 0.004942027599194752, 30: 0.004312142962410329, 31: 0.007999288174162993, 32: 0.0068741499619913524, 33: 0.007000171603580605, 34: 0.005915728245383003, 35: 0.007887191148852935, 36: 0.005495938370182444, 37: 0.008075547226445372, 38: 0.006633937774147761, 39: 0.008050284573663975, 40: 0.006464351964895394, 41: 0.007707930397591388, 42: 0.010121596460485056, 43: 0.005711773939408871, 44: 0.007912537703757836, 45: 0.0068097764586468115, 46: 0.012060688957623938, 47: 0.005132919208415188, 48: 0.005479791564543742, 49: 0.006080414467595313, 50: 0.008904600572576901, 51: 0.005520166153840898, 52: 0.007122817801804152, 53: 0.005403540017891574, 54: 0.007470745217999369, 55: 0.007316297082292276, 56: 0.006817793186842642, 57: 0.010008243411985142, 58: 0.008354250365739122, 59: 0.007788776310242004, 60: 0.006001761480253931, 61: 0.007878913821914187, 62: 0.0075229365176839045, 63: 0.0072892041743036, 64: 0.0073473138684448155, 65: 0.005616980796909081, 66: 0.008977275675299242, 67: 0.006175800009309986, 68: 0.008002487165397348, 69: 0.008168038393015524, 70: 0.008828151763301094, 71: 0.004464497201758589, 72: 0.007946110740284024, 73: 0.008658787089311969, 74: 0.006448012010100552}","[92, 89, 87, 86, 83, 82, 81, 81, 79, 79, 78, 78, 77, 77, 77, 77, 77, 77, 76, 76, 76, 76, 76, 75, 75, 75, 75, 75, 75, 75, 75, 74, 73, 73, 73, 73, 72, 72, 72, 71, 71, 71, 71, 70, 70, 69, 69, 68, 68, 68, 67, 67, 67, 67, 67, 66, 66, 65, 65, 65, 65, 65, 65, 64, 64, 63, 62, 62, 62, 62, 62, 61, 59, 58, 57]","dict_values([39, 44, 36, 43, 38, 46, 36, 34, 46, 46, 50, 48, 39, 43, 46, 40, 44, 41, 45, 44, 37, 43, 35, 40, 43, 47, 51, 42, 43, 45, 43, 46, 44, 49, 34, 33, 44, 46, 39, 37, 37, 39, 41, 42, 38, 48, 49, 40, 30, 43, 31, 43, 40, 43, 37, 45, 38, 39, 49, 43, 34, 30, 39, 44, 38, 45, 43, 36, 35, 36, 41, 48, 41, 50, 44])",0.05661454784384569
53,71.68,0.48893713566004815,"{0: 0.007665666138438794, 1: 0.007585324639207642, 2: 0.0102542456674787, 3: 0.0052483656756314185, 4: 0.005630096557570869, 5: 0.007533698991539256, 6: 0.010852801944657821, 7: 0.00544006634783816, 8: 0.005704621537928218, 9: 0.004889541831807848, 10: 0.008429656915955298, 11: 0.006121389275795004, 12: 0.007713892017538694, 13: 0.008607122195231501, 14: 0.008525772972611959, 15: 0.005298536559453996, 16: 0.0050018635848378444, 17: 0.0072858019138216734, 18: 0.004475433622124284, 19: 0.007021241545659114, 20: 0.007238676403968805, 21: 0.00792079130490363, 22: 0.005900727058775852, 23: 0.006657310997219907, 24: 0.006917342404678612, 25: 0.0062658874181622925, 26: 0.006964694904582165, 27: 0.006744319883737425, 28: 0.005208729189377758, 29: 0.004728963202251276, 30: 0.0043185829609996736, 31: 0.008227302672942277, 32: 0.0071651852052211406, 33: 0.006832346054988618, 34: 0.005813726486675007, 35: 0.008006132490791176, 36: 0.005820409724817961, 37: 0.007747911046481357, 38: 0.006369345387564552, 39: 0.0077430854659731015, 40: 0.006592188821306696, 41: 0.007547477229197783, 42: 0.010075634270807796, 43: 0.005534259051885072, 44: 0.007893123569899825, 45: 0.007148903152237154, 46: 0.01249609552201725, 47: 0.004980451758790438, 48: 0.004749325199848869, 49: 0.0060361532418087985, 50: 0.008820372987410138, 51: 0.005596485306160732, 52: 0.007129089803656, 53: 0.005745353186773597, 54: 0.0077211278216873245, 55: 0.007626251651173208, 56: 0.006920810426324887, 57: 0.010339775401992482, 58: 0.008094929380881098, 59: 0.007714846020695692, 60: 0.006079523108165683, 61: 0.008141245990768837, 62: 0.007703768201004311, 63: 0.007149319865198791, 64: 0.007852077761959378, 65: 0.005576978620931032, 66: 0.009254309150318576, 67: 0.006076172606540872, 68: 0.007661585712828759, 69: 0.00808103987524113, 70: 0.008647766225545167, 71: 0.004447952924746442, 72: 0.007833738556132088, 73: 0.008261262735842975, 74: 0.006397771040099272}","[91, 90, 88, 86, 84, 83, 80, 80, 78, 78, 78, 78, 77, 77, 77, 77, 77, 77, 77, 76, 76, 76, 76, 76, 76, 75, 75, 75, 74, 74, 74, 74, 74, 74, 73, 73, 73, 72, 72, 71, 71, 71, 70, 70, 69, 68, 68, 68, 68, 68, 68, 67, 67, 67, 67, 66, 66, 66, 65, 65, 65, 65, 64, 64, 63, 62, 62, 62, 62, 61, 61, 61, 60, 59, 58]","dict_values([39, 44, 36, 43, 38, 46, 36, 34, 46, 46, 50, 48, 39, 43, 46, 40, 44, 41, 45, 44, 37, 43, 35, 40, 43, 47, 51, 42, 43, 45, 43, 46, 44, 49, 34, 33, 44, 46, 39, 37, 37, 39, 41, 42, 38, 48, 49, 40, 30, 43, 31, 43, 40, 43, 37, 45, 38, 39, 49, 43, 34, 30, 39, 44, 38, 45, 43, 36, 35, 36, 41, 48, 41, 50, 44])",0.05560593377976192
53,71.78666666666666,0.48948174686778373,"{0: 0.00762399356985853, 1: 0.007527460379258189, 2: 0.010263309630393017, 3: 0.004960079919849175, 4: 0.005616958077861356, 5: 0.007794743440383867, 6: 0.010670460703542868, 7: 0.005369427472199166, 8: 0.0056780381028769655, 9: 0.004893244874340197, 10: 0.008420074065828922, 11: 0.0060747563989076115, 12: 0.007667293452836736, 13: 0.008557989882589018, 14: 0.00800592496429088, 15: 0.005358040266846886, 16: 0.004991496801506297, 17: 0.0072212905653403405, 18: 0.004304327760071471, 19: 0.0068399826027418596, 20: 0.007225118089020343, 21: 0.00806464492555877, 22: 0.005641395489548168, 23: 0.0067995594612494424, 24: 0.007418783047591431, 25: 0.006445834055743899, 26: 0.006935058392784136, 27: 0.006902055691288876, 28: 0.005168094635780026, 29: 0.004707954639289517, 30: 0.004275711486454341, 31: 0.008382430162185798, 32: 0.006984832183435461, 33: 0.0068656655081716185, 34: 0.005426355792779335, 35: 0.007812361303636835, 36: 0.006077951045309675, 37: 0.007617737604214103, 38: 0.006695794755729755, 39: 0.007605494494171902, 40: 0.006917761021315342, 41: 0.007456478310907479, 42: 0.009788852042360715, 43: 0.005989736730697331, 44: 0.007916028328298227, 45: 0.0068959926020826555, 46: 0.01247530506896808, 47: 0.00490388398175683, 48: 0.004897173024903522, 49: 0.00643726461222459, 50: 0.008812822693765642, 51: 0.0056831622471617506, 52: 0.007182709729583084, 53: 0.005525524664358675, 54: 0.007572337430921383, 55: 0.007876151272105308, 56: 0.007158095488359588, 57: 0.009993572711067152, 58: 0.00800353755853589, 59: 0.00750347788556249, 60: 0.006281585364143542, 61: 0.008314730579959479, 62: 0.00765702122542697, 63: 0.007148743828409077, 64: 0.007805114324125478, 65: 0.00557557184830622, 66: 0.009219652186528964, 67: 0.0060927498932010675, 68: 0.00759551182816195, 69: 0.007832801926124766, 70: 0.008811512267647892, 71: 0.004305959726648272, 72: 0.007862075255140646, 73: 0.008205623070384879, 74: 0.006473063460615979}","[90, 90, 88, 85, 83, 83, 81, 80, 79, 78, 78, 78, 78, 78, 77, 77, 77, 77, 77, 77, 76, 76, 75, 75, 75, 75, 75, 74, 74, 74, 74, 74, 74, 73, 73, 73, 73, 73, 72, 72, 72, 71, 71, 70, 70, 69, 69, 69, 69, 68, 68, 68, 68, 67, 67, 66, 66, 66, 66, 66, 65, 65, 65, 64, 63, 63, 62, 62, 61, 61, 61, 61, 59, 58, 57]","dict_values([39, 44, 36, 43, 38, 46, 36, 34, 46, 46, 50, 48, 39, 43, 46, 40, 44, 41, 45, 44, 37, 43, 35, 40, 43, 47, 51, 42, 43, 45, 43, 46, 44, 49, 34, 33, 44, 46, 39, 37, 37, 39, 41, 42, 38, 48, 49, 40, 30, 43, 31, 43, 40, 43, 37, 45, 38, 39, 49, 43, 34, 30, 39, 44, 38, 45, 43, 36, 35, 36, 41, 48, 41, 50, 44])",0.05974832700047904
52,71.57333333333334,0.4876520938762767,"{0: 0.007507806082032981, 1: 0.008141462257098678, 2: 0.010247487808461948, 3: 0.005007792745478915, 4: 0.005697449098476781, 5: 0.007727665675345901, 6: 0.010669016887471256, 7: 0.00526281440642883, 8: 0.00577775102181293, 9: 0.00509232483498473, 10: 0.00787264078759643, 11: 0.0062718601224628365, 12: 0.00751520567688237, 13: 0.008352688154066173, 14: 0.008085810983380737, 15: 0.005404730952405817, 16: 0.0047595119673854306, 17: 0.007410643550348359, 18: 0.004280667126550659, 19: 0.006235164129811398, 20: 0.007336846720118184, 21: 0.008253362017276502, 22: 0.005721228345175181, 23: 0.006736990318456667, 24: 0.007495795246008019, 25: 0.006766397670589112, 26: 0.006790317408223655, 27: 0.007085062046901126, 28: 0.0052307486109396915, 29: 0.0050260284669050945, 30: 0.004179739049778319, 31: 0.007995316908574903, 32: 0.007095428314214434, 33: 0.006298266118514476, 34: 0.005696567684584317, 35: 0.008149628558505609, 36: 0.006250117151063417, 37: 0.00727844007735385, 38: 0.0067427854784192, 39: 0.007587732641706644, 40: 0.007122711561510971, 41: 0.007710675663387857, 42: 0.009640363433171055, 43: 0.006216824697286929, 44: 0.00798005779996042, 45: 0.006732445816273107, 46: 0.012261069314370324, 47: 0.0049293066046939135, 48: 0.005287610885102411, 49: 0.006414576332732632, 50: 0.009044312014747362, 51: 0.005853976522024026, 52: 0.007446544985410947, 53: 0.005624351421551214, 54: 0.007632647213872628, 55: 0.007993081880374312, 56: 0.006987594336914555, 57: 0.009943594029737612, 58: 0.007952060846604155, 59: 0.007922401520562682, 60: 0.006317827792088171, 61: 0.008531017440486057, 62: 0.007072974308276804, 63: 0.007219057790174566, 64: 0.00786872387847265, 65: 0.005397774486236983, 66: 0.009216072771474522, 67: 0.0063292855954760075, 68: 0.007581646160542759, 69: 0.007806758335205755, 70: 0.008700768515687221, 71: 0.004269446641585192, 72: 0.007918677493638041, 73: 0.008287603783575558, 74: 0.00629310789800904}","[90, 90, 87, 84, 82, 82, 80, 79, 79, 78, 78, 78, 78, 77, 77, 77, 77, 76, 76, 76, 76, 76, 75, 75, 75, 75, 75, 75, 74, 74, 74, 74, 74, 73, 73, 73, 72, 72, 71, 71, 70, 70, 70, 70, 69, 69, 69, 69, 69, 69, 68, 68, 67, 67, 67, 67, 67, 67, 66, 65, 65, 65, 65, 65, 64, 64, 63, 61, 61, 61, 60, 60, 59, 57, 57]","dict_values([39, 44, 36, 43, 38, 46, 36, 34, 46, 46, 50, 48, 39, 43, 46, 40, 44, 41, 45, 44, 37, 43, 35, 40, 43, 47, 51, 42, 43, 45, 43, 46, 44, 49, 34, 33, 44, 46, 39, 37, 37, 39, 41, 42, 38, 48, 49, 40, 30, 43, 31, 43, 40, 43, 37, 45, 38, 39, 49, 43, 34, 30, 39, 44, 38, 45, 43, 36, 35, 36, 41, 48, 41, 50, 44])",0.058849316255072295
53,72.02666666666667,0.4905036220352464,"{0: 0.007265047246599264, 1: 0.00847678158506067, 2: 0.010598542625265779, 3: 0.005326762675539091, 4: 0.005849529231080375, 5: 0.007422030286042714, 6: 0.010983069009214549, 7: 0.005695286974582809, 8: 0.005577754204980388, 9: 0.005152030038090999, 10: 0.007800944193824267, 11: 0.006049903898028561, 12: 0.007506942871741122, 13: 0.0077631434631195316, 14: 0.00772069857390367, 15: 0.00564952060542763, 16: 0.004676023418963752, 17: 0.007291435074431617, 18: 0.004213429013267182, 19: 0.00656179590787518, 20: 0.00726516721696472, 21: 0.007838888353661477, 22: 0.005657286303495469, 23: 0.006399048118172043, 24: 0.007436142673441854, 25: 0.0068365710734012725, 26: 0.006636807829678356, 27: 0.006923404604645704, 28: 0.004983404118100945, 29: 0.004819100994036581, 30: 0.004181696346270073, 31: 0.008111860565338278, 32: 0.0067007376549308145, 33: 0.006077660236715592, 34: 0.005441138273050172, 35: 0.008117075435941078, 36: 0.006227440046447752, 37: 0.007058259211619318, 38: 0.006706274483751209, 39: 0.0072038280148138826, 40: 0.006941463737881015, 41: 0.007825702321952146, 42: 0.009219849225734177, 43: 0.006325234667097308, 44: 0.007751474670380511, 45: 0.006543767686930201, 46: 0.012371576116270261, 47: 0.005167533521248009, 48: 0.0051702074183326875, 49: 0.006330668630188877, 50: 0.00879964117452762, 51: 0.006314149737675713, 52: 0.0072545494704609505, 53: 0.0056853106946410294, 54: 0.007711611337009636, 55: 0.008574120134614591, 56: 0.007077974379859245, 57: 0.00952737431373805, 58: 0.008004219179791163, 59: 0.007648585645415006, 60: 0.006249474231335489, 61: 0.008391793679810506, 62: 0.006931350882769137, 63: 0.007341869280323109, 64: 0.008002640724854248, 65: 0.00549457514530104, 66: 0.009556855232809454, 67: 0.006689008718216664, 68: 0.007658430646067887, 69: 0.007503896025538203, 70: 0.008555819364564766, 71: 0.004471007098290143, 72: 0.0076884464253340265, 73: 0.008505601873051567, 74: 0.005909014430442412}","[92, 91, 89, 84, 83, 81, 81, 80, 80, 79, 78, 78, 78, 77, 77, 77, 77, 77, 77, 76, 76, 76, 76, 76, 76, 75, 75, 75, 74, 74, 74, 74, 73, 73, 73, 73, 72, 72, 71, 71, 71, 71, 70, 70, 70, 70, 70, 70, 69, 69, 69, 69, 68, 68, 68, 68, 67, 67, 67, 66, 66, 65, 65, 65, 65, 64, 62, 62, 62, 62, 60, 60, 59, 59, 58]","dict_values([39, 44, 36, 43, 38, 46, 36, 34, 46, 46, 50, 48, 39, 43, 46, 40, 44, 41, 45, 44, 37, 43, 35, 40, 43, 47, 51, 42, 43, 45, 43, 46, 44, 49, 34, 33, 44, 46, 39, 37, 37, 39, 41, 42, 38, 48, 49, 40, 30, 43, 31, 43, 40, 43, 37, 45, 38, 39, 49, 43, 34, 30, 39, 44, 38, 45, 43, 36, 35, 36, 41, 48, 41, 50, 44])",0.057952400423225525
53,72.21333333333334,0.4920018023568146,"{0: 0.007515041119229971, 1: 0.00859057841043255, 2: 0.010383341019508363, 3: 0.005344740573171964, 4: 0.0059534146364568835, 5: 0.007430659855342141, 6: 0.011148763788806743, 7: 0.005539486663800984, 8: 0.005711480371925977, 9: 0.004944800630208911, 10: 0.008634569938383102, 11: 0.006026570007244167, 12: 0.006480523738051882, 13: 0.007413461918255196, 14: 0.007510431800433649, 15: 0.005706327472835301, 16: 0.004764019716522445, 17: 0.006768350453285705, 18: 0.004365326377162018, 19: 0.006210855164717775, 20: 0.007267015343503649, 21: 0.007703003828951676, 22: 0.005590049304359499, 23: 0.00654462734746835, 24: 0.007351698314531817, 25: 0.007334614459986682, 26: 0.006354195860977784, 27: 0.006904561087417097, 28: 0.005167304694085395, 29: 0.004800773390039525, 30: 0.004166227622974482, 31: 0.008212846912441566, 32: 0.006967436415920456, 33: 0.006213511972787664, 34: 0.005514386052066337, 35: 0.008021619034348148, 36: 0.006096475826641938, 37: 0.006900834488042301, 38: 0.006953789200119751, 39: 0.006864638853422866, 40: 0.006522991240112799, 41: 0.007947332679608381, 42: 0.008756186740933758, 43: 0.006258946040542529, 44: 0.007868167526732625, 45: 0.006952966210471082, 46: 0.012466168506682432, 47: 0.005083317794435331, 48: 0.005148492997088023, 49: 0.006117643103075089, 50: 0.00866106543885185, 51: 0.006263427070202497, 52: 0.007832564255122116, 53: 0.005611193009582697, 54: 0.007684780599909505, 55: 0.00844842715688671, 56: 0.006999723262418869, 57: 0.009092481317022356, 58: 0.007944817921424891, 59: 0.007827037266451427, 60: 0.00638446303078942, 61: 0.008212337306141874, 62: 0.006677547395471597, 63: 0.007760750729765819, 64: 0.008238402841357602, 65: 0.0056359599702525956, 66: 0.009028475296736794, 67: 0.006420283747761993, 68: 0.008107823068384127, 69: 0.007518829158076803, 70: 0.00852962108613816, 71: 0.004769494498950614, 72: 0.007447025750088767, 73: 0.008618672595096633, 74: 0.005891673631232617}","[93, 92, 88, 82, 81, 81, 81, 80, 80, 79, 79, 78, 78, 78, 78, 78, 78, 78, 77, 77, 77, 77, 77, 77, 76, 76, 76, 75, 74, 74, 74, 73, 73, 73, 73, 73, 72, 72, 72, 71, 71, 71, 70, 70, 70, 70, 70, 69, 69, 69, 68, 68, 68, 68, 68, 67, 67, 67, 67, 67, 66, 66, 66, 65, 65, 64, 64, 62, 62, 62, 61, 61, 60, 59, 58]","dict_values([39, 44, 36, 43, 38, 46, 36, 34, 46, 46, 50, 48, 39, 43, 46, 40, 44, 41, 45, 44, 37, 43, 35, 40, 43, 47, 51, 42, 43, 45, 43, 46, 44, 49, 34, 33, 44, 46, 39, 37, 37, 39, 41, 42, 38, 48, 49, 40, 30, 43, 31, 43, 40, 43, 37, 45, 38, 39, 49, 43, 34, 30, 39, 44, 38, 45, 43, 36, 35, 36, 41, 48, 41, 50, 44])",0.05338045923343277
53,72.24,0.4918925449477712,"{0: 0.007285438394487923, 1: 0.00862480688710031, 2: 0.010110502504969195, 3: 0.005495470175900963, 4: 0.005963831832203337, 5: 0.007325467571693143, 6: 0.011218310108887136, 7: 0.005679008015927155, 8: 0.005734771140046497, 9: 0.004697029891405765, 10: 0.008543180964099145, 11: 0.0060331925331004715, 12: 0.006657499401059498, 13: 0.007279960928691478, 14: 0.00745596014515726, 15: 0.0056583770031998805, 16: 0.00484788352283013, 17: 0.006799325264640427, 18: 0.004321761124486064, 19: 0.006171124755115724, 20: 0.007132517508869178, 21: 0.007949106301841844, 22: 0.00542135094963175, 23: 0.00655584707786022, 24: 0.007166325781829856, 25: 0.007033749627133646, 26: 0.006324302445911681, 27: 0.006793543494881797, 28: 0.005166991440375064, 29: 0.004836671341374187, 30: 0.00428117471950164, 31: 0.008628167667381, 32: 0.007239135201646865, 33: 0.006088756496952602, 34: 0.0053719283857913925, 35: 0.00841681755894941, 36: 0.006225897345302823, 37: 0.006862473782386301, 38: 0.006822583996392548, 39: 0.006607131343684826, 40: 0.0065607019511653665, 41: 0.008193980623241306, 42: 0.00891368071003804, 43: 0.006392193208182836, 44: 0.007933450555365174, 45: 0.007129279062829655, 46: 0.011771389605561402, 47: 0.005023662079721498, 48: 0.005214369386525268, 49: 0.0059503858785788935, 50: 0.00813702784085889, 51: 0.006407730979293149, 52: 0.008164863918689286, 53: 0.005720276060296287, 54: 0.007552885442440875, 55: 0.008418677419656562, 56: 0.006939935510531835, 57: 0.008564270291283975, 58: 0.0075932156916060575, 59: 0.008488015974515681, 60: 0.0061417378477385065, 61: 0.008198513977239039, 62: 0.006695988026199654, 63: 0.008028154757654947, 64: 0.007734378967026235, 65: 0.0057272425817791114, 66: 0.009300158927935504, 67: 0.006717753390559024, 68: 0.00819911062090927, 69: 0.007485427527259831, 70: 0.008825202184276848, 71: 0.004896314886312064, 72: 0.007615550902193303, 73: 0.008655517976419641, 74: 0.005797907889605145}","[93, 90, 87, 83, 82, 81, 81, 80, 80, 79, 79, 79, 79, 79, 78, 78, 78, 78, 78, 78, 77, 77, 76, 76, 76, 76, 75, 75, 74, 74, 73, 73, 73, 73, 73, 72, 72, 72, 72, 71, 71, 71, 70, 70, 70, 70, 70, 69, 69, 69, 68, 68, 68, 68, 68, 68, 67, 67, 67, 67, 66, 66, 66, 65, 65, 64, 63, 63, 62, 62, 61, 61, 60, 60, 59]","dict_values([39, 44, 36, 43, 38, 46, 36, 34, 46, 46, 50, 48, 39, 43, 46, 40, 44, 41, 45, 44, 37, 43, 35, 40, 43, 47, 51, 42, 43, 45, 43, 46, 44, 49, 34, 33, 44, 46, 39, 37, 37, 39, 41, 42, 38, 48, 49, 40, 30, 43, 31, 43, 40, 43, 37, 45, 38, 39, 49, 43, 34, 30, 39, 44, 38, 45, 43, 36, 35, 36, 41, 48, 41, 50, 44])",0.05231117144892927
53,72.34666666666666,0.49219243252514816,"{0: 0.007211532365623089, 1: 0.008649264176210852, 2: 0.009868859375233751, 3: 0.005493274303971693, 4: 0.005902552042840315, 5: 0.008068764009557979, 6: 0.010943887223438321, 7: 0.005624458668275248, 8: 0.005919591903048152, 9: 0.004877519585799219, 10: 0.008441264788355224, 11: 0.006133320726920619, 12: 0.006809701449245252, 13: 0.007206922013771257, 14: 0.00741231519828896, 15: 0.005690323669766081, 16: 0.004972698849934974, 17: 0.006602013174167424, 18: 0.004501836215975247, 19: 0.005937730537515048, 20: 0.007118452397285742, 21: 0.008091045245157153, 22: 0.005397728353489219, 23: 0.006481008191849858, 24: 0.00705596270634659, 25: 0.007142185919129082, 26: 0.006149944459283203, 27: 0.007022397399277403, 28: 0.004980326621853101, 29: 0.004843080534251046, 30: 0.004469029024090491, 31: 0.008305144211637111, 32: 0.006986952192823135, 33: 0.006182574703191352, 34: 0.005598439462237633, 35: 0.008597237634068826, 36: 0.005968396602690708, 37: 0.0067497228307920685, 38: 0.00719413968928525, 39: 0.006588141011909423, 40: 0.0066699262675826675, 41: 0.007869034603753147, 42: 0.008588377034089711, 43: 0.006713857660843242, 44: 0.008112150075678358, 45: 0.007407650351620946, 46: 0.011392981418775915, 47: 0.0050707331318664535, 48: 0.00532207474171503, 49: 0.006201903585557222, 50: 0.008356603908495306, 51: 0.006239750530307202, 52: 0.008071413917512189, 53: 0.005811264945479805, 54: 0.0073189876988385945, 55: 0.008437658599108286, 56: 0.006864225526698465, 57: 0.008151342004056695, 58: 0.007380322709359623, 59: 0.008439938704235312, 60: 0.005895224949078253, 61: 0.008622118420541523, 62: 0.0064749996776792655, 63: 0.007992731058430754, 64: 0.007962223990822753, 65: 0.005780559709857757, 66: 0.009492645900933813, 67: 0.006675156864100439, 68: 0.007949855187102691, 69: 0.007512037020397658, 70: 0.00885231017418086, 71: 0.005148792974240216, 72: 0.007350787190744883, 73: 0.008018990095734969, 74: 0.005837490694292036}","[92, 89, 86, 84, 81, 81, 80, 80, 80, 79, 79, 79, 79, 79, 79, 79, 78, 78, 78, 78, 77, 77, 77, 76, 76, 75, 75, 75, 75, 74, 74, 74, 73, 73, 73, 73, 72, 72, 71, 71, 71, 70, 70, 70, 70, 70, 70, 70, 69, 69, 69, 68, 68, 68, 67, 67, 67, 67, 67, 67, 67, 66, 66, 66, 66, 65, 64, 63, 63, 62, 62, 61, 60, 60, 60]","dict_values([39, 44, 36, 43, 38, 46, 36, 34, 46, 46, 50, 48, 39, 43, 46, 40, 44, 41, 45, 44, 37, 43, 35, 40, 43, 47, 51, 42, 43, 45, 43, 46, 44, 49, 34, 33, 44, 46, 39, 37, 37, 39, 41, 42, 38, 48, 49, 40, 30, 43, 31, 43, 40, 43, 37, 45, 38, 39, 49, 43, 34, 30, 39, 44, 38, 45, 43, 36, 35, 36, 41, 48, 41, 50, 44])",0.05557737662337314
52,72.10666666666667,0.4908240965182072,"{0: 0.006976342883882388, 1: 0.008920274351808654, 2: 0.0099491712615673, 3: 0.0055603206732959065, 4: 0.00573684024549148, 5: 0.008112502288365405, 6: 0.011452350611497417, 7: 0.0054587534285011645, 8: 0.005897075843171794, 9: 0.00507448720782328, 10: 0.008526460254743793, 11: 0.006074152212877917, 12: 0.007171623973457082, 13: 0.007621610076536763, 14: 0.006879291674805058, 15: 0.005651285273607749, 16: 0.005234627849863222, 17: 0.006427991972730524, 18: 0.004549301905461654, 19: 0.005953250376272573, 20: 0.0071885666034205535, 21: 0.008473471250061414, 22: 0.005347242747230724, 23: 0.006310631485392698, 24: 0.007211149946545918, 25: 0.007069944754028484, 26: 0.006184498888865123, 27: 0.006643488844525503, 28: 0.004888253204731549, 29: 0.004924514889392932, 30: 0.004517315978606633, 31: 0.008195182472588809, 32: 0.00714085961393067, 33: 0.006249276298216016, 34: 0.0056204453848883035, 35: 0.00867673163718699, 36: 0.006201228322207025, 37: 0.006727661763452133, 38: 0.007184886177652053, 39: 0.00652617923404485, 40: 0.006588840779414008, 41: 0.00790526561553197, 42: 0.008433064815914585, 43: 0.006600713008600449, 44: 0.008104469988448238, 45: 0.007632817614814322, 46: 0.011426140128292347, 47: 0.00481096758143826, 48: 0.005104236021548248, 49: 0.006038220253995294, 50: 0.008585657802913507, 51: 0.006082276121103639, 52: 0.007775412106657133, 53: 0.005701901946291759, 54: 0.0073930611448146085, 55: 0.008338953317241979, 56: 0.007343418170404588, 57: 0.008242380201143559, 58: 0.007730101854408487, 59: 0.008480987686631102, 60: 0.006243169363236398, 61: 0.008908328636733721, 62: 0.006498103616851738, 63: 0.008179653979342583, 64: 0.008122782742327613, 65: 0.005786632915480225, 66: 0.009808782831059888, 67: 0.006819761244050327, 68: 0.007775299198579655, 69: 0.007426591865627196, 70: 0.008851000271457363, 71: 0.004982288681522693, 72: 0.006858351441759461, 73: 0.007867362896351022, 74: 0.0058856706968367515}","[93, 89, 86, 85, 81, 80, 80, 80, 80, 79, 79, 79, 79, 79, 79, 78, 78, 78, 78, 78, 77, 76, 76, 76, 76, 75, 75, 75, 75, 74, 74, 74, 73, 73, 72, 71, 71, 71, 71, 71, 71, 70, 70, 70, 70, 70, 70, 69, 69, 68, 68, 68, 68, 67, 67, 67, 67, 67, 66, 66, 66, 66, 66, 65, 65, 65, 65, 64, 62, 62, 61, 60, 60, 60, 59]","dict_values([39, 44, 36, 43, 38, 46, 36, 34, 46, 46, 50, 48, 39, 43, 46, 40, 44, 41, 45, 44, 37, 43, 35, 40, 43, 47, 51, 42, 43, 45, 43, 46, 44, 49, 34, 33, 44, 46, 39, 37, 37, 39, 41, 42, 38, 48, 49, 40, 30, 43, 31, 43, 40, 43, 37, 45, 38, 39, 49, 43, 34, 30, 39, 44, 38, 45, 43, 36, 35, 36, 41, 48, 41, 50, 44])",0.05370126111655755
54,71.92,0.49046645576599873,"{0: 0.006998273611135143, 1: 0.009040545853629805, 2: 0.010310683505656906, 3: 0.0054327736253184595, 4: 0.0057848644269504635, 5: 0.007986312381711127, 6: 0.011877347213509158, 7: 0.005266311914477414, 8: 0.005906129961226123, 9: 0.005028773242120432, 10: 0.00862004739953661, 11: 0.006106461904563083, 12: 0.007206755293197432, 13: 0.007481988430590757, 14: 0.007135942748104315, 15: 0.005615458710734886, 16: 0.005129578311633431, 17: 0.006539854086255683, 18: 0.004516752527909313, 19: 0.005910617247287604, 20: 0.007470527064521602, 21: 0.007987036767447522, 22: 0.00537098010432242, 23: 0.006308969863299747, 24: 0.007029705114781509, 25: 0.006921135849578939, 26: 0.0061124990766045165, 27: 0.007002053272829947, 28: 0.004415663774645938, 29: 0.005173164305012167, 30: 0.004368268040201623, 31: 0.008449632538459541, 32: 0.007433338790381148, 33: 0.0061280125471070215, 34: 0.0054935874282043915, 35: 0.00864307611635405, 36: 0.006313599627674425, 37: 0.006093002108124979, 38: 0.007629291565460593, 39: 0.006848986785437937, 40: 0.006263318508858658, 41: 0.008070783532046431, 42: 0.008790685203291473, 43: 0.006690703310179895, 44: 0.008432731871930511, 45: 0.007631515239932313, 46: 0.01111041277213756, 47: 0.004421797973234607, 48: 0.005132072304645274, 49: 0.005864313431880572, 50: 0.008816183746107351, 51: 0.00618483826761737, 52: 0.007442081437527214, 53: 0.005616447603152334, 54: 0.007851507793527892, 55: 0.008224127226119149, 56: 0.007072214675316353, 57: 0.00817997229557628, 58: 0.007759137632567445, 59: 0.008389977125383651, 60: 0.006426437928089878, 61: 0.009014185919965225, 62: 0.006783959540686774, 63: 0.008207100239103902, 64: 0.008183759079932006, 65: 0.005894019180618782, 66: 0.010240747122664519, 67: 0.006589526944935091, 68: 0.00803218409131374, 69: 0.0075185062300813146, 70: 0.008499056505979064, 71: 0.005162540465732681, 72: 0.0069161510142561776, 73: 0.007756194788361437, 74: 0.0058805326291126725}","[94, 89, 88, 87, 82, 81, 80, 79, 79, 79, 79, 79, 79, 79, 78, 78, 78, 78, 77, 77, 77, 77, 76, 76, 76, 76, 75, 75, 75, 75, 74, 73, 73, 72, 72, 71, 71, 71, 71, 71, 70, 70, 70, 69, 69, 69, 69, 69, 69, 69, 68, 67, 67, 67, 67, 67, 66, 66, 66, 66, 66, 66, 66, 65, 65, 64, 64, 63, 63, 61, 60, 59, 59, 59, 57]","dict_values([39, 44, 36, 43, 38, 46, 36, 34, 46, 46, 50, 48, 39, 43, 46, 40, 44, 41, 45, 44, 37, 43, 35, 40, 43, 47, 51, 42, 43, 45, 43, 46, 44, 49, 34, 33, 44, 46, 39, 37, 37, 39, 41, 42, 38, 48, 49, 40, 30, 43, 31, 43, 40, 43, 37, 45, 38, 39, 49, 43, 34, 30, 39, 44, 38, 45, 43, 36, 35, 36, 41, 48, 41, 50, 44])",0.05003678265404003
54,71.86666666666666,0.4907118400028528,"{0: 0.006761342697519567, 1: 0.00853353320100867, 2: 0.009966430033618011, 3: 0.005017926246734591, 4: 0.006166450009805882, 5: 0.0078275273280537, 6: 0.011916970939524027, 7: 0.005298970910849381, 8: 0.0053433726441045395, 9: 0.004994832620425503, 10: 0.008731980061393694, 11: 0.006054953612636983, 12: 0.0074162561793530025, 13: 0.007294522031852436, 14: 0.007405925114218216, 15: 0.0057051922815852885, 16: 0.004812146358121508, 17: 0.006335414001155803, 18: 0.004358494541179261, 19: 0.005768454601116772, 20: 0.007731753187104848, 21: 0.007894604469312734, 22: 0.005553168991306784, 23: 0.0061625341054392544, 24: 0.006527626134838675, 25: 0.007219677980615206, 26: 0.006386862659022429, 27: 0.006788672895431186, 28: 0.004479281455475889, 29: 0.005394999453965587, 30: 0.0042207359155924384, 31: 0.008508864930379072, 32: 0.0072064001742925266, 33: 0.006147914890751008, 34: 0.005738442529608526, 35: 0.008544508226171312, 36: 0.006064535192787512, 37: 0.006144847428579422, 38: 0.007896189049272454, 39: 0.006795505676058665, 40: 0.006474832621898443, 41: 0.008607451664387387, 42: 0.008735030257320893, 43: 0.00683001609180722, 44: 0.008256391145496296, 45: 0.00745923263379586, 46: 0.011231434785320465, 47: 0.004417356441652842, 48: 0.005263132775083056, 49: 0.00621994160813796, 50: 0.008758558724035716, 51: 0.00616438445238404, 52: 0.0073656803844034035, 53: 0.005405147843767693, 54: 0.007879112452181395, 55: 0.008503821521279058, 56: 0.007125830959107977, 57: 0.008323694692999158, 58: 0.008174842183694304, 59: 0.00877732770232591, 60: 0.006165559510042517, 61: 0.00883266874944711, 62: 0.006829943373018689, 63: 0.008566727390226745, 64: 0.008334067054363061, 65: 0.005894632789108571, 66: 0.010286337645097416, 67: 0.006819269805705767, 68: 0.008073470733710415, 69: 0.007941869977827485, 70: 0.00851653220300714, 71: 0.0049316246608352215, 72: 0.006957413341919039, 73: 0.007601581542813086, 74: 0.005665219536345632}","[94, 90, 87, 87, 81, 81, 81, 80, 80, 80, 80, 80, 79, 79, 78, 78, 78, 78, 77, 77, 77, 77, 76, 76, 76, 76, 74, 74, 74, 74, 74, 73, 73, 72, 72, 72, 72, 72, 71, 70, 70, 70, 70, 70, 70, 69, 69, 68, 68, 68, 68, 68, 67, 67, 67, 67, 66, 66, 66, 66, 66, 65, 65, 65, 65, 65, 64, 64, 62, 60, 59, 59, 58, 57, 56]","dict_values([39, 44, 36, 43, 38, 46, 36, 34, 46, 46, 50, 48, 39, 43, 46, 40, 44, 41, 45, 44, 37, 43, 35, 40, 43, 47, 51, 42, 43, 45, 43, 46, 44, 49, 34, 33, 44, 46, 39, 37, 37, 39, 41, 42, 38, 48, 49, 40, 30, 43, 31, 43, 40, 43, 37, 45, 38, 39, 49, 43, 34, 30, 39, 44, 38, 45, 43, 36, 35, 36, 41, 48, 41, 50, 44])",0.053374592542363604
53,72.08,0.49152009283005993,"{0: 0.00659346171147657, 1: 0.007951365127825271, 2: 0.009653166135243843, 3: 0.0052671553084835095, 4: 0.0062869899220220635, 5: 0.008014891299874564, 6: 0.011498339546361135, 7: 0.0052143370644842126, 8: 0.0053867081105112916, 9: 0.004952425376439528, 10: 0.008826317111827223, 11: 0.005997792182947968, 12: 0.007575024965107941, 13: 0.006541392675955357, 14: 0.007274119389464449, 15: 0.005641276652760204, 16: 0.00474945725621503, 17: 0.006494247430918314, 18: 0.0040226199903675135, 19: 0.005567630113812187, 20: 0.008386058473531431, 21: 0.008079560859756255, 22: 0.005890235158307952, 23: 0.006249116304739147, 24: 0.006176779272418144, 25: 0.007470359392228384, 26: 0.006126467973232785, 27: 0.006804560612285314, 28: 0.004467443494060005, 29: 0.005312672762649215, 30: 0.004558752700816788, 31: 0.008491863192569076, 32: 0.007582069727728575, 33: 0.006097495852369699, 34: 0.005946566023965565, 35: 0.008822384616685948, 36: 0.006011926043808318, 37: 0.0063518986735338545, 38: 0.008120520304270422, 39: 0.006611661180907236, 40: 0.006798394514421456, 41: 0.008532592310976956, 42: 0.008526838758185374, 43: 0.006750519954763178, 44: 0.008273580993060872, 45: 0.0074024336547844115, 46: 0.010880496246131655, 47: 0.004326243486624013, 48: 0.005368201544768594, 49: 0.005934344112279082, 50: 0.008679203146108573, 51: 0.006537214856612876, 52: 0.0070462815243589995, 53: 0.005397614866278951, 54: 0.007823875810855327, 55: 0.008106103470848787, 56: 0.007001776672619557, 57: 0.008231252235316696, 58: 0.008312427833195721, 59: 0.008580996586067377, 60: 0.006339008572781575, 61: 0.008941573999070583, 62: 0.0067974395847548936, 63: 0.008554663106561392, 64: 0.008250096915183134, 65: 0.006164324319889017, 66: 0.010203714732702308, 67: 0.006863463456163061, 68: 0.008178687580303275, 69: 0.007752846666959123, 70: 0.008444650137778372, 71: 0.004683443927883739, 72: 0.00700721344084631, 73: 0.007542991041091538, 74: 0.0057254069748379705}","[93, 89, 87, 86, 81, 81, 81, 81, 80, 80, 80, 80, 80, 79, 79, 78, 78, 78, 78, 78, 78, 77, 77, 76, 76, 76, 75, 74, 74, 74, 73, 73, 73, 73, 73, 73, 71, 71, 71, 70, 70, 70, 70, 70, 70, 70, 70, 69, 69, 68, 68, 68, 68, 68, 67, 67, 67, 67, 66, 66, 66, 66, 66, 66, 65, 64, 64, 64, 62, 60, 60, 58, 58, 57, 57]","dict_values([39, 44, 36, 43, 38, 46, 36, 34, 46, 46, 50, 48, 39, 43, 46, 40, 44, 41, 45, 44, 37, 43, 35, 40, 43, 47, 51, 42, 43, 45, 43, 46, 44, 49, 34, 33, 44, 46, 39, 37, 37, 39, 41, 42, 38, 48, 49, 40, 30, 43, 31, 43, 40, 43, 37, 45, 38, 39, 49, 43, 34, 30, 39, 44, 38, 45, 43, 36, 35, 36, 41, 48, 41, 50, 44])",0.057487131835401925
51,72.02666666666667,0.49088062380471165,"{0: 0.006878192906962565, 1: 0.007914976205975909, 2: 0.009372900663413416, 3: 0.005547053355290389, 4: 0.006264700941227344, 5: 0.007850414763244584, 6: 0.011171751228572637, 7: 0.005350978893385983, 8: 0.005545591199728564, 9: 0.004742165325835291, 10: 0.008573301413090647, 11: 0.006116818860429082, 12: 0.007786267562510374, 13: 0.006900580458158882, 14: 0.007316214474039459, 15: 0.005634079911431924, 16: 0.004783550861570923, 17: 0.006192722115167002, 18: 0.0041723172639699276, 19: 0.0054716484287741455, 20: 0.008429167121769375, 21: 0.008077915633389735, 22: 0.005886836633772661, 23: 0.006439658255578071, 24: 0.006183142367602065, 25: 0.007293929010203132, 26: 0.006040093976003255, 27: 0.006935572722877792, 28: 0.004787973337458852, 29: 0.005611441274224917, 30: 0.004888787990592616, 31: 0.008280578415608643, 32: 0.007192251122539134, 33: 0.006137401306348267, 34: 0.0062315863971932695, 35: 0.008836020490481543, 36: 0.006011900090618011, 37: 0.0060125431619447185, 38: 0.008218849422223574, 39: 0.006632128875678045, 40: 0.006538153916279429, 41: 0.009006949496331487, 42: 0.008170895100026155, 43: 0.006558277293954755, 44: 0.008270724344944658, 45: 0.006889356351197431, 46: 0.010962600415589592, 47: 0.004443030685309585, 48: 0.00534427461451502, 49: 0.005935332267400672, 50: 0.00867831120426482, 51: 0.0063875648758145364, 52: 0.007684488534283733, 53: 0.005098661955013959, 54: 0.00779523354138763, 55: 0.008325746764514703, 56: 0.006990809939973055, 57: 0.008137076106688674, 58: 0.008352299653334795, 59: 0.008583153700993149, 60: 0.006301362006938539, 61: 0.00891947009409508, 62: 0.006754397968261514, 63: 0.00852087000317152, 64: 0.008025406137568025, 65: 0.006243364597247342, 66: 0.010673823208855496, 67: 0.006798050647302517, 68: 0.008076479850167349, 69: 0.007889865793750289, 70: 0.008489732375277344, 71: 0.004384061978554656, 72: 0.007068127900313237, 73: 0.007668092868368608, 74: 0.0057172096433965305}","[92, 89, 88, 84, 82, 81, 81, 80, 80, 80, 80, 79, 79, 79, 79, 78, 78, 78, 78, 78, 77, 77, 77, 76, 76, 75, 75, 74, 74, 74, 74, 74, 73, 73, 72, 72, 71, 71, 71, 70, 70, 70, 70, 70, 70, 69, 69, 69, 69, 69, 69, 68, 68, 67, 67, 67, 67, 67, 67, 67, 66, 66, 66, 65, 65, 65, 63, 62, 62, 61, 59, 59, 59, 58, 58]","dict_values([39, 44, 36, 43, 38, 46, 36, 34, 46, 46, 50, 48, 39, 43, 46, 40, 44, 41, 45, 44, 37, 43, 35, 40, 43, 47, 51, 42, 43, 45, 43, 46, 44, 49, 34, 33, 44, 46, 39, 37, 37, 39, 41, 42, 38, 48, 49, 40, 30, 43, 31, 43, 40, 43, 37, 45, 38, 39, 49, 43, 34, 30, 39, 44, 38, 45, 43, 36, 35, 36, 41, 48, 41, 50, 44])",0.051320414052634
52,71.81333333333333,0.4892710563366888,"{0: 0.007178375811776145, 1: 0.008043585924318118, 2: 0.009510356368914267, 3: 0.005434871813861666, 4: 0.00643329084499289, 5: 0.0077814678171643495, 6: 0.011642228023998365, 7: 0.0054015920405896985, 8: 0.005612380286550977, 9: 0.004772188358058756, 10: 0.008832166362042215, 11: 0.0061902320741316985, 12: 0.008036990256344894, 13: 0.0069283093457678385, 14: 0.007195719776371566, 15: 0.005598828084618301, 16: 0.004680373475076911, 17: 0.006216084774494801, 18: 0.004151867426460673, 19: 0.005517092064856263, 20: 0.008434995344270144, 21: 0.00807253733451665, 22: 0.0058791789767740675, 23: 0.006547711586302519, 24: 0.005941051616745144, 25: 0.006908066494523928, 26: 0.006123321949057028, 27: 0.00704195123973609, 28: 0.005233426452353917, 29: 0.005661006573007844, 30: 0.0048501943234983, 31: 0.00800268919153211, 32: 0.007262088646795457, 33: 0.0059341166355669555, 34: 0.0063527350591120494, 35: 0.00877856773755001, 36: 0.005876791677593563, 37: 0.006031365276230443, 38: 0.007930359084949178, 39: 0.006627771205948608, 40: 0.006577694121062926, 41: 0.009093279116439163, 42: 0.007983982746270797, 43: 0.006298175809137148, 44: 0.008076175537426936, 45: 0.006699611596797526, 46: 0.010451063906035387, 47: 0.0045274651682920145, 48: 0.005465838690730841, 49: 0.00599046464382383, 50: 0.008988845411334472, 51: 0.006456577880556081, 52: 0.007605323113153485, 53: 0.005254506620986006, 54: 0.00760141119434232, 55: 0.00862011970561432, 56: 0.0066999087667626534, 57: 0.007999331877359094, 58: 0.008564525647734703, 59: 0.00857599237394173, 60: 0.006245293391646021, 61: 0.009014668652910094, 62: 0.007027918777437588, 63: 0.008517106110591139, 64: 0.007650939695980016, 65: 0.006461124046198827, 66: 0.010233501003474439, 67: 0.007014664832299043, 68: 0.008098555919475472, 69: 0.008008691585697907, 70: 0.008558659471287684, 71: 0.0042634551236964136, 72: 0.008058452454506872, 73: 0.00797324473510361, 74: 0.005573696197193954}","[93, 87, 86, 84, 82, 81, 81, 81, 80, 80, 80, 79, 79, 78, 78, 78, 77, 77, 77, 77, 77, 77, 77, 76, 75, 75, 75, 75, 75, 74, 74, 74, 73, 72, 72, 72, 71, 71, 70, 70, 70, 70, 70, 70, 70, 69, 69, 69, 69, 69, 68, 68, 68, 68, 67, 67, 67, 67, 66, 66, 65, 65, 65, 65, 65, 64, 63, 61, 61, 60, 60, 60, 59, 58, 58]","dict_values([39, 44, 36, 43, 38, 46, 36, 34, 46, 46, 50, 48, 39, 43, 46, 40, 44, 41, 45, 44, 37, 43, 35, 40, 43, 47, 51, 42, 43, 45, 43, 46, 44, 49, 34, 33, 44, 46, 39, 37, 37, 39, 41, 42, 38, 48, 49, 40, 30, 43, 31, 43, 40, 43, 37, 45, 38, 39, 49, 43, 34, 30, 39, 44, 38, 45, 43, 36, 35, 36, 41, 48, 41, 50, 44])",0.053003282154266876
52,71.97333333333333,0.48972551639277534,"{0: 0.007414788747770897, 1: 0.008341271156719733, 2: 0.009115344491970467, 3: 0.0057105893902765015, 4: 0.006417481486326218, 5: 0.007439788850580416, 6: 0.011552210363544493, 7: 0.005759152553571223, 8: 0.0058815704497740305, 9: 0.004708754640595862, 10: 0.008744447602250176, 11: 0.006305724888471623, 12: 0.00804473089402622, 13: 0.006758455022191991, 14: 0.00759298419263209, 15: 0.005845279235981771, 16: 0.004636193001792674, 17: 0.006105716251207727, 18: 0.004111194871798297, 19: 0.005314374323509051, 20: 0.008644529715461325, 21: 0.008277270328048597, 22: 0.006146016728553256, 23: 0.006249710164719823, 24: 0.005640747826784775, 25: 0.006497106482123395, 26: 0.005979721252441288, 27: 0.006817061400137429, 28: 0.005223005818905068, 29: 0.00566683171545042, 30: 0.005021954878171354, 31: 0.008050700496901483, 32: 0.00731396026518744, 33: 0.005962524185673733, 34: 0.006147891943907085, 35: 0.0084360340188403, 36: 0.005998297298874506, 37: 0.0059672808944189176, 38: 0.007809842226541859, 39: 0.0063997405568468595, 40: 0.006563520222503502, 41: 0.009184500187145018, 42: 0.008073830182963466, 43: 0.006271005628321249, 44: 0.00833058020573825, 45: 0.0066169848803150294, 46: 0.010517407341638071, 47: 0.004766616992109726, 48: 0.005451421375735555, 49: 0.006139189807301664, 50: 0.008905272669259032, 51: 0.006613165023694679, 52: 0.007798975360266932, 53: 0.005330557030174136, 54: 0.0074465313944231115, 55: 0.008259057076203237, 56: 0.006630577992295401, 57: 0.007508982973672063, 58: 0.008292604653246815, 59: 0.008152594694368234, 60: 0.005966780783455358, 61: 0.009109627639539732, 62: 0.007364837896480367, 63: 0.008577867245829285, 64: 0.007745941712926198, 65: 0.006362638127544537, 66: 0.009683196034014763, 67: 0.007118898721970587, 68: 0.008541975575897925, 69: 0.007999821577571157, 70: 0.008770684936026273, 71: 0.00424321044898033, 72: 0.00780277338398442, 73: 0.00797119742484969, 74: 0.005604385707491996}","[93, 87, 84, 83, 82, 82, 81, 81, 81, 80, 79, 79, 79, 79, 79, 79, 78, 78, 78, 77, 77, 76, 76, 76, 76, 76, 75, 75, 75, 74, 74, 74, 73, 72, 72, 72, 71, 71, 70, 70, 70, 70, 70, 69, 69, 69, 69, 69, 69, 69, 69, 69, 68, 68, 68, 68, 68, 67, 67, 66, 66, 65, 65, 64, 64, 64, 62, 61, 61, 61, 61, 61, 60, 60, 58]","dict_values([39, 44, 36, 43, 38, 46, 36, 34, 46, 46, 50, 48, 39, 43, 46, 40, 44, 41, 45, 44, 37, 43, 35, 40, 43, 47, 51, 42, 43, 45, 43, 46, 44, 49, 34, 33, 44, 46, 39, 37, 37, 39, 41, 42, 38, 48, 49, 40, 30, 43, 31, 43, 40, 43, 37, 45, 38, 39, 49, 43, 34, 30, 39, 44, 38, 45, 43, 36, 35, 36, 41, 48, 41, 50, 44])",0.054279431364875015
52,72.26666666666667,0.4915218593035159,"{0: 0.0073515741285081135, 1: 0.008258876466095605, 2: 0.008873008924935508, 3: 0.005810583187174207, 4: 0.006233474706944126, 5: 0.007358621581039084, 6: 0.011461340208387839, 7: 0.0055528062695471316, 8: 0.006198301108239781, 9: 0.004656537426333664, 10: 0.008700257551495115, 11: 0.0062273381647481125, 12: 0.008620985432499811, 13: 0.006800724100447024, 14: 0.007507582711067488, 15: 0.005762065569317449, 16: 0.0044336634589861625, 17: 0.006148367561657983, 18: 0.0038233715036007417, 19: 0.005182050301601394, 20: 0.008288440691884008, 21: 0.008153416631424529, 22: 0.006322152923405539, 23: 0.006243170291134352, 24: 0.005558331947352505, 25: 0.006185729718698062, 26: 0.00629686272522554, 27: 0.006954748619822303, 28: 0.005063682476262923, 29: 0.005596299000306047, 30: 0.0051821056392360575, 31: 0.007851150463198125, 32: 0.007070042513559872, 33: 0.00597479819298242, 34: 0.00612178484199154, 35: 0.008600796413176142, 36: 0.006169306467359349, 37: 0.006104959799184311, 38: 0.00748855122381147, 39: 0.00636857291000243, 40: 0.00646212386942241, 41: 0.009306402707178328, 42: 0.008181793244124906, 43: 0.0066555407439493255, 44: 0.008349597174632017, 45: 0.00629991236242918, 46: 0.010352622413560126, 47: 0.004729358989451643, 48: 0.005580664216387678, 49: 0.006239940169769424, 50: 0.008392190783435283, 51: 0.006358403664213812, 52: 0.007686278958665701, 53: 0.005311698937269867, 54: 0.00728940836735172, 55: 0.00793219714681832, 56: 0.0068081798671541386, 57: 0.007950918438817301, 58: 0.008251581739891168, 59: 0.008100215705938085, 60: 0.0059500846450877155, 61: 0.008804865388649882, 62: 0.007264958238966678, 63: 0.008027115210693372, 64: 0.008204913794770096, 65: 0.006136978187178488, 66: 0.009780847395050161, 67: 0.007548776535917008, 68: 0.00894085694739029, 69: 0.007892910551308693, 70: 0.008655412274482405, 71: 0.004310375819303422, 72: 0.0076669244349898275, 73: 0.008017145876305776, 74: 0.005733582009519409}","[93, 87, 85, 83, 83, 82, 81, 81, 81, 81, 80, 80, 79, 79, 79, 79, 78, 78, 78, 78, 77, 77, 76, 76, 76, 75, 75, 75, 75, 74, 74, 74, 73, 73, 72, 72, 72, 72, 71, 71, 71, 70, 70, 70, 70, 70, 70, 70, 69, 69, 69, 69, 69, 69, 68, 68, 68, 67, 67, 67, 66, 66, 66, 64, 64, 64, 62, 62, 62, 61, 61, 61, 60, 60, 56]","dict_values([39, 44, 36, 43, 38, 46, 36, 34, 46, 46, 50, 48, 39, 43, 46, 40, 44, 41, 45, 44, 37, 43, 35, 40, 43, 47, 51, 42, 43, 45, 43, 46, 44, 49, 34, 33, 44, 46, 39, 37, 37, 39, 41, 42, 38, 48, 49, 40, 30, 43, 31, 43, 40, 43, 37, 45, 38, 39, 49, 43, 34, 30, 39, 44, 38, 45, 43, 36, 35, 36, 41, 48, 41, 50, 44])",0.0511079642161735
51,72.48,0.49280824519804145,"{0: 0.007031506064913941, 1: 0.008089708313038747, 2: 0.008424840785500412, 3: 0.005739989817311548, 4: 0.006230384589247534, 5: 0.00713427248290399, 6: 0.010940561082818908, 7: 0.005746555333207862, 8: 0.006073243312021633, 9: 0.00455873507588293, 10: 0.008081208187941924, 11: 0.006658606173543506, 12: 0.008525510694770174, 13: 0.0066484610133321805, 14: 0.00766682410626292, 15: 0.005711048778412314, 16: 0.004500605327467279, 17: 0.006379342788525756, 18: 0.0038207477144493983, 19: 0.004995710293875548, 20: 0.00844644587807653, 21: 0.008261169490431578, 22: 0.0062234381461253865, 23: 0.005923330193977082, 24: 0.005835029258063382, 25: 0.006066401752949989, 26: 0.006035583269529963, 27: 0.00692978476623885, 28: 0.004993500279841269, 29: 0.00574337768509505, 30: 0.005351642819881112, 31: 0.007597729710967485, 32: 0.006716283103460286, 33: 0.005780816205196261, 34: 0.006622295059592802, 35: 0.008825521363587515, 36: 0.006094331252232175, 37: 0.0064889665507103745, 38: 0.007926390136882578, 39: 0.0060552985292415115, 40: 0.00637436705997258, 41: 0.009250202612069618, 42: 0.007635954580791486, 43: 0.00678443765942289, 44: 0.008357069414849027, 45: 0.005927175935921139, 46: 0.010955034694173615, 47: 0.004669960655280768, 48: 0.005560805824454987, 49: 0.00612022169687877, 50: 0.00863010350524111, 51: 0.00614006829634503, 52: 0.007834592460986507, 53: 0.0053172601377456654, 54: 0.007446107977978054, 55: 0.007836725898783656, 56: 0.006978225092596091, 57: 0.0076349318463989685, 58: 0.008237093001429975, 59: 0.008061699666925643, 60: 0.0057190345989722524, 61: 0.00865892231571764, 62: 0.007560963251991364, 63: 0.007913036854935105, 64: 0.008393152456395866, 65: 0.005939453654537966, 66: 0.009795759029960953, 67: 0.007901122621608475, 68: 0.008846919671160499, 69: 0.007778592462379382, 70: 0.008948237150586394, 71: 0.0047566150412314415, 72: 0.008025964688045584, 73: 0.007851611891946145, 74: 0.00553365657971088}","[92, 89, 85, 83, 82, 82, 81, 81, 81, 81, 81, 80, 80, 79, 79, 79, 78, 78, 77, 77, 77, 77, 77, 76, 76, 75, 75, 75, 75, 75, 75, 75, 75, 74, 73, 72, 72, 71, 71, 71, 71, 70, 70, 70, 70, 69, 69, 69, 69, 69, 69, 69, 69, 69, 69, 68, 68, 68, 68, 68, 68, 67, 66, 65, 65, 64, 63, 63, 62, 62, 61, 61, 60, 60, 56]","dict_values([39, 44, 36, 43, 38, 46, 36, 34, 46, 46, 50, 48, 39, 43, 46, 40, 44, 41, 45, 44, 37, 43, 35, 40, 43, 47, 51, 42, 43, 45, 43, 46, 44, 49, 34, 33, 44, 46, 39, 37, 37, 39, 41, 42, 38, 48, 49, 40, 30, 43, 31, 43, 40, 43, 37, 45, 38, 39, 49, 43, 34, 30, 39, 44, 38, 45, 43, 36, 35, 36, 41, 48, 41, 50, 44])",0.0536213486413039
51,72.56,0.4935488221554118,"{0: 0.007123562241473035, 1: 0.008177956010770539, 2: 0.008309232214611153, 3: 0.005487688300727317, 4: 0.006234565864923297, 5: 0.00709861421718148, 6: 0.010949296106874923, 7: 0.005973670725354481, 8: 0.005641767441052045, 9: 0.004737284434417025, 10: 0.008130250240374962, 11: 0.006590328023443346, 12: 0.00837479148148247, 13: 0.006423481484825157, 14: 0.007655041853207014, 15: 0.006014447393183863, 16: 0.004483659324476755, 17: 0.006397493999365166, 18: 0.0038217552684549952, 19: 0.005138366743330039, 20: 0.008418004703388006, 21: 0.007890730127212397, 22: 0.006002267101099152, 23: 0.005492245379213976, 24: 0.00555729652667207, 25: 0.00574942403806045, 26: 0.005741025137104642, 27: 0.006733018696156208, 28: 0.0047477738864674535, 29: 0.005756914955292249, 30: 0.005288818897393388, 31: 0.007820321930507601, 32: 0.006939242364473017, 33: 0.005996232284620305, 34: 0.006542222408198934, 35: 0.008990119127064336, 36: 0.006084824563191432, 37: 0.0067149107519057566, 38: 0.007607229963015893, 39: 0.006018918456796515, 40: 0.00648702799521851, 41: 0.009232417623739348, 42: 0.0075229212279727, 43: 0.0067699039502958705, 44: 0.008508621251414787, 45: 0.006185562690098417, 46: 0.01111585101754125, 47: 0.004851307162176622, 48: 0.005837037360118276, 49: 0.005786259420540077, 50: 0.008531321573924045, 51: 0.006267859925978197, 52: 0.007745552944900949, 53: 0.005342561758285864, 54: 0.007271377562404465, 55: 0.007890535581815027, 56: 0.007081759333399216, 57: 0.007619314253342893, 58: 0.008445314695321927, 59: 0.008026729565850215, 60: 0.005814914449623056, 61: 0.00936350580790522, 62: 0.007173544001559337, 63: 0.00792503131357099, 64: 0.008236590521008237, 65: 0.005952597371949828, 66: 0.01015306227576497, 67: 0.00791224020801972, 68: 0.008789148753652802, 69: 0.007946289820601693, 70: 0.008679987597038915, 71: 0.004775246979246924, 72: 0.008157475583752133, 73: 0.007794016842317902, 74: 0.005647244716803621}","[92, 90, 86, 84, 83, 83, 81, 81, 81, 81, 80, 80, 79, 79, 79, 79, 78, 78, 78, 77, 77, 76, 76, 76, 76, 76, 76, 76, 76, 75, 75, 75, 74, 74, 73, 73, 73, 71, 71, 71, 70, 70, 70, 70, 70, 70, 70, 69, 69, 69, 69, 69, 69, 69, 69, 68, 68, 68, 68, 67, 67, 66, 66, 65, 65, 64, 64, 63, 63, 62, 62, 60, 60, 59, 56]","dict_values([39, 44, 36, 43, 38, 46, 36, 34, 46, 46, 50, 48, 39, 43, 46, 40, 44, 41, 45, 44, 37, 43, 35, 40, 43, 47, 51, 42, 43, 45, 43, 46, 44, 49, 34, 33, 44, 46, 39, 37, 37, 39, 41, 42, 38, 48, 49, 40, 30, 43, 31, 43, 40, 43, 37, 45, 38, 39, 49, 43, 34, 30, 39, 44, 38, 45, 43, 36, 35, 36, 41, 48, 41, 50, 44])",0.05383665046291515
51,72.66666666666667,0.49352271949950854,"{0: 0.0070890418826273305, 1: 0.008344972607293619, 2: 0.00796598554967678, 3: 0.005894264035431188, 4: 0.006375514305453763, 5: 0.006992419740734236, 6: 0.010795230183480097, 7: 0.0059863589559547275, 8: 0.0054979129520937465, 9: 0.00452089367848812, 10: 0.00800492793287892, 11: 0.0063281033233952766, 12: 0.00809854792337625, 13: 0.006968481355385777, 14: 0.00738003892085647, 15: 0.0060272864765953706, 16: 0.004335135544748966, 17: 0.006331782263357434, 18: 0.004002072577828714, 19: 0.005328838436602191, 20: 0.008094300638301152, 21: 0.007838392600313177, 22: 0.005775887791002601, 23: 0.005757021897486071, 24: 0.005730155781232494, 25: 0.005674658029493018, 26: 0.005441363323040841, 27: 0.006816177766255972, 28: 0.004693347505459702, 29: 0.005906094937199057, 30: 0.005090866298822161, 31: 0.007746787460848812, 32: 0.006808055526395962, 33: 0.006107846613257966, 34: 0.006420856928359415, 35: 0.00878328086106205, 36: 0.005725077403543099, 37: 0.0064048500679190655, 38: 0.007373782817644342, 39: 0.005915197479643556, 40: 0.006974921958013092, 41: 0.009481170386212505, 42: 0.00726027564200433, 43: 0.006775822787198737, 44: 0.0082649301988644, 45: 0.006507056832880842, 46: 0.011348965710194418, 47: 0.005122973349474258, 48: 0.006014236421106627, 49: 0.005706587297299145, 50: 0.008414833690347862, 51: 0.006505552465469827, 52: 0.007433210736808984, 53: 0.005055054391628232, 54: 0.007383190636272495, 55: 0.008377578645166748, 56: 0.007178516153682527, 57: 0.007588172762745952, 58: 0.00802507092920511, 59: 0.0082847906191466, 60: 0.006099914823592047, 61: 0.009421105278812463, 62: 0.007340743686693266, 63: 0.00790423245874387, 64: 0.008374612821904381, 65: 0.005908314967358379, 66: 0.010146565685714053, 67: 0.007613977070979872, 68: 0.00858817815436482, 69: 0.007749982775814692, 70: 0.008836330498449984, 71: 0.005174499764363106, 72: 0.00815709339371163, 73: 0.007765901815834193, 74: 0.005798286127026778}","[92, 91, 86, 85, 84, 83, 82, 81, 81, 80, 80, 80, 79, 79, 79, 79, 78, 78, 77, 77, 77, 76, 76, 76, 76, 76, 75, 75, 75, 75, 75, 74, 74, 74, 74, 74, 73, 72, 71, 71, 71, 71, 71, 70, 70, 70, 70, 70, 70, 69, 69, 69, 69, 69, 68, 68, 68, 67, 67, 67, 67, 67, 66, 66, 66, 65, 65, 63, 62, 62, 62, 61, 59, 59, 57]","dict_values([39, 44, 36, 43, 38, 46, 36, 34, 46, 46, 50, 48, 39, 43, 46, 40, 44, 41, 45, 44, 37, 43, 35, 40, 43, 47, 51, 42, 43, 45, 43, 46, 44, 49, 34, 33, 44, 46, 39, 37, 37, 39, 41, 42, 38, 48, 49, 40, 30, 43, 31, 43, 40, 43, 37, 45, 38, 39, 49, 43, 34, 30, 39, 44, 38, 45, 43, 36, 35, 36, 41, 48, 41, 50, 44])",0.05324144432286848
51,72.93333333333334,0.49520537464548936,"{0: 0.007252224736199702, 1: 0.008272433924820286, 2: 0.007876971729156444, 3: 0.00583127205519347, 4: 0.006251647304552001, 5: 0.006935473315647233, 6: 0.010676525002953621, 7: 0.006005615848366606, 8: 0.005757181199800871, 9: 0.004335877236142583, 10: 0.007905441156084323, 11: 0.006486160589755233, 12: 0.007723775580222584, 13: 0.007133871402994235, 14: 0.007523908000993373, 15: 0.005621259596197536, 16: 0.0044078143148677095, 17: 0.006276100748303289, 18: 0.004110643001268432, 19: 0.005698689503881325, 20: 0.008330782768505192, 21: 0.007533419539146707, 22: 0.005556925354498998, 23: 0.00614567351738984, 24: 0.005524712447831606, 25: 0.005661487778747646, 26: 0.005878562302598012, 27: 0.006935427890610919, 28: 0.004818291411126031, 29: 0.00588553226258844, 30: 0.005194814406553272, 31: 0.007682289734130129, 32: 0.0064142640999746816, 33: 0.006050467121040395, 34: 0.006362005062178992, 35: 0.008696615264285931, 36: 0.005742570265008801, 37: 0.0066590522475837065, 38: 0.007586523944025539, 39: 0.005320626723124977, 40: 0.006688192497658249, 41: 0.009705105024619631, 42: 0.0068463317421936344, 43: 0.007250614462971982, 44: 0.008187294941361922, 45: 0.006664556790294793, 46: 0.011359967768385073, 47: 0.004947530962999573, 48: 0.006321709179739584, 49: 0.005625185064963796, 50: 0.007910782918513368, 51: 0.0066661203188327954, 52: 0.007151804755133453, 53: 0.005196897460670706, 54: 0.0074526721358584465, 55: 0.008129143985979814, 56: 0.007297613231502545, 57: 0.007171273554323523, 58: 0.007997465286080852, 59: 0.008177378149338154, 60: 0.006217112900182337, 61: 0.008953612392020095, 62: 0.007375424143181163, 63: 0.008142598384779712, 64: 0.008230123669506055, 65: 0.006052288057641905, 66: 0.009983397093180761, 67: 0.007710337378665164, 68: 0.008749011939628844, 69: 0.007826291529144493, 70: 0.008847044659442357, 71: 0.0051525646583135505, 72: 0.008051109759056436, 73: 0.0072660668393236235, 74: 0.005735741052058726}","[92, 91, 86, 85, 84, 83, 82, 82, 81, 81, 81, 80, 80, 79, 78, 78, 78, 77, 77, 77, 77, 77, 76, 76, 76, 75, 75, 75, 75, 75, 75, 74, 74, 74, 74, 73, 73, 73, 72, 72, 72, 72, 71, 71, 71, 71, 71, 71, 71, 70, 70, 70, 69, 69, 69, 68, 67, 67, 67, 67, 67, 67, 67, 67, 66, 66, 64, 63, 62, 62, 62, 61, 61, 60, 58]","dict_values([39, 44, 36, 43, 38, 46, 36, 34, 46, 46, 50, 48, 39, 43, 46, 40, 44, 41, 45, 44, 37, 43, 35, 40, 43, 47, 51, 42, 43, 45, 43, 46, 44, 49, 34, 33, 44, 46, 39, 37, 37, 39, 41, 42, 38, 48, 49, 40, 30, 43, 31, 43, 40, 43, 37, 45, 38, 39, 49, 43, 34, 30, 39, 44, 38, 45, 43, 36, 35, 36, 41, 48, 41, 50, 44])",0.04973727394563668
51,72.98666666666666,0.4958176798393952,"{0: 0.007211653787191896, 1: 0.0082026300260821, 2: 0.00783492478970786, 3: 0.006063154331540497, 4: 0.006231890568123202, 5: 0.0069564486379461435, 6: 0.010688514838541057, 7: 0.006096543791720706, 8: 0.005604360533901599, 9: 0.004320334254279038, 10: 0.007703496266779223, 11: 0.006621729498697406, 12: 0.007662706512557501, 13: 0.00771685509195868, 14: 0.007140127814530818, 15: 0.005940910362549935, 16: 0.004433122887043086, 17: 0.006467335009013744, 18: 0.004095504904152346, 19: 0.005616222214531031, 20: 0.008342318826316666, 21: 0.007502150952722163, 22: 0.005508776249014322, 23: 0.005936809798010387, 24: 0.005220264140742803, 25: 0.005387534520226552, 26: 0.005788536455077691, 27: 0.006832595724366943, 28: 0.004819953321233636, 29: 0.005781447509151766, 30: 0.00525267280437704, 31: 0.007822625755521437, 32: 0.006467741747643186, 33: 0.006098687249323324, 34: 0.006514319062127976, 35: 0.008700940373237015, 36: 0.005739845002516521, 37: 0.006573568373913416, 38: 0.0077033145169060286, 39: 0.005472236267746126, 40: 0.006603321543952838, 41: 0.00944151298326028, 42: 0.0067351284796148035, 43: 0.007233039403332962, 44: 0.008162851950040418, 45: 0.0066528593406442035, 46: 0.011476660053880056, 47: 0.004822601444428893, 48: 0.00689182923922442, 49: 0.005649637199301301, 50: 0.007475415300121766, 51: 0.006599786143807934, 52: 0.006902116845486228, 53: 0.005214510613836959, 54: 0.0073959138084967, 55: 0.00860882913768123, 56: 0.007054934381265755, 57: 0.006606887621700391, 58: 0.007765840838552702, 59: 0.008288284907163034, 60: 0.00627813908917107, 61: 0.008988416913338453, 62: 0.007369289101912734, 63: 0.008147751766346323, 64: 0.008235571196198093, 65: 0.006051830284650642, 66: 0.010069029866689535, 67: 0.007802216129430972, 68: 0.009171762060141402, 69: 0.008181415123778832, 70: 0.008772763313173766, 71: 0.005037073257007406, 72: 0.007885268991365851, 73: 0.0073133879140507676, 74: 0.005772380814880651}","[92, 92, 86, 84, 84, 83, 83, 82, 82, 82, 81, 81, 80, 80, 78, 78, 78, 78, 77, 77, 77, 76, 76, 75, 75, 75, 75, 75, 75, 75, 74, 74, 74, 74, 74, 73, 73, 73, 72, 72, 72, 72, 71, 71, 71, 71, 71, 71, 71, 71, 71, 71, 69, 69, 68, 68, 68, 67, 67, 67, 67, 67, 67, 66, 66, 65, 64, 63, 63, 62, 62, 61, 61, 60, 58]","dict_values([39, 44, 36, 43, 38, 46, 36, 34, 46, 46, 50, 48, 39, 43, 46, 40, 44, 41, 45, 44, 37, 43, 35, 40, 43, 47, 51, 42, 43, 45, 43, 46, 44, 49, 34, 33, 44, 46, 39, 37, 37, 39, 41, 42, 38, 48, 49, 40, 30, 43, 31, 43, 40, 43, 37, 45, 38, 39, 49, 43, 34, 30, 39, 44, 38, 45, 43, 36, 35, 36, 41, 48, 41, 50, 44])",0.05446906884626419
51,73.12,0.4958719802188092,"{0: 0.007579484261169112, 1: 0.00837431477189969, 2: 0.007623745708437259, 3: 0.006106679961765518, 4: 0.005913638077379061, 5: 0.006898744695960238, 6: 0.010349759398002197, 7: 0.006137034026468294, 8: 0.005581201143082004, 9: 0.004298147491537976, 10: 0.007812501483544133, 11: 0.0062394417957573195, 12: 0.007776199964408153, 13: 0.0073662281298499345, 14: 0.007010098274012601, 15: 0.006154243620245642, 16: 0.004572457016463553, 17: 0.0066443831975131805, 18: 0.004073075871010943, 19: 0.005813667551422105, 20: 0.008190047462578141, 21: 0.007383671418863481, 22: 0.005837982233212083, 23: 0.005571400553577295, 24: 0.005282337532801161, 25: 0.005311475681578717, 26: 0.005654505937906332, 27: 0.006878042232365656, 28: 0.004843900552153371, 29: 0.0055083603238942095, 30: 0.005441027517914823, 31: 0.00764919449780022, 32: 0.006437242210422789, 33: 0.006653633659937658, 34: 0.006514972931355584, 35: 0.008410627205296065, 36: 0.0057856393778094655, 37: 0.006624915624424906, 38: 0.007111048630252501, 39: 0.005954794501632475, 40: 0.0069559547613296455, 41: 0.009281818678161292, 42: 0.0074311386162662476, 43: 0.007210786495213299, 44: 0.008478634721271876, 45: 0.0066110222566035, 46: 0.011047346440484312, 47: 0.005101719121450663, 48: 0.0071195953181099865, 49: 0.0054245737018525165, 50: 0.007711487562409785, 51: 0.007091904408459045, 52: 0.006950642077565644, 53: 0.005403030882084264, 54: 0.0071277919267726635, 55: 0.008229438887460458, 56: 0.0071302851761446615, 57: 0.006687801692049828, 58: 0.007435430509141809, 59: 0.008106360786682061, 60: 0.005982685721227771, 61: 0.008779494554841259, 62: 0.007099830464267224, 63: 0.008225752591309879, 64: 0.00806014602361712, 65: 0.006693624980755204, 66: 0.009482343129143554, 67: 0.007892540554057751, 68: 0.009114282155131145, 69: 0.008047745016456005, 70: 0.008635717264232151, 71: 0.004864878898584188, 72: 0.007844220453128319, 73: 0.007473684020695077, 74: 0.005703902338922265}","[91, 90, 84, 83, 83, 83, 83, 82, 82, 82, 81, 81, 80, 80, 78, 78, 78, 78, 77, 77, 77, 77, 76, 76, 76, 75, 75, 75, 75, 74, 74, 74, 74, 74, 74, 74, 74, 74, 73, 73, 73, 72, 72, 72, 72, 72, 71, 71, 71, 71, 71, 70, 70, 70, 69, 69, 68, 67, 67, 67, 67, 66, 66, 66, 65, 65, 64, 64, 64, 63, 63, 61, 61, 61, 58]","dict_values([39, 44, 36, 43, 38, 46, 36, 34, 46, 46, 50, 48, 39, 43, 46, 40, 44, 41, 45, 44, 37, 43, 35, 40, 43, 47, 51, 42, 43, 45, 43, 46, 44, 49, 34, 33, 44, 46, 39, 37, 37, 39, 41, 42, 38, 48, 49, 40, 30, 43, 31, 43, 40, 43, 37, 45, 38, 39, 49, 43, 34, 30, 39, 44, 38, 45, 43, 36, 35, 36, 41, 48, 41, 50, 44])",0.052618957556256736
51,73.06666666666666,0.4949249964342125,"{0: 0.0073168501224841415, 1: 0.008440095126704954, 2: 0.007633789663683085, 3: 0.006297519190222015, 4: 0.0059444994847428195, 5: 0.006664081365503103, 6: 0.009990539102602721, 7: 0.006059552995305373, 8: 0.005550490620760949, 9: 0.004280511674545702, 10: 0.007614501568607524, 11: 0.006237901054865054, 12: 0.00802696806735496, 13: 0.007480062540783723, 14: 0.007516412096988675, 15: 0.006085238516031487, 16: 0.004559588681571384, 17: 0.0065547054450892876, 18: 0.004265196849587715, 19: 0.006071250691407769, 20: 0.0082367329939591, 21: 0.0074357027868525065, 22: 0.005786708763540437, 23: 0.005755319743667238, 24: 0.0048606211071619025, 25: 0.005248955969101047, 26: 0.0057342750990258245, 27: 0.00693225901542748, 28: 0.004643761978521987, 29: 0.005882394774174325, 30: 0.005527134023260523, 31: 0.007788232224020659, 32: 0.0066991157818012325, 33: 0.006471270946372261, 34: 0.006607259658403107, 35: 0.008719386293907061, 36: 0.0059918189214830195, 37: 0.006565237685127543, 38: 0.007095460211052817, 39: 0.005844409435355197, 40: 0.00710433525808268, 41: 0.009738256033750803, 42: 0.007542592265179215, 43: 0.007498567160735114, 44: 0.008461566338519026, 45: 0.0067947631341104126, 46: 0.01104739346226532, 47: 0.00519090031247819, 48: 0.007490947149747038, 49: 0.005663246812435726, 50: 0.007608797139000575, 51: 0.0069420696085503, 52: 0.006949565154817118, 53: 0.005473358689084153, 54: 0.007023119566037588, 55: 0.008047671273926945, 56: 0.007160699720863112, 57: 0.006300833402035362, 58: 0.0071709029176398355, 59: 0.007781777381992916, 60: 0.005990085362862662, 61: 0.008560806662936852, 62: 0.007051773434879884, 63: 0.008175714200517506, 64: 0.007817093262078193, 65: 0.006898728033483664, 66: 0.009401178618278978, 67: 0.007697594047592383, 68: 0.008772782072337153, 69: 0.00822712506519998, 70: 0.00863944035170935, 71: 0.005017182545939425, 72: 0.007842108380880064, 73: 0.007128629431864476, 74: 0.005550295435664176}","[91, 88, 85, 83, 83, 83, 82, 82, 82, 81, 81, 81, 80, 79, 78, 78, 78, 77, 77, 77, 76, 76, 76, 76, 76, 76, 76, 75, 75, 75, 75, 75, 74, 74, 74, 74, 73, 73, 73, 73, 73, 72, 72, 72, 72, 72, 72, 71, 71, 70, 70, 70, 69, 69, 69, 68, 68, 68, 68, 67, 67, 67, 67, 66, 66, 66, 65, 64, 63, 63, 61, 61, 61, 60, 59]","dict_values([39, 44, 36, 43, 38, 46, 36, 34, 46, 46, 50, 48, 39, 43, 46, 40, 44, 41, 45, 44, 37, 43, 35, 40, 43, 47, 51, 42, 43, 45, 43, 46, 44, 49, 34, 33, 44, 46, 39, 37, 37, 39, 41, 42, 38, 48, 49, 40, 30, 43, 31, 43, 40, 43, 37, 45, 38, 39, 49, 43, 34, 30, 39, 44, 38, 45, 43, 36, 35, 36, 41, 48, 41, 50, 44])",0.05383145079652622
51,73.01333333333334,0.49479496952191054,"{0: 0.007346736142624708, 1: 0.008292675687006888, 2: 0.0077045882188909775, 3: 0.006022436537178305, 4: 0.005998932778335589, 5: 0.006696676421391812, 6: 0.010300054027241271, 7: 0.005876903779899486, 8: 0.005390661283863666, 9: 0.0041227571161420165, 10: 0.00788082314479738, 11: 0.00631195849438172, 12: 0.008038049045713922, 13: 0.007568894798538939, 14: 0.007758523204921881, 15: 0.006054277036444407, 16: 0.004562605400346599, 17: 0.006510418001676963, 18: 0.0044748119046978075, 19: 0.005977944335424328, 20: 0.007993782673579437, 21: 0.00755374236814075, 22: 0.0058122155691915115, 23: 0.005918711986031512, 24: 0.004885683619793955, 25: 0.005097994735363274, 26: 0.005639568021577333, 27: 0.006981439028173543, 28: 0.004707991806773594, 29: 0.006489135558534934, 30: 0.005789429028252145, 31: 0.007969148378695015, 32: 0.0069191313651341515, 33: 0.006440428543332264, 34: 0.006475322162032078, 35: 0.0088471143083139, 36: 0.005939800845146529, 37: 0.0066095648081755404, 38: 0.0072044202462598645, 39: 0.005996045758677164, 40: 0.00673026556498801, 41: 0.009693132409972997, 42: 0.007891437639467662, 43: 0.007920014805083603, 44: 0.008761518508218352, 45: 0.006496049568917095, 46: 0.01119292954801834, 47: 0.004950945524452427, 48: 0.00756720456538576, 49: 0.005617650978863333, 50: 0.007560392379017994, 51: 0.006485753002849429, 52: 0.006939221571004281, 53: 0.005417217484509467, 54: 0.007392666292148069, 55: 0.007817521335095324, 56: 0.0071776696961553515, 57: 0.006680168502852548, 58: 0.00729978084019286, 59: 0.007733621550943959, 60: 0.005945498535252791, 61: 0.008466775090582947, 62: 0.007232846461276929, 63: 0.00836733191587603, 64: 0.007519870754556026, 65: 0.007053247605095776, 66: 0.009173021875030508, 67: 0.00770767525439056, 68: 0.008248444344478549, 69: 0.007791697424340598, 70: 0.008522088712117336, 71: 0.005199833345300561, 72: 0.007521764618946789, 73: 0.007158705827916549, 74: 0.005152583501483487}","[91, 89, 85, 84, 83, 82, 82, 82, 81, 80, 80, 80, 80, 79, 78, 78, 78, 77, 77, 77, 77, 77, 77, 77, 76, 76, 76, 76, 76, 75, 75, 75, 74, 74, 74, 74, 74, 73, 73, 73, 73, 72, 72, 71, 71, 71, 71, 71, 70, 70, 70, 70, 70, 69, 69, 69, 68, 68, 68, 68, 67, 67, 67, 66, 66, 64, 64, 63, 62, 62, 61, 61, 60, 60, 60]","dict_values([39, 44, 36, 43, 38, 46, 36, 34, 46, 46, 50, 48, 39, 43, 46, 40, 44, 41, 45, 44, 37, 43, 35, 40, 43, 47, 51, 42, 43, 45, 43, 46, 44, 49, 34, 33, 44, 46, 39, 37, 37, 39, 41, 42, 38, 48, 49, 40, 30, 43, 31, 43, 40, 43, 37, 45, 38, 39, 49, 43, 34, 30, 39, 44, 38, 45, 43, 36, 35, 36, 41, 48, 41, 50, 44])",0.05153425986348024
51,73.33333333333333,0.49685858471225797,"{0: 0.007164745159279395, 1: 0.007910387281422064, 2: 0.0071677742549819436, 3: 0.006264841326252676, 4: 0.005911743905059165, 5: 0.006690367021749365, 6: 0.00996961033065468, 7: 0.005730611467957537, 8: 0.004978335198492572, 9: 0.003976350016771903, 10: 0.0078744788679072, 11: 0.006462879347242369, 12: 0.008412310279240484, 13: 0.007662449223512919, 14: 0.0076191758624134034, 15: 0.005934468113051911, 16: 0.004757938659118768, 17: 0.006643672487249833, 18: 0.004421869086380007, 19: 0.005870516757229211, 20: 0.007952437669615543, 21: 0.0075468202475113, 22: 0.005917126643478964, 23: 0.006008922913422809, 24: 0.00515178412442003, 25: 0.005358704512085976, 26: 0.0053651858634106145, 27: 0.006855422087476332, 28: 0.004626069060468211, 29: 0.006610931386365011, 30: 0.005650442391894045, 31: 0.007708768970551491, 32: 0.007103159038174828, 33: 0.006485118139607434, 34: 0.0063729032254936716, 35: 0.009577091116567878, 36: 0.005851749263919108, 37: 0.006356318578314814, 38: 0.007371145176356505, 39: 0.00606221325212691, 40: 0.006901610811888461, 41: 0.009643105252725725, 42: 0.007661878376092042, 43: 0.00773688135846969, 44: 0.008403265805151966, 45: 0.006710674300990385, 46: 0.010844131517667785, 47: 0.00469195937666416, 48: 0.007223246240630863, 49: 0.0054552478772213015, 50: 0.0074829799932992205, 51: 0.006431380582594008, 52: 0.006589043624215245, 53: 0.0052902584049727575, 54: 0.0075318503186186155, 55: 0.00809195510738167, 56: 0.0074837754429880315, 57: 0.006915067668152094, 58: 0.007501867750604886, 59: 0.007677382044325261, 60: 0.005940321026718738, 61: 0.00861602928546584, 62: 0.007295755149798365, 63: 0.008223304055770592, 64: 0.007204769657778312, 65: 0.007342266392000965, 66: 0.009310963886308204, 67: 0.007597538168310357, 68: 0.008326316004398357, 69: 0.007674270944694737, 70: 0.008415352493796394, 71: 0.0053075611418033665, 72: 0.007413506023944458, 73: 0.007254257572340503, 74: 0.004779933758793785}","[90, 88, 86, 85, 83, 83, 82, 82, 82, 81, 80, 80, 80, 79, 79, 79, 78, 77, 77, 77, 77, 77, 77, 77, 76, 76, 76, 76, 76, 76, 75, 75, 75, 75, 75, 75, 75, 74, 74, 73, 73, 73, 72, 72, 72, 71, 71, 71, 71, 70, 70, 70, 70, 70, 70, 69, 69, 69, 68, 68, 68, 67, 67, 66, 65, 65, 64, 63, 63, 62, 62, 62, 60, 60, 59]","dict_values([39, 44, 36, 43, 38, 46, 36, 34, 46, 46, 50, 48, 39, 43, 46, 40, 44, 41, 45, 44, 37, 43, 35, 40, 43, 47, 51, 42, 43, 45, 43, 46, 44, 49, 34, 33, 44, 46, 39, 37, 37, 39, 41, 42, 38, 48, 49, 40, 30, 43, 31, 43, 40, 43, 37, 45, 38, 39, 49, 43, 34, 30, 39, 44, 38, 45, 43, 36, 35, 36, 41, 48, 41, 50, 44])",0.053470148760330585
50,73.38666666666667,0.497145205234699,"{0: 0.006896720552628478, 1: 0.007815337837983142, 2: 0.007400220886016713, 3: 0.006074801030746336, 4: 0.0060236920563809205, 5: 0.006883781231406204, 6: 0.009964450968443356, 7: 0.006072320704380416, 8: 0.004947661542619078, 9: 0.004026252592381545, 10: 0.007622343295386396, 11: 0.006729386350718356, 12: 0.008503457978109674, 13: 0.007709751013151212, 14: 0.007354069145318118, 15: 0.005629092296579885, 16: 0.004796867911973279, 17: 0.00649370438303403, 18: 0.004550663414089011, 19: 0.005803144248073757, 20: 0.008207505396736463, 21: 0.007649796351994591, 22: 0.005877130909811271, 23: 0.0060469298719340895, 24: 0.005435791978590703, 25: 0.005445648048819034, 26: 0.0053681251207414685, 27: 0.006940458828675173, 28: 0.004625841186067952, 29: 0.0062806778047097495, 30: 0.005476571724628831, 31: 0.007686520720465307, 32: 0.006755269577453789, 33: 0.006372031635110657, 34: 0.0061504718456465175, 35: 0.008961437247890154, 36: 0.0057093459510690996, 37: 0.006429462575650475, 38: 0.007300803818901249, 39: 0.005825757655175363, 40: 0.00700671369179313, 41: 0.009632067814018387, 42: 0.007961260519950318, 43: 0.007632660222271414, 44: 0.008199336550411154, 45: 0.006765900430382519, 46: 0.01058357443193652, 47: 0.004605212397536309, 48: 0.00718411858820454, 49: 0.005416313299487893, 50: 0.007447488580108126, 51: 0.006598482664028233, 52: 0.0064895959371424556, 53: 0.005718135526315219, 54: 0.007431100967644488, 55: 0.008381485317399856, 56: 0.00776034541122127, 57: 0.0071038459092656854, 58: 0.0076036604365393445, 59: 0.00814671357620654, 60: 0.006202122341125285, 61: 0.00837275143613238, 62: 0.007664155564251515, 63: 0.008198378003055931, 64: 0.00709610719561796, 65: 0.007348110840608647, 66: 0.008984612746417405, 67: 0.00752955543795076, 68: 0.008207766900881671, 69: 0.007908990657100835, 70: 0.008195587572240691, 71: 0.005392493513271032, 72: 0.0073882845974608475, 73: 0.007181685952044931, 74: 0.00477439975734527}","[89, 88, 85, 84, 82, 82, 82, 81, 81, 81, 81, 80, 80, 79, 79, 79, 79, 78, 78, 78, 77, 77, 77, 77, 76, 76, 76, 76, 76, 76, 75, 75, 75, 75, 75, 75, 75, 74, 74, 74, 73, 73, 73, 73, 72, 72, 72, 71, 71, 71, 71, 70, 69, 69, 69, 69, 69, 69, 68, 68, 68, 66, 66, 65, 65, 65, 65, 65, 64, 62, 62, 62, 61, 60, 59]","dict_values([39, 44, 36, 43, 38, 46, 36, 34, 46, 46, 50, 48, 39, 43, 46, 40, 44, 41, 45, 44, 37, 43, 35, 40, 43, 47, 51, 42, 43, 45, 43, 46, 44, 49, 34, 33, 44, 46, 39, 37, 37, 39, 41, 42, 38, 48, 49, 40, 30, 43, 31, 43, 40, 43, 37, 45, 38, 39, 49, 43, 34, 30, 39, 44, 38, 45, 43, 36, 35, 36, 41, 48, 41, 50, 44])",0.05082152197978633
50,73.38666666666667,0.49741227746613104,"{0: 0.00698558057710025, 1: 0.007671648184209079, 2: 0.0077281411603681485, 3: 0.005998913290803663, 4: 0.006052405481371906, 5: 0.006718222111613854, 6: 0.009847170252324929, 7: 0.006393768234841698, 8: 0.004967145725599144, 9: 0.003756820079560447, 10: 0.007881112749813018, 11: 0.006529793488599233, 12: 0.00851787302928136, 13: 0.0075799784878841465, 14: 0.0072790902511281706, 15: 0.005539123987526683, 16: 0.0045793225438242715, 17: 0.006262859775844339, 18: 0.00453521582425606, 19: 0.006018274378157502, 20: 0.007946800970578942, 21: 0.008359370375574514, 22: 0.005462972038704763, 23: 0.0062382650635232325, 24: 0.005348262953147236, 25: 0.005503749575422759, 26: 0.005447981469711311, 27: 0.0071396681390727326, 28: 0.004897338905167148, 29: 0.006264239084885092, 30: 0.005407397638121064, 31: 0.007748362679075306, 32: 0.006712701035867865, 33: 0.006343171146634125, 34: 0.006165124729769576, 35: 0.009307696374849066, 36: 0.005617025062361802, 37: 0.006316306484276644, 38: 0.007731390143839856, 39: 0.006366553613642419, 40: 0.006804852284500083, 41: 0.00971254707110574, 42: 0.008107194821165422, 43: 0.007892304403345951, 44: 0.00788634075427788, 45: 0.006647568017427893, 46: 0.010973805381736394, 47: 0.004756901853135957, 48: 0.007043844631925348, 49: 0.005149331553568068, 50: 0.007302953167309492, 51: 0.006591039499943309, 52: 0.0065507873984184456, 53: 0.00601546618894422, 54: 0.007184172236638977, 55: 0.007999313841437272, 56: 0.007512427731001543, 57: 0.0070311994705225585, 58: 0.007198298986637247, 59: 0.008458617479081401, 60: 0.006423637154238588, 61: 0.00827480376391113, 62: 0.0070974561894074405, 63: 0.007940136194874723, 64: 0.00720123668270584, 65: 0.007086157441796233, 66: 0.009239620650701958, 67: 0.007492684592793764, 68: 0.00816686324508678, 69: 0.007580135158654054, 70: 0.008424246962771735, 71: 0.005515492539131451, 72: 0.007021890826033593, 73: 0.007713203914404929, 74: 0.004792943289891651}","[90, 88, 86, 85, 83, 82, 82, 81, 81, 81, 80, 80, 80, 80, 80, 80, 79, 79, 78, 78, 77, 77, 77, 77, 77, 76, 76, 76, 76, 76, 76, 75, 75, 74, 74, 74, 74, 74, 74, 74, 73, 73, 72, 72, 72, 72, 72, 71, 71, 70, 70, 70, 70, 70, 69, 69, 69, 68, 68, 67, 66, 66, 66, 66, 66, 66, 65, 64, 63, 63, 62, 61, 61, 61, 58]","dict_values([39, 44, 36, 43, 38, 46, 36, 34, 46, 46, 50, 48, 39, 43, 46, 40, 44, 41, 45, 44, 37, 43, 35, 40, 43, 47, 51, 42, 43, 45, 43, 46, 44, 49, 34, 33, 44, 46, 39, 37, 37, 39, 41, 42, 38, 48, 49, 40, 30, 43, 31, 43, 40, 43, 37, 45, 38, 39, 49, 43, 34, 30, 39, 44, 38, 45, 43, 36, 35, 36, 41, 48, 41, 50, 44])",0.056633230800432616
51,73.6,0.4992580613780012,"{0: 0.007195301381937292, 1: 0.0075446506290590834, 2: 0.0077589915694521346, 3: 0.005895682811762827, 4: 0.006397214018658274, 5: 0.00643826613088544, 6: 0.00988290917518212, 7: 0.006362700783783467, 8: 0.004948140398326316, 9: 0.0035524155938599727, 10: 0.007817755498242889, 11: 0.006488827367433147, 12: 0.008395463713306111, 13: 0.007629191889813683, 14: 0.00729628186060657, 15: 0.005048840986473431, 16: 0.004713891253512231, 17: 0.006391673015679443, 18: 0.004513991806266773, 19: 0.006176550205374169, 20: 0.008190543166344485, 21: 0.008208345677396865, 22: 0.0055804967400504895, 23: 0.006517439532125397, 24: 0.0049775315197814335, 25: 0.005549211717658941, 26: 0.0053640689297943635, 27: 0.007521910266925102, 28: 0.005079914212985246, 29: 0.0061445493458383215, 30: 0.005393506737533184, 31: 0.007600084538226222, 32: 0.0070062644148736345, 33: 0.006693781377573233, 34: 0.006185985687052486, 35: 0.009529127019721348, 36: 0.005632831921105264, 37: 0.005993500543578683, 38: 0.007670570491273788, 39: 0.006523106862195728, 40: 0.006706607498651743, 41: 0.009631397695919497, 42: 0.008035340707634574, 43: 0.007851106442992696, 44: 0.007543715872959868, 45: 0.00660082659426833, 46: 0.010658632849687604, 47: 0.004662120765827336, 48: 0.007036976466239737, 49: 0.005031919342236722, 50: 0.007347068992495246, 51: 0.006549160059009501, 52: 0.0065522316528504225, 53: 0.005899594788441243, 54: 0.006963822733595796, 55: 0.00786515767455107, 56: 0.007493283874948262, 57: 0.007148814938640975, 58: 0.0068359506101966835, 59: 0.00851939808679848, 60: 0.006371632156267205, 61: 0.008722396640206586, 62: 0.00709636400102665, 63: 0.008117150073529715, 64: 0.007089768902457544, 65: 0.0068270734662773174, 66: 0.009438506527670509, 67: 0.007457821149507193, 68: 0.008014912851172116, 69: 0.007693429932193003, 70: 0.00804243637592276, 71: 0.005881882270008834, 72: 0.006668971966798317, 73: 0.007625726102434101, 74: 0.004682668634010888}","[90, 89, 86, 86, 84, 84, 82, 81, 81, 81, 81, 81, 80, 80, 80, 80, 79, 79, 78, 78, 78, 78, 77, 77, 77, 77, 76, 76, 76, 76, 76, 75, 75, 75, 75, 75, 75, 74, 74, 74, 74, 74, 73, 72, 72, 71, 71, 71, 71, 70, 70, 70, 70, 70, 70, 69, 69, 69, 68, 67, 67, 66, 66, 66, 65, 65, 65, 64, 63, 62, 62, 62, 62, 61, 57]","dict_values([39, 44, 36, 43, 38, 46, 36, 34, 46, 46, 50, 48, 39, 43, 46, 40, 44, 41, 45, 44, 37, 43, 35, 40, 43, 47, 51, 42, 43, 45, 43, 46, 44, 49, 34, 33, 44, 46, 39, 37, 37, 39, 41, 42, 38, 48, 49, 40, 30, 43, 31, 43, 40, 43, 37, 45, 38, 39, 49, 43, 34, 30, 39, 44, 38, 45, 43, 36, 35, 36, 41, 48, 41, 50, 44])",0.05598416824196601
51,73.89333333333333,0.5018696892829866,"{0: 0.00705834691480078, 1: 0.007453045505616032, 2: 0.007722794437921386, 3: 0.005698346109114351, 4: 0.006372637658352375, 5: 0.006575235309759379, 6: 0.00955609406274347, 7: 0.006312585693272261, 8: 0.004715538266648012, 9: 0.003567513924938624, 10: 0.007964653868143209, 11: 0.0063342374654491145, 12: 0.008466087115392096, 13: 0.007642108960104406, 14: 0.007235697118297315, 15: 0.00496763908001757, 16: 0.004638642881038711, 17: 0.006473015764085616, 18: 0.004348449948195294, 19: 0.006370038128621624, 20: 0.008401915418972209, 21: 0.007988039070698626, 22: 0.005742640656214117, 23: 0.0066147403566182905, 24: 0.0046853118785096445, 25: 0.0052563943884472285, 26: 0.005320926253166488, 27: 0.007780657033848899, 28: 0.004809000953326474, 29: 0.006125949236749242, 30: 0.005417149689910699, 31: 0.007941952130754026, 32: 0.006907327904101424, 33: 0.006604614464454568, 34: 0.00610396609639227, 35: 0.009369431694885062, 36: 0.005541342627698468, 37: 0.006094424730496393, 38: 0.007529008774696826, 39: 0.006906805696768311, 40: 0.006739892067263436, 41: 0.009447867110905556, 42: 0.00795130799030336, 43: 0.008332870327637106, 44: 0.0070079107660368425, 45: 0.00628204671243053, 46: 0.010854656769979263, 47: 0.004635888836195273, 48: 0.007221338711541591, 49: 0.005163083686108078, 50: 0.007660536012233607, 51: 0.006254293085000069, 52: 0.006416155640391144, 53: 0.006125281708430034, 54: 0.007088632315120571, 55: 0.007680606871383758, 56: 0.007230969496692549, 57: 0.007328494864359656, 58: 0.007205496301380826, 59: 0.008486564242757193, 60: 0.0062338819286271285, 61: 0.008669127654919825, 62: 0.006709544502096521, 63: 0.008056337542545138, 64: 0.007275702518631142, 65: 0.0068353628371557425, 66: 0.009032259802995095, 67: 0.007403589824605223, 68: 0.007913992528748423, 69: 0.008374326046364228, 70: 0.008100148242447557, 71: 0.005892787224724248, 72: 0.006542640003888302, 73: 0.00730707236677049, 74: 0.004364122820987056}","[91, 88, 86, 86, 84, 83, 83, 82, 82, 82, 81, 81, 80, 80, 80, 80, 80, 79, 79, 78, 78, 78, 78, 77, 77, 77, 77, 77, 77, 76, 76, 76, 76, 76, 75, 75, 75, 75, 75, 75, 75, 74, 74, 72, 72, 72, 71, 71, 71, 71, 71, 71, 70, 70, 70, 70, 70, 69, 69, 68, 68, 67, 66, 66, 66, 65, 64, 63, 62, 62, 62, 61, 61, 60, 57]","dict_values([39, 44, 36, 43, 38, 46, 36, 34, 46, 46, 50, 48, 39, 43, 46, 40, 44, 41, 45, 44, 37, 43, 35, 40, 43, 47, 51, 42, 43, 45, 43, 46, 44, 49, 34, 33, 44, 46, 39, 37, 37, 39, 41, 42, 38, 48, 49, 40, 30, 43, 31, 43, 40, 43, 37, 45, 38, 39, 49, 43, 34, 30, 39, 44, 38, 45, 43, 36, 35, 36, 41, 48, 41, 50, 44])",0.052288609106978856
52,73.73333333333333,0.5010550865816761,"{0: 0.00703368981348316, 1: 0.007263046067932583, 2: 0.007991340358088354, 3: 0.005555687558999684, 4: 0.0068102653872216395, 5: 0.0065151782644883045, 6: 0.009879350468561886, 7: 0.00600742531520949, 8: 0.0045304885951501185, 9: 0.0037998809376897, 10: 0.008261065507399686, 11: 0.0063688087729130176, 12: 0.008180115039000626, 13: 0.007460536389264535, 14: 0.007521275808825767, 15: 0.004981385723069581, 16: 0.004758963473374925, 17: 0.0063668045133591, 18: 0.004634210440700803, 19: 0.006361438555458516, 20: 0.008422200568449148, 21: 0.007914648679211055, 22: 0.005809925213566024, 23: 0.006652366017504964, 24: 0.004903236134287658, 25: 0.005134816881119579, 26: 0.0051131253782306626, 27: 0.0077316178900407205, 28: 0.004886072168035644, 29: 0.006344585611051952, 30: 0.005158891055952037, 31: 0.007459357941389014, 32: 0.00705802360104129, 33: 0.006539519744943499, 34: 0.006456563717612302, 35: 0.009352938723029551, 36: 0.005905012557926593, 37: 0.006130916365757905, 38: 0.006894448177951653, 39: 0.006993955279931552, 40: 0.006680861051871386, 41: 0.009353070191845956, 42: 0.007828285168698315, 43: 0.008148116107128641, 44: 0.007109284457486357, 45: 0.006065893591017177, 46: 0.010965771448018614, 47: 0.0048091279836453334, 48: 0.007283140392053721, 49: 0.004920739424758327, 50: 0.007817248339576343, 51: 0.005970780640678896, 52: 0.006513713153181256, 53: 0.006377014146485469, 54: 0.007166660598163568, 55: 0.007948354152819604, 56: 0.007160759262466159, 57: 0.00756631432506057, 58: 0.0064786129493801334, 59: 0.00850519758060244, 60: 0.006253678219458321, 61: 0.008362283485269658, 62: 0.006732203640398994, 63: 0.008632441332586512, 64: 0.006809488876512978, 65: 0.006683961425817959, 66: 0.009406836624154593, 67: 0.007308669077061766, 68: 0.008039978489212786, 69: 0.008350783796774895, 70: 0.008284338776304665, 71: 0.005816457355456571, 72: 0.006743105376607866, 73: 0.007672824922142985, 74: 0.004640621311791097}","[91, 89, 86, 86, 84, 84, 83, 83, 83, 82, 81, 81, 80, 80, 80, 80, 79, 79, 79, 78, 78, 77, 77, 77, 77, 77, 76, 76, 76, 76, 76, 76, 75, 75, 75, 75, 74, 74, 74, 74, 74, 74, 72, 72, 72, 72, 72, 72, 71, 71, 71, 70, 70, 70, 70, 69, 69, 69, 69, 69, 68, 66, 65, 65, 65, 64, 64, 63, 63, 62, 62, 62, 61, 61, 58]","dict_values([39, 44, 36, 43, 38, 46, 36, 34, 46, 46, 50, 48, 39, 43, 46, 40, 44, 41, 45, 44, 37, 43, 35, 40, 43, 47, 51, 42, 43, 45, 43, 46, 44, 49, 34, 33, 44, 46, 39, 37, 37, 39, 41, 42, 38, 48, 49, 40, 30, 43, 31, 43, 40, 43, 37, 45, 38, 39, 49, 43, 34, 30, 39, 44, 38, 45, 43, 36, 35, 36, 41, 48, 41, 50, 44])",0.05019145937496935
50,73.81333333333333,0.5014305354546578,"{0: 0.006826827883418649, 1: 0.0074842174658558466, 2: 0.007887748635763367, 3: 0.005555807805763277, 4: 0.006705029365707723, 5: 0.006100744991061563, 6: 0.009105458782682506, 7: 0.006053814683304792, 8: 0.004891767990161089, 9: 0.003566060676065791, 10: 0.008366540227814212, 11: 0.006827796405403324, 12: 0.008003007324912128, 13: 0.007129675638191761, 14: 0.0072756568326043745, 15: 0.004678523813765249, 16: 0.004727840974899057, 17: 0.006409071281897128, 18: 0.004782703986339053, 19: 0.006111588764197341, 20: 0.008451632753663098, 21: 0.007707181919089364, 22: 0.0056896810954422845, 23: 0.007049659342569712, 24: 0.004729374489767485, 25: 0.004918812267612885, 26: 0.005359013027506234, 27: 0.007611297968577207, 28: 0.005044586910674999, 29: 0.006499428982076008, 30: 0.00515209204837991, 31: 0.007207975258610535, 32: 0.0066555896980795256, 33: 0.006720288905439013, 34: 0.006509548093130745, 35: 0.009198695374817163, 36: 0.005922065636200585, 37: 0.006078558851801678, 38: 0.006540087107763943, 39: 0.007354655392982954, 40: 0.006582013093484351, 41: 0.009448974828482356, 42: 0.008096821020800428, 43: 0.008055722636995461, 44: 0.007223921135123707, 45: 0.006641788551991323, 46: 0.010721414334571654, 47: 0.004908270165068267, 48: 0.007542894543254377, 49: 0.005127953027822181, 50: 0.007815257925612114, 51: 0.005786930128437831, 52: 0.006525531964303813, 53: 0.006126811369697103, 54: 0.007023881797923389, 55: 0.008006197947781336, 56: 0.007084304959009272, 57: 0.007298066157837377, 58: 0.006839351763733257, 59: 0.008327770865136162, 60: 0.006518656509901791, 61: 0.008488735670116812, 62: 0.006903689615753812, 63: 0.008992534952739845, 64: 0.006745394444238983, 65: 0.006522322461141029, 66: 0.009287124567066578, 67: 0.0075737762248156626, 68: 0.008017659455328894, 69: 0.00889138281282359, 70: 0.00798447970443751, 71: 0.005628696857859076, 72: 0.006774534892211563, 73: 0.007758486180375895, 74: 0.004832985281425457}","[90, 86, 86, 85, 85, 84, 84, 83, 83, 82, 82, 81, 81, 81, 81, 80, 80, 79, 78, 78, 78, 78, 78, 77, 77, 77, 77, 77, 76, 76, 76, 75, 75, 75, 75, 74, 74, 74, 74, 74, 73, 73, 73, 73, 72, 72, 72, 72, 72, 72, 71, 71, 70, 70, 70, 69, 69, 69, 68, 68, 67, 66, 66, 65, 65, 64, 64, 64, 63, 63, 62, 62, 62, 61, 57]","dict_values([39, 44, 36, 43, 38, 46, 36, 34, 46, 46, 50, 48, 39, 43, 46, 40, 44, 41, 45, 44, 37, 43, 35, 40, 43, 47, 51, 42, 43, 45, 43, 46, 44, 49, 34, 33, 44, 46, 39, 37, 37, 39, 41, 42, 38, 48, 49, 40, 30, 43, 31, 43, 40, 43, 37, 45, 38, 39, 49, 43, 34, 30, 39, 44, 38, 45, 43, 36, 35, 36, 41, 48, 41, 50, 44])",0.05836286503057235
50,73.73333333333333,0.5008710859415848,"{0: 0.006774049362511374, 1: 0.007851744321937165, 2: 0.008244216780473162, 3: 0.005737346346573727, 4: 0.006445752420274099, 5: 0.0060784284604598286, 6: 0.008967268469985737, 7: 0.0060663860477949945, 8: 0.004729139655617158, 9: 0.003488980313628467, 10: 0.008432495891232527, 11: 0.007000071242054573, 12: 0.007974980392746984, 13: 0.006870568385323658, 14: 0.007562138820701426, 15: 0.004669121175877283, 16: 0.004982122067221066, 17: 0.006200624279191973, 18: 0.004764586621109587, 19: 0.006311547455631276, 20: 0.008326248323800883, 21: 0.007743482776890915, 22: 0.005642660564387016, 23: 0.006936016749562697, 24: 0.004904065563768248, 25: 0.004782148375437839, 26: 0.00538742783151081, 27: 0.007521671812784382, 28: 0.005084143822921302, 29: 0.006564346678321495, 30: 0.005079632701949371, 31: 0.007228405975941728, 32: 0.006837069125757108, 33: 0.006341629575720983, 34: 0.0064739486115699485, 35: 0.009206701225573221, 36: 0.006301908401048163, 37: 0.00610214582110201, 38: 0.006556430256327676, 39: 0.007419450183989361, 40: 0.006568462387294956, 41: 0.00921737002491627, 42: 0.00796463765046458, 43: 0.008232746025529342, 44: 0.007103877878798566, 45: 0.006732708823075723, 46: 0.010571507798453098, 47: 0.004713472736074866, 48: 0.007362794100412569, 49: 0.005040142968726375, 50: 0.007482509222384779, 51: 0.005693482879924247, 52: 0.006762699246877736, 53: 0.006121644990211386, 54: 0.007182404598833748, 55: 0.008243025709485737, 56: 0.007170661923796297, 57: 0.007465635686587063, 58: 0.006803231053244998, 59: 0.008174901994423379, 60: 0.0068279762140207945, 61: 0.008220866158213958, 62: 0.00733692114923041, 63: 0.009046136534951206, 64: 0.007238558265594031, 65: 0.006588050956567422, 66: 0.009250939382905035, 67: 0.007576273700189346, 68: 0.008278819158199946, 69: 0.00827531123382786, 70: 0.008186134304413744, 71: 0.00536266864940397, 72: 0.006695044894713994, 73: 0.007632016855075774, 74: 0.004835058326179746}","[89, 85, 85, 85, 85, 84, 84, 83, 83, 82, 82, 82, 81, 80, 80, 79, 79, 79, 79, 78, 78, 78, 77, 77, 77, 77, 77, 77, 76, 76, 76, 76, 76, 75, 75, 75, 75, 74, 74, 74, 73, 73, 73, 73, 73, 73, 72, 72, 72, 71, 71, 70, 70, 70, 69, 69, 69, 68, 68, 68, 67, 66, 65, 65, 65, 64, 64, 63, 63, 63, 62, 62, 62, 62, 56]","dict_values([39, 44, 36, 43, 38, 46, 36, 34, 46, 46, 50, 48, 39, 43, 46, 40, 44, 41, 45, 44, 37, 43, 35, 40, 43, 47, 51, 42, 43, 45, 43, 46, 44, 49, 34, 33, 44, 46, 39, 37, 37, 39, 41, 42, 38, 48, 49, 40, 30, 43, 31, 43, 40, 43, 37, 45, 38, 39, 49, 43, 34, 30, 39, 44, 38, 45, 43, 36, 35, 36, 41, 48, 41, 50, 44])",0.0565934946322705
50,73.81333333333333,0.5014003143215344,"{0: 0.006697440275790685, 1: 0.0075511910410805735, 2: 0.008595657301787159, 3: 0.005339354884416435, 4: 0.006386671394909669, 5: 0.006008976867827705, 6: 0.008685357786438417, 7: 0.006131950472537437, 8: 0.004771599816529055, 9: 0.0035557064678357693, 10: 0.008643092465413336, 11: 0.007017701608087363, 12: 0.007948611403716067, 13: 0.006820607051973686, 14: 0.007925428114997477, 15: 0.0047999260580159995, 16: 0.004937535581903519, 17: 0.006001466679994111, 18: 0.004674204144230093, 19: 0.006210510155405047, 20: 0.00813960068155409, 21: 0.007787396755581509, 22: 0.005951182017076452, 23: 0.006635256023611077, 24: 0.0051311518244382655, 25: 0.005009228336583952, 26: 0.00569985711235857, 27: 0.007520107191820754, 28: 0.005449693743382301, 29: 0.006402615624636414, 30: 0.005359847550163736, 31: 0.007330373839116285, 32: 0.00662845216813616, 33: 0.006249461137468829, 34: 0.006557271124451318, 35: 0.009299452016383965, 36: 0.006182721648122187, 37: 0.00625524001515989, 38: 0.006815587296653366, 39: 0.00776345043642153, 40: 0.00684516509355373, 41: 0.00935631790058908, 42: 0.007369413918753434, 43: 0.00781920989689823, 44: 0.007220809567249009, 45: 0.006608097710497214, 46: 0.010319324121924121, 47: 0.005065400880034699, 48: 0.007322701172341076, 49: 0.005043699855525673, 50: 0.007487266665843992, 51: 0.005289288627411194, 52: 0.006825043260104614, 53: 0.006053678809788483, 54: 0.007281583931165123, 55: 0.007711133257967065, 56: 0.0074105826391785, 57: 0.007234895774986396, 58: 0.006635307009598252, 59: 0.008222685925851314, 60: 0.0069123130070793265, 61: 0.008187688946772173, 62: 0.006985375340896049, 63: 0.008968519401193649, 64: 0.007428780473607417, 65: 0.006759383645905781, 66: 0.008943773880296881, 67: 0.007341468931721283, 68: 0.008136752311800778, 69: 0.008307291150699005, 70: 0.008218929452622585, 71: 0.005229322546805642, 72: 0.0064691129152044695, 73: 0.008005515268945005, 74: 0.005107677092474311}","[88, 86, 85, 85, 85, 84, 83, 83, 83, 82, 82, 81, 81, 80, 80, 80, 80, 79, 78, 78, 78, 78, 77, 77, 77, 77, 76, 76, 76, 76, 76, 76, 76, 76, 76, 75, 74, 74, 74, 74, 74, 74, 73, 73, 73, 73, 73, 72, 72, 70, 70, 70, 70, 70, 69, 69, 69, 68, 68, 67, 67, 66, 66, 66, 65, 65, 64, 64, 64, 64, 63, 63, 62, 62, 56]","dict_values([39, 44, 36, 43, 38, 46, 36, 34, 46, 46, 50, 48, 39, 43, 46, 40, 44, 41, 45, 44, 37, 43, 35, 40, 43, 47, 51, 42, 43, 45, 43, 46, 44, 49, 34, 33, 44, 46, 39, 37, 37, 39, 41, 42, 38, 48, 49, 40, 30, 43, 31, 43, 40, 43, 37, 45, 38, 39, 49, 43, 34, 30, 39, 44, 38, 45, 43, 36, 35, 36, 41, 48, 41, 50, 44])",0.06051770440041437
50,74.08,0.5030980411046492,"{0: 0.006641450824484551, 1: 0.007421399129247439, 2: 0.008565548508630188, 3: 0.0055460465857304865, 4: 0.006315483587208002, 5: 0.005798320736156403, 6: 0.008490098458972325, 7: 0.006109125608929879, 8: 0.004685634204125571, 9: 0.0035493583715613857, 10: 0.008214831635271804, 11: 0.006652249106198414, 12: 0.007778634017365636, 13: 0.0071813995866713545, 14: 0.008114547987631147, 15: 0.004901315670268262, 16: 0.004880453119838053, 17: 0.005792834841936969, 18: 0.00459158418456874, 19: 0.006155164544490443, 20: 0.00807231896348288, 21: 0.007964859825091495, 22: 0.006487812959054959, 23: 0.006218642667275816, 24: 0.005020623733315384, 25: 0.005201132230952146, 26: 0.005748338394856604, 27: 0.007559373922516266, 28: 0.005433908206660509, 29: 0.006566780083059431, 30: 0.005486746125848134, 31: 0.007416742472343989, 32: 0.0065129306927263295, 33: 0.00621516254260108, 34: 0.006325327121133665, 35: 0.009454390399674112, 36: 0.006602099344602369, 37: 0.00615326302434669, 38: 0.006582225609776101, 39: 0.007691398178662099, 40: 0.007015911281885112, 41: 0.009763788488531681, 42: 0.0074031019921631585, 43: 0.007762658356648622, 44: 0.007605441340809242, 45: 0.006832316999341481, 46: 0.009793602058213792, 47: 0.005763914334480774, 48: 0.007093923343798202, 49: 0.005424550819823369, 50: 0.007391317333307377, 51: 0.005201307261093415, 52: 0.006820302077222012, 53: 0.005627955730224178, 54: 0.007470361426155155, 55: 0.007602661451235831, 56: 0.007383117677957084, 57: 0.007073529507265787, 58: 0.006321870107512553, 59: 0.00835101804307808, 60: 0.006941507803397512, 61: 0.008217432433562828, 62: 0.006828546875549793, 63: 0.008697672745193109, 64: 0.007396538909590262, 65: 0.0063928204578005375, 66: 0.008509726964580643, 67: 0.0075366506415083774, 68: 0.00802127211800295, 69: 0.008015729904120007, 70: 0.008455636943825602, 71: 0.005413436573630338, 72: 0.006124944722853253, 73: 0.00793005828218306, 74: 0.00485909805275565}","[87, 87, 86, 85, 84, 84, 84, 83, 83, 82, 82, 81, 81, 81, 81, 80, 80, 79, 79, 79, 79, 78, 78, 77, 77, 77, 77, 77, 77, 76, 76, 76, 76, 76, 76, 75, 75, 75, 74, 74, 74, 74, 73, 73, 73, 73, 73, 72, 72, 71, 70, 70, 70, 69, 69, 69, 68, 68, 68, 68, 67, 67, 67, 67, 65, 65, 65, 65, 65, 64, 64, 63, 63, 62, 56]","dict_values([39, 44, 36, 43, 38, 46, 36, 34, 46, 46, 50, 48, 39, 43, 46, 40, 44, 41, 45, 44, 37, 43, 35, 40, 43, 47, 51, 42, 43, 45, 43, 46, 44, 49, 34, 33, 44, 46, 39, 37, 37, 39, 41, 42, 38, 48, 49, 40, 30, 43, 31, 43, 40, 43, 37, 45, 38, 39, 49, 43, 34, 30, 39, 44, 38, 45, 43, 36, 35, 36, 41, 48, 41, 50, 44])",0.06155222485008976
51,74.13333333333334,0.5030473225033062,"{0: 0.00636098611414559, 1: 0.007213173366468502, 2: 0.008975622510267994, 3: 0.005419596093141429, 4: 0.006319174443934385, 5: 0.005707859178702534, 6: 0.008432718841519417, 7: 0.00600761107682153, 8: 0.004906231656668476, 9: 0.003499646708142269, 10: 0.008629699403147334, 11: 0.006625209630050753, 12: 0.00773176076849234, 13: 0.0069591306956231554, 14: 0.00814536585838832, 15: 0.004892485695320933, 16: 0.0051553729571976094, 17: 0.005625798551103956, 18: 0.004865940945742557, 19: 0.00634935822451198, 20: 0.007704978154000812, 21: 0.007634384051617207, 22: 0.006163415213171921, 23: 0.005992508199432856, 24: 0.005164780120178084, 25: 0.005175076762625368, 26: 0.005905014201415389, 27: 0.0075731053875988065, 28: 0.0054685283464393965, 29: 0.006523345778697513, 30: 0.005487120803358058, 31: 0.007208742994352865, 32: 0.006605711008125106, 33: 0.006217649985765358, 34: 0.00639907225375168, 35: 0.009433154060372187, 36: 0.006898316747086883, 37: 0.00584226864328558, 38: 0.006565806748331107, 39: 0.007679083409128537, 40: 0.006963349631419488, 41: 0.010060140868495666, 42: 0.007097280574061494, 43: 0.007813673070346121, 44: 0.007570976570734268, 45: 0.007013452594953138, 46: 0.009955718727162326, 47: 0.005967981097070884, 48: 0.0069311194824706384, 49: 0.005452053061021831, 50: 0.00746615753419429, 51: 0.005344894938711005, 52: 0.007143987583658922, 53: 0.005619001270457847, 54: 0.007479243345838067, 55: 0.007792596354760836, 56: 0.0075516164492539515, 57: 0.006906075667010958, 58: 0.006273909127463953, 59: 0.008597054788650372, 60: 0.0067624591146875496, 61: 0.007772531149044622, 62: 0.006983670720922908, 63: 0.008656671991459822, 64: 0.00734683216961388, 65: 0.006168979981546239, 66: 0.008332350022066054, 67: 0.007672345734844713, 68: 0.007738028543172894, 69: 0.00832018241679042, 70: 0.00851058810092463, 71: 0.005197954282860848, 72: 0.006087587552161245, 73: 0.00788445405151987, 74: 0.004873322862144834}","[88, 88, 87, 86, 84, 84, 84, 83, 82, 82, 82, 81, 81, 81, 81, 81, 80, 80, 79, 79, 78, 78, 78, 78, 77, 77, 77, 77, 77, 77, 77, 76, 76, 75, 75, 75, 74, 74, 74, 74, 74, 74, 73, 73, 72, 72, 72, 72, 71, 71, 70, 70, 70, 69, 69, 69, 68, 68, 68, 68, 68, 67, 67, 66, 66, 65, 65, 65, 65, 65, 64, 64, 64, 63, 56]","dict_values([39, 44, 36, 43, 38, 46, 36, 34, 46, 46, 50, 48, 39, 43, 46, 40, 44, 41, 45, 44, 37, 43, 35, 40, 43, 47, 51, 42, 43, 45, 43, 46, 44, 49, 34, 33, 44, 46, 39, 37, 37, 39, 41, 42, 38, 48, 49, 40, 30, 43, 31, 43, 40, 43, 37, 45, 38, 39, 49, 43, 34, 30, 39, 44, 38, 45, 43, 36, 35, 36, 41, 48, 41, 50, 44])",0.05808731432120488
51,74.37333333333333,0.5043504301661993,"{0: 0.006186092425568279, 1: 0.007385794461692938, 2: 0.009356247305612004, 3: 0.005035459268712207, 4: 0.006434521082614987, 5: 0.0056947886685714925, 6: 0.008700226694168724, 7: 0.0062008195067479385, 8: 0.004788445793165543, 9: 0.0036316931668335757, 10: 0.008173820428430113, 11: 0.006406537973741969, 12: 0.00761733353000331, 13: 0.00684878026623859, 14: 0.008054918756539704, 15: 0.004808143894943461, 16: 0.005146904305944849, 17: 0.00596191158874934, 18: 0.004768523852360852, 19: 0.006341902542773542, 20: 0.007657617909110957, 21: 0.0071184670365920496, 22: 0.006050812893156858, 23: 0.005873806131862707, 24: 0.005316542043144706, 25: 0.005341391737368887, 26: 0.005994633280479373, 27: 0.00779159910239181, 28: 0.005159981333161214, 29: 0.006476599222723454, 30: 0.005452845482253594, 31: 0.006869218479300349, 32: 0.006790490405122715, 33: 0.005537770117957555, 34: 0.0065331026490489386, 35: 0.009322348687507781, 36: 0.0073293872592298265, 37: 0.0056816901894753405, 38: 0.0065352218165357495, 39: 0.007571543566552241, 40: 0.006918229273789573, 41: 0.009931869040956167, 42: 0.006802895578393545, 43: 0.008238941353275535, 44: 0.007646672043564115, 45: 0.006516704004785143, 46: 0.00944195068481486, 47: 0.006246381516468583, 48: 0.007072121597472819, 49: 0.005240723752333651, 50: 0.007451291898666686, 51: 0.0054358181134233526, 52: 0.0070574148388453444, 53: 0.005723355118635065, 54: 0.007800855673676928, 55: 0.008073556474206699, 56: 0.00753157369112471, 57: 0.007228806617917101, 58: 0.0065796816620215534, 59: 0.008581385170040961, 60: 0.006803563493901098, 61: 0.008015826598332861, 62: 0.006912213871229524, 63: 0.008825561230625459, 64: 0.006960070443421551, 65: 0.005998809177512669, 66: 0.008504777960799834, 67: 0.007600379652585556, 68: 0.007434946104398747, 69: 0.008113535897096137, 70: 0.00835711933261971, 71: 0.005159943208240624, 72: 0.0060512228623052266, 73: 0.007920998080201368, 74: 0.0049798665342949975}","[88, 88, 86, 86, 85, 85, 84, 83, 83, 82, 82, 82, 82, 82, 81, 80, 80, 80, 79, 79, 79, 79, 78, 78, 78, 77, 77, 77, 77, 77, 77, 76, 76, 76, 75, 75, 75, 74, 74, 74, 74, 74, 73, 73, 72, 71, 71, 71, 71, 71, 71, 71, 71, 71, 70, 69, 69, 69, 68, 68, 68, 68, 67, 67, 67, 66, 66, 65, 65, 64, 64, 64, 63, 63, 57]","dict_values([39, 44, 36, 43, 38, 46, 36, 34, 46, 46, 50, 48, 39, 43, 46, 40, 44, 41, 45, 44, 37, 43, 35, 40, 43, 47, 51, 42, 43, 45, 43, 46, 44, 49, 34, 33, 44, 46, 39, 37, 37, 39, 41, 42, 38, 48, 49, 40, 30, 43, 31, 43, 40, 43, 37, 45, 38, 39, 49, 43, 34, 30, 39, 44, 38, 45, 43, 36, 35, 36, 41, 48, 41, 50, 44])",0.05836199452312338
49,74.66666666666667,0.5062839782930081,"{0: 0.006302632546089578, 1: 0.00739694887042046, 2: 0.00891617523302693, 3: 0.005137968226554426, 4: 0.00650538134593065, 5: 0.005788402947275266, 6: 0.008018095365401963, 7: 0.006189099866374686, 8: 0.004664705511496082, 9: 0.0036003117689016755, 10: 0.008078122857477301, 11: 0.006254048892506701, 12: 0.007760930625448484, 13: 0.00670141047678941, 14: 0.008121482847576475, 15: 0.004808843552002268, 16: 0.0052753409195980625, 17: 0.006169684599394927, 18: 0.004660550204986969, 19: 0.00664390404198312, 20: 0.007600234073378602, 21: 0.007211428051424841, 22: 0.0058880181212911005, 23: 0.0058615735811728955, 24: 0.005246028081320732, 25: 0.005378603001016573, 26: 0.005935394548081912, 27: 0.007908304256931243, 28: 0.005207559667921731, 29: 0.006321407162129594, 30: 0.005270589457178781, 31: 0.006866461062485011, 32: 0.007163190904387214, 33: 0.005810877936450594, 34: 0.006866868642673217, 35: 0.009503046157665748, 36: 0.007500677296826815, 37: 0.005929887589206192, 38: 0.0067101673706531605, 39: 0.007401629257727534, 40: 0.006738717157096173, 41: 0.009764613297107635, 42: 0.0062385144004595255, 43: 0.008079857594411396, 44: 0.0076558551535767065, 45: 0.006876750989767108, 46: 0.009286851679522989, 47: 0.005847763413538633, 48: 0.007643158241243603, 49: 0.005305681515533151, 50: 0.007208004107578118, 51: 0.00548200492061779, 52: 0.007053593338815373, 53: 0.0056179523832745664, 54: 0.007649846165434194, 55: 0.008139802750063702, 56: 0.007421915051656787, 57: 0.0070216057972536635, 58: 0.006238681520594006, 59: 0.008289311909123069, 60: 0.006737359355319944, 61: 0.007994798724932087, 62: 0.007348931105794656, 63: 0.00857366171110919, 64: 0.006568013242711034, 65: 0.005871455871790801, 66: 0.008503013197151438, 67: 0.007381995948237921, 68: 0.007557919935246781, 69: 0.007983439239316768, 70: 0.008230951811435409, 71: 0.0051400436015477955, 72: 0.005833373834852482, 73: 0.00807597837830014, 74: 0.005133310286593044}","[88, 87, 86, 86, 84, 84, 84, 83, 83, 83, 83, 82, 82, 81, 81, 81, 80, 80, 80, 80, 80, 79, 79, 78, 78, 78, 78, 78, 78, 77, 77, 77, 77, 76, 76, 75, 74, 74, 74, 74, 74, 74, 73, 73, 73, 73, 73, 72, 72, 71, 71, 71, 70, 70, 70, 70, 69, 69, 69, 68, 68, 68, 68, 68, 67, 67, 66, 65, 65, 65, 65, 64, 64, 63, 57]","dict_values([39, 44, 36, 43, 38, 46, 36, 34, 46, 46, 50, 48, 39, 43, 46, 40, 44, 41, 45, 44, 37, 43, 35, 40, 43, 47, 51, 42, 43, 45, 43, 46, 44, 49, 34, 33, 44, 46, 39, 37, 37, 39, 41, 42, 38, 48, 49, 40, 30, 43, 31, 43, 40, 43, 37, 45, 38, 39, 49, 43, 34, 30, 39, 44, 38, 45, 43, 36, 35, 36, 41, 48, 41, 50, 44])",0.05315051020408165
49,74.93333333333334,0.5079217698974485,"{0: 0.006361087799347131, 1: 0.007757279234045218, 2: 0.008803350119964254, 3: 0.005080265756099616, 4: 0.0063937216771163706, 5: 0.0059466951337951695, 6: 0.008150828094604783, 7: 0.006059667709468124, 8: 0.004341599541549955, 9: 0.0036780604333972733, 10: 0.007701398633839885, 11: 0.006010277969590532, 12: 0.007679352557381923, 13: 0.006785797043214254, 14: 0.008104379225592996, 15: 0.004997367490713565, 16: 0.005630718736595751, 17: 0.006502363096746041, 18: 0.004963086086953014, 19: 0.006973532720681543, 20: 0.0076367819799013845, 21: 0.0070633697483061956, 22: 0.005888295833578038, 23: 0.006059734494343685, 24: 0.005135355660295229, 25: 0.00516503818654655, 26: 0.006091189875629464, 27: 0.00761275704452239, 28: 0.005210846507126165, 29: 0.006222256202060672, 30: 0.005301002870971804, 31: 0.006808254634303208, 32: 0.006933379714997891, 33: 0.0057346464328295954, 34: 0.006814429058594388, 35: 0.009697440784417278, 36: 0.007320754948708612, 37: 0.00566735669373055, 38: 0.006944731141066512, 39: 0.00719857834952194, 40: 0.006369661342623802, 41: 0.009664333631412584, 42: 0.006179605320301602, 43: 0.008077506243724126, 44: 0.007573354729324547, 45: 0.006689955920152199, 46: 0.00964743299248317, 47: 0.005960796877770768, 48: 0.007208692519870116, 49: 0.005607845307090517, 50: 0.006993786055935023, 51: 0.005791433617676883, 52: 0.007126326299024663, 53: 0.00568401047062667, 54: 0.007764439709038215, 55: 0.007858232015067381, 56: 0.00739266191344223, 57: 0.0069520199827082, 58: 0.006138787528471649, 59: 0.00807992889567205, 60: 0.006862217366246631, 61: 0.007835172292388528, 62: 0.007561685224399162, 63: 0.008400153745862766, 64: 0.0063019824621372775, 65: 0.005627683725319293, 66: 0.008554080557334363, 67: 0.007299597166491508, 68: 0.007298215259236852, 69: 0.007975393008035321, 70: 0.008272043796751965, 71: 0.005228810559614926, 72: 0.00562175277099388, 73: 0.008032102746096195, 74: 0.005160817039964724}","[88, 88, 87, 86, 85, 84, 84, 83, 83, 83, 82, 82, 82, 82, 81, 81, 81, 81, 80, 80, 80, 79, 79, 79, 78, 78, 77, 77, 77, 77, 77, 77, 76, 76, 76, 76, 75, 74, 74, 74, 74, 74, 74, 74, 74, 73, 73, 73, 72, 71, 71, 71, 71, 70, 70, 70, 70, 70, 70, 70, 69, 69, 68, 67, 67, 67, 67, 67, 66, 65, 65, 65, 64, 62, 58]","dict_values([39, 44, 36, 43, 38, 46, 36, 34, 46, 46, 50, 48, 39, 43, 46, 40, 44, 41, 45, 44, 37, 43, 35, 40, 43, 47, 51, 42, 43, 45, 43, 46, 44, 49, 34, 33, 44, 46, 39, 37, 37, 39, 41, 42, 38, 48, 49, 40, 30, 43, 31, 43, 40, 43, 37, 45, 38, 39, 49, 43, 34, 30, 39, 44, 38, 45, 43, 36, 35, 36, 41, 48, 41, 50, 44])",0.05777548409974548
50,75.28,0.5101516101218597,"{0: 0.006428947249311602, 1: 0.007686949659799469, 2: 0.008693024827142563, 3: 0.004715110005833145, 4: 0.006240921113096542, 5: 0.005811576727145517, 6: 0.008014862122628946, 7: 0.006050261607393489, 8: 0.004543897995617972, 9: 0.0035023782869916032, 10: 0.007708353314234937, 11: 0.006011180859349342, 12: 0.007518504348526861, 13: 0.006672222212895035, 14: 0.008221334675842176, 15: 0.005151160531659755, 16: 0.0056372477988198486, 17: 0.006552050047130114, 18: 0.005027046438355949, 19: 0.006812115814064434, 20: 0.007455426765911242, 21: 0.007082847688822083, 22: 0.005935534621014814, 23: 0.005962022654517446, 24: 0.005100646176387909, 25: 0.005307474490608653, 26: 0.006000203493405843, 27: 0.007509411394774604, 28: 0.0052163433244059015, 29: 0.00614444461454801, 30: 0.005077748948978199, 31: 0.006589813859858393, 32: 0.007176159041954715, 33: 0.005700992595957679, 34: 0.006938753612060317, 35: 0.009854033860729226, 36: 0.007118180909739922, 37: 0.005522790468285653, 38: 0.00704105750762535, 39: 0.007020997008210499, 40: 0.0061022265010458425, 41: 0.010032373868390941, 42: 0.006275452990586913, 43: 0.007599377322695674, 44: 0.0070479142621270065, 45: 0.00705340014634925, 46: 0.009395318722223317, 47: 0.005933642606193217, 48: 0.006953479095629103, 49: 0.005550196196209358, 50: 0.007147094751487994, 51: 0.006109476751000175, 52: 0.006995799717870416, 53: 0.005717968354211062, 54: 0.007634507683069058, 55: 0.007905384059437505, 56: 0.007408876609591099, 57: 0.006875867140255849, 58: 0.006611527311750181, 59: 0.007976360763778152, 60: 0.006806225273873418, 61: 0.00817098037284892, 62: 0.0072208613569389075, 63: 0.008161578869695776, 64: 0.006321748253682186, 65: 0.005736401614966396, 66: 0.008598221573044915, 67: 0.007210112209704556, 68: 0.007160091746263762, 69: 0.007972672120167614, 70: 0.008065830844381346, 71: 0.0054381440309394045, 72: 0.005754922468173773, 73: 0.007983371648084468, 74: 0.0051315962999891815}","[90, 89, 87, 87, 85, 84, 84, 84, 84, 82, 82, 82, 82, 81, 81, 81, 81, 81, 80, 80, 80, 79, 79, 79, 79, 78, 78, 78, 77, 77, 77, 77, 76, 76, 76, 76, 75, 75, 75, 75, 74, 74, 74, 74, 74, 74, 73, 73, 73, 72, 72, 72, 72, 71, 71, 71, 71, 71, 71, 70, 69, 69, 68, 68, 68, 68, 67, 67, 66, 66, 66, 66, 63, 62, 57]","dict_values([39, 44, 36, 43, 38, 46, 36, 34, 46, 46, 50, 48, 39, 43, 46, 40, 44, 41, 45, 44, 37, 43, 35, 40, 43, 47, 51, 42, 43, 45, 43, 46, 44, 49, 34, 33, 44, 46, 39, 37, 37, 39, 41, 42, 38, 48, 49, 40, 30, 43, 31, 43, 40, 43, 37, 45, 38, 39, 49, 43, 34, 30, 39, 44, 38, 45, 43, 36, 35, 36, 41, 48, 41, 50, 44])",0.05176282720916661
50,75.41333333333333,0.5115316154913595,"{0: 0.006610581719374321, 1: 0.007633917925908188, 2: 0.008414298182671883, 3: 0.004708952206749834, 4: 0.006386484065049211, 5: 0.005582520949560315, 6: 0.007988394499893569, 7: 0.005942958157815385, 8: 0.004560010040909828, 9: 0.0034488917537060255, 10: 0.007737439285405474, 11: 0.006005810312971732, 12: 0.007499692773742906, 13: 0.006468575801951718, 14: 0.008525433531505096, 15: 0.005258759179897442, 16: 0.006053674385322008, 17: 0.006570663029171312, 18: 0.005134050082148348, 19: 0.006807642729079528, 20: 0.007455320521708068, 21: 0.007013612042627575, 22: 0.0059350468699307605, 23: 0.005763962366827102, 24: 0.005184992292295622, 25: 0.005074019703257113, 26: 0.005907610968119183, 27: 0.0072381154890102245, 28: 0.005155911878352084, 29: 0.006130656918873238, 30: 0.005087482004571481, 31: 0.006511425709136377, 32: 0.006953230431214676, 33: 0.005685888816164028, 34: 0.007219252564655032, 35: 0.009778405854266202, 36: 0.00707044987691226, 37: 0.005438145809835361, 38: 0.007087940707173409, 39: 0.007200947366788582, 40: 0.006109573614478387, 41: 0.010302888787887095, 42: 0.00597004506418211, 43: 0.0077243602087409486, 44: 0.00673346861363499, 45: 0.006800101266084375, 46: 0.009119033954363594, 47: 0.00599192104755682, 48: 0.007088695510007002, 49: 0.005502953067954811, 50: 0.0070119856686561, 51: 0.005801023913636902, 52: 0.007135625704376022, 53: 0.005658434982722335, 54: 0.0076155949253570105, 55: 0.008120911224938118, 56: 0.007564219200536627, 57: 0.006628200568900825, 58: 0.00656480964185476, 59: 0.007951526070594506, 60: 0.0068536695480021816, 61: 0.007958906959423306, 62: 0.0073481882898474215, 63: 0.008367771781239144, 64: 0.006304666289697585, 65: 0.0057198540802518485, 66: 0.008420156617404145, 67: 0.007385164134773973, 68: 0.0071180268395949955, 69: 0.008032704989277816, 70: 0.00826729083382906, 71: 0.005438801738910541, 72: 0.0058889793818795565, 73: 0.00812554377652232, 74: 0.005031181991258812}","[91, 89, 86, 86, 85, 85, 84, 84, 83, 83, 83, 83, 82, 82, 82, 81, 81, 80, 80, 80, 79, 79, 79, 79, 79, 79, 78, 78, 78, 78, 77, 77, 77, 77, 77, 77, 76, 75, 75, 74, 74, 74, 74, 73, 73, 73, 73, 73, 73, 73, 72, 72, 71, 71, 71, 71, 71, 71, 70, 70, 70, 69, 69, 69, 69, 68, 67, 67, 67, 66, 66, 66, 63, 62, 57]","dict_values([39, 44, 36, 43, 38, 46, 36, 34, 46, 46, 50, 48, 39, 43, 46, 40, 44, 41, 45, 44, 37, 43, 35, 40, 43, 47, 51, 42, 43, 45, 43, 46, 44, 49, 34, 33, 44, 46, 39, 37, 37, 39, 41, 42, 38, 48, 49, 40, 30, 43, 31, 43, 40, 43, 37, 45, 38, 39, 49, 43, 34, 30, 39, 44, 38, 45, 43, 36, 35, 36, 41, 48, 41, 50, 44])",0.05406082636956361
50,75.46666666666667,0.5124758597282469,"{0: 0.006633775738983008, 1: 0.007073765823793962, 2: 0.00839082912162895, 3: 0.004339251903563005, 4: 0.005896734672050787, 5: 0.005664234399253857, 6: 0.007544515045304467, 7: 0.006479606477711403, 8: 0.004495258764056286, 9: 0.0035947068729977084, 10: 0.007878406271462354, 11: 0.005884869890065978, 12: 0.007685406080543274, 13: 0.007128206489810161, 14: 0.008457460436608286, 15: 0.004983684861021663, 16: 0.005911655539463577, 17: 0.006202481903369822, 18: 0.004851234892492295, 19: 0.006870079167876563, 20: 0.0073999502325322805, 21: 0.00719875130971835, 22: 0.0058663642636149005, 23: 0.0058567363614461816, 24: 0.0053076246966083426, 25: 0.005366476550343626, 26: 0.005787402713581507, 27: 0.0068083525101816445, 28: 0.005120317123992751, 29: 0.006432209996427095, 30: 0.0049319796637501785, 31: 0.0059679617235797395, 32: 0.006875794732191673, 33: 0.006097825664882041, 34: 0.007369278364244825, 35: 0.009869005779198163, 36: 0.007103986187161503, 37: 0.005141093339552849, 38: 0.007220618592876901, 39: 0.007596571054890193, 40: 0.006092262325095295, 41: 0.010439727484789194, 42: 0.005690454171351927, 43: 0.007731579541362903, 44: 0.0065928592420880444, 45: 0.006631877642751215, 46: 0.009348647262513563, 47: 0.006156493627320349, 48: 0.0070887032962859056, 49: 0.0058219486218800175, 50: 0.006729610245444662, 51: 0.005709651909512042, 52: 0.006882354908481508, 53: 0.005322184703300555, 54: 0.007671172465288883, 55: 0.008260133662094696, 56: 0.007576820891401856, 57: 0.006738388256754777, 58: 0.006316869896364303, 59: 0.008090569989697111, 60: 0.006992121211865131, 61: 0.008169024200250657, 62: 0.007836478694538532, 63: 0.008420746150848769, 64: 0.006491732960659821, 65: 0.00571802873469131, 66: 0.008139047229916556, 67: 0.0077041319390555385, 68: 0.0069880145139960105, 69: 0.008133724683368848, 70: 0.008169399533361595, 71: 0.005482831476291737, 72: 0.005965646067572962, 73: 0.008310314676544615, 74: 0.0048191984164099476}","[92, 89, 87, 86, 86, 85, 84, 84, 84, 83, 83, 83, 83, 83, 82, 82, 81, 81, 80, 79, 79, 79, 79, 79, 79, 79, 79, 79, 79, 78, 78, 77, 77, 77, 76, 76, 76, 76, 76, 76, 75, 74, 74, 74, 74, 73, 73, 72, 72, 72, 72, 71, 71, 71, 71, 71, 71, 70, 70, 70, 70, 69, 68, 68, 68, 68, 67, 67, 66, 66, 65, 65, 63, 60, 58]","dict_values([39, 44, 36, 43, 38, 46, 36, 34, 46, 46, 50, 48, 39, 43, 46, 40, 44, 41, 45, 44, 37, 43, 35, 40, 43, 47, 51, 42, 43, 45, 43, 46, 44, 49, 34, 33, 44, 46, 39, 37, 37, 39, 41, 42, 38, 48, 49, 40, 30, 43, 31, 43, 40, 43, 37, 45, 38, 39, 49, 43, 34, 30, 39, 44, 38, 45, 43, 36, 35, 36, 41, 48, 41, 50, 44])",0.05009214748592192
50,75.92,0.5151420510659858,"{0: 0.006492193001136562, 1: 0.007019792934827567, 2: 0.008245259961502143, 3: 0.004390804501761853, 4: 0.006042356251860655, 5: 0.005173528961241229, 6: 0.007246322356802662, 7: 0.00625058256300814, 8: 0.004379710430502917, 9: 0.0035983666910582115, 10: 0.007509277945482093, 11: 0.0058346222773366305, 12: 0.00781669491309718, 13: 0.0073413463205977605, 14: 0.008292457573720033, 15: 0.005101600176438514, 16: 0.00615602242785327, 17: 0.005794229162426975, 18: 0.005531149222238212, 19: 0.006749211577726711, 20: 0.007561616341075397, 21: 0.0070274819103754, 22: 0.005937261277437309, 23: 0.0060551108201373615, 24: 0.005400763026464898, 25: 0.005182462783356579, 26: 0.005517579981942241, 27: 0.006770605474970817, 28: 0.005146305719268393, 29: 0.006464314410735879, 30: 0.00508425318384112, 31: 0.006275535441811129, 32: 0.007154557247270198, 33: 0.006000190787839514, 34: 0.007275423639687484, 35: 0.009579504871352727, 36: 0.006733394309567283, 37: 0.00533981263462886, 38: 0.0071900874006494515, 39: 0.007653228377931178, 40: 0.006199598170301848, 41: 0.01007200980814165, 42: 0.0056449618019005065, 43: 0.007367081119038313, 44: 0.006400545567813842, 45: 0.006431652875927741, 46: 0.009249407624228465, 47: 0.00599713741362914, 48: 0.007107108707844339, 49: 0.005718389867942091, 50: 0.006744595033607956, 51: 0.00576928307464285, 52: 0.006877778615823085, 53: 0.0054042798080042535, 54: 0.007844322021241187, 55: 0.008253401970416666, 56: 0.007594314260834443, 57: 0.006686635197572891, 58: 0.006231306453418813, 59: 0.008105236696287165, 60: 0.007241687808424863, 61: 0.00775885172333485, 62: 0.007526499519526972, 63: 0.008279902494081769, 64: 0.006859802290613166, 65: 0.005793851997942396, 66: 0.007804744522011735, 67: 0.007591346861727203, 68: 0.006764432624321497, 69: 0.007906860025167384, 70: 0.008043302587074532, 71: 0.0052698974589353905, 72: 0.00611290289284324, 73: 0.00847045170115645, 74: 0.004931633760204362}","[91, 89, 87, 87, 86, 85, 85, 83, 83, 83, 83, 83, 83, 82, 82, 82, 82, 81, 81, 81, 80, 80, 80, 80, 80, 79, 79, 79, 79, 78, 78, 78, 78, 77, 77, 77, 77, 77, 76, 76, 76, 75, 75, 75, 74, 74, 73, 73, 73, 72, 72, 72, 72, 72, 72, 71, 71, 70, 70, 70, 70, 69, 69, 69, 68, 68, 68, 67, 67, 67, 67, 67, 62, 61, 59]","dict_values([39, 44, 36, 43, 38, 46, 36, 34, 46, 46, 50, 48, 39, 43, 46, 40, 44, 41, 45, 44, 37, 43, 35, 40, 43, 47, 51, 42, 43, 45, 43, 46, 44, 49, 34, 33, 44, 46, 39, 37, 37, 39, 41, 42, 38, 48, 49, 40, 30, 43, 31, 43, 40, 43, 37, 45, 38, 39, 49, 43, 34, 30, 39, 44, 38, 45, 43, 36, 35, 36, 41, 48, 41, 50, 44])",0.04777291312505018
50,76.29333333333334,0.5171890628835829,"{0: 0.006685421898742168, 1: 0.0071566033121071215, 2: 0.007873721519788225, 3: 0.004315353350622372, 4: 0.005878150526783528, 5: 0.005207705855934703, 6: 0.006953878948875456, 7: 0.0064605997296381555, 8: 0.004873977486747413, 9: 0.0034995123604883854, 10: 0.00794030053037589, 11: 0.0055081929885380425, 12: 0.007871395393275367, 13: 0.007425962579355719, 14: 0.008175112641494061, 15: 0.005068147757691159, 16: 0.006312909364963004, 17: 0.006078885905871135, 18: 0.005384291709675985, 19: 0.006631807899357409, 20: 0.007216355557932027, 21: 0.006989290024503947, 22: 0.0057929548107097635, 23: 0.006121247063070574, 24: 0.005605364271429651, 25: 0.005424612910500248, 26: 0.005326326962703576, 27: 0.0070566070841854775, 28: 0.005071669372364654, 29: 0.006078713222926457, 30: 0.005350460859189884, 31: 0.006009385432897077, 32: 0.007194702898107254, 33: 0.006004305733291639, 34: 0.007510590776311865, 35: 0.009480365932924515, 36: 0.006490181350282812, 37: 0.005445282293511805, 38: 0.007237005294419196, 39: 0.007586962612503771, 40: 0.006386531531952015, 41: 0.009988144270547498, 42: 0.005376612358390598, 43: 0.007110637681607078, 44: 0.006378000525226812, 45: 0.006223042596073871, 46: 0.009026021116539478, 47: 0.005658582821053541, 48: 0.00726675189850502, 49: 0.005831125766486496, 50: 0.006699701806449184, 51: 0.00615966786345933, 52: 0.006931966103191934, 53: 0.005590095027043071, 54: 0.007673856844335797, 55: 0.00800799101338661, 56: 0.007277451919193708, 57: 0.006968096440758558, 58: 0.006167740812127752, 59: 0.0077415937099168785, 60: 0.007148019515251247, 61: 0.007523035510240723, 62: 0.007516679799817521, 63: 0.008172665039113989, 64: 0.006804215411299832, 65: 0.005928970989137898, 66: 0.007386566589508343, 67: 0.00753115337572124, 68: 0.006538916875887068, 69: 0.0077710973837435025, 70: 0.007962329807507428, 71: 0.005343893975232855, 72: 0.0059997296007534735, 73: 0.008480863446732908, 74: 0.004912534868041812}","[92, 89, 87, 86, 86, 85, 85, 84, 83, 83, 83, 83, 83, 82, 82, 81, 81, 81, 81, 81, 81, 81, 80, 80, 79, 79, 79, 79, 79, 79, 78, 78, 78, 78, 78, 78, 78, 77, 77, 77, 77, 76, 76, 75, 74, 74, 74, 74, 73, 73, 73, 72, 72, 72, 72, 71, 71, 71, 71, 70, 70, 70, 70, 69, 69, 69, 69, 69, 69, 67, 67, 67, 65, 61, 59]","dict_values([39, 44, 36, 43, 38, 46, 36, 34, 46, 46, 50, 48, 39, 43, 46, 40, 44, 41, 45, 44, 37, 43, 35, 40, 43, 47, 51, 42, 43, 45, 43, 46, 44, 49, 34, 33, 44, 46, 39, 37, 37, 39, 41, 42, 38, 48, 49, 40, 30, 43, 31, 43, 40, 43, 37, 45, 38, 39, 49, 43, 34, 30, 39, 44, 38, 45, 43, 36, 35, 36, 41, 48, 41, 50, 44])",0.05033840456592967
50,76.16,0.5157155241006808,"{0: 0.006496967615246647, 1: 0.007216025032629419, 2: 0.007796714109486329, 3: 0.0046308679987116744, 4: 0.0059202000156431366, 5: 0.005736501795949924, 6: 0.006678487572598332, 7: 0.006365874388267829, 8: 0.004735807501435441, 9: 0.003673212951661445, 10: 0.00811262107252776, 11: 0.005363385656865236, 12: 0.0078401791386014, 13: 0.007328362572283048, 14: 0.008134285769832527, 15: 0.005467930584019096, 16: 0.00627515444671087, 17: 0.006114029405925805, 18: 0.005235093601494883, 19: 0.006605146894294856, 20: 0.007154893235925585, 21: 0.007330393780730427, 22: 0.00600802916380754, 23: 0.006214222302285079, 24: 0.005516101411094217, 25: 0.005445269926143515, 26: 0.00551062023183452, 27: 0.006760607083605917, 28: 0.005063157424190757, 29: 0.006066905291538306, 30: 0.0052280499836305306, 31: 0.005973149174202371, 32: 0.0075035215349814974, 33: 0.005770733918187077, 34: 0.007503379130870763, 35: 0.009019381638581549, 36: 0.006372074691535013, 37: 0.005368829657085764, 38: 0.007024049496454336, 39: 0.007671059582115338, 40: 0.006879207438172053, 41: 0.010212045225322309, 42: 0.005467899551987035, 43: 0.006760516192089079, 44: 0.006443929293947107, 45: 0.006527644816136842, 46: 0.009014750107393684, 47: 0.005428430631495993, 48: 0.007182362261811843, 49: 0.00540954319388654, 50: 0.006508914461902998, 51: 0.006297744674571214, 52: 0.006963723984127278, 53: 0.005870911623733781, 54: 0.007704819299930841, 55: 0.007851301287509516, 56: 0.007323287663927162, 57: 0.006943861460900636, 58: 0.0060020093882855495, 59: 0.008075551910926649, 60: 0.007151870479006517, 61: 0.007301853752618613, 62: 0.007794499443133725, 63: 0.008042803379304303, 64: 0.0065942472185116004, 65: 0.005980495831061675, 66: 0.0075818023841998155, 67: 0.007439536683082518, 68: 0.00691179979744245, 69: 0.0077963608188632415, 70: 0.007575463252957323, 71: 0.005828885704803008, 72: 0.005951785760255951, 73: 0.008717966004613564, 74: 0.0049350818747922985}","[93, 88, 87, 86, 85, 85, 85, 83, 83, 83, 83, 83, 82, 82, 82, 82, 81, 81, 81, 81, 81, 80, 79, 79, 79, 79, 79, 79, 78, 78, 78, 78, 78, 77, 77, 77, 77, 77, 77, 76, 76, 75, 75, 75, 75, 74, 74, 74, 73, 73, 73, 73, 73, 72, 72, 71, 71, 70, 70, 70, 70, 70, 70, 70, 70, 69, 69, 68, 68, 68, 67, 67, 65, 63, 60]","dict_values([39, 44, 36, 43, 38, 46, 36, 34, 46, 46, 50, 48, 39, 43, 46, 40, 44, 41, 45, 44, 37, 43, 35, 40, 43, 47, 51, 42, 43, 45, 43, 46, 44, 49, 34, 33, 44, 46, 39, 37, 37, 39, 41, 42, 38, 48, 49, 40, 30, 43, 31, 43, 40, 43, 37, 45, 38, 39, 49, 43, 34, 30, 39, 44, 38, 45, 43, 36, 35, 36, 41, 48, 41, 50, 44])",0.0496904644210625
50,76.18666666666667,0.5164081233592354,"{0: 0.006306974008668251, 1: 0.007318172043723615, 2: 0.007799618098838662, 3: 0.004737429853186467, 4: 0.00584604135456729, 5: 0.00563777333267637, 6: 0.006837149482916379, 7: 0.006505547089743463, 8: 0.004739044755072288, 9: 0.003584099824525813, 10: 0.008189144356647696, 11: 0.00539102460737867, 12: 0.007930179490356763, 13: 0.007079323258563027, 14: 0.008326541245820558, 15: 0.0054686225362816435, 16: 0.006264262404303227, 17: 0.0061191830802657604, 18: 0.005465211349314458, 19: 0.0071922878912369405, 20: 0.006936444491862185, 21: 0.00730289053146074, 22: 0.0060672634701725995, 23: 0.0062344226624011225, 24: 0.005741581813069712, 25: 0.0053587400361423095, 26: 0.005512764731248705, 27: 0.006739659267334235, 28: 0.004972929644552557, 29: 0.0061101154402431425, 30: 0.005256881435076912, 31: 0.006166972648163018, 32: 0.007403491686414189, 33: 0.005691238737690745, 34: 0.007225480508785628, 35: 0.008998404963661336, 36: 0.0061846015147984535, 37: 0.005521528815439304, 38: 0.00693847419908171, 39: 0.007838289511142628, 40: 0.006822401277578804, 41: 0.010223889221713002, 42: 0.005209760886615902, 43: 0.006680865541516399, 44: 0.006505959913541299, 45: 0.006338982737884332, 46: 0.0092876051255139, 47: 0.005466926467382772, 48: 0.007198732484122499, 49: 0.005381981520860329, 50: 0.00608814608236555, 51: 0.006059448179943747, 52: 0.007180330896929298, 53: 0.005872018372767456, 54: 0.007915565217480358, 55: 0.008049313094530846, 56: 0.007111424487195349, 57: 0.007130762656497905, 58: 0.005621186249022617, 59: 0.007795459504346512, 60: 0.007316831793645809, 61: 0.007156291890652051, 62: 0.0076353050030781786, 63: 0.007952398374722598, 64: 0.006631191878309039, 65: 0.005986297431474909, 66: 0.007497811462541526, 67: 0.007208244830288207, 68: 0.006984545859598219, 69: 0.007777794596511506, 70: 0.007644835526561545, 71: 0.005952938126513056, 72: 0.006091338911328251, 73: 0.008703803334239214, 74: 0.005098871902116114}","[93, 88, 87, 87, 86, 85, 85, 84, 84, 84, 84, 83, 83, 82, 82, 82, 82, 81, 81, 81, 81, 80, 80, 79, 79, 79, 79, 78, 78, 78, 78, 78, 78, 77, 77, 76, 76, 76, 76, 76, 75, 75, 75, 75, 74, 74, 74, 74, 74, 73, 73, 73, 72, 72, 72, 71, 71, 71, 70, 70, 70, 70, 70, 70, 69, 69, 69, 68, 68, 68, 68, 66, 65, 64, 59]","dict_values([39, 44, 36, 43, 38, 46, 36, 34, 46, 46, 50, 48, 39, 43, 46, 40, 44, 41, 45, 44, 37, 43, 35, 40, 43, 47, 51, 42, 43, 45, 43, 46, 44, 49, 34, 33, 44, 46, 39, 37, 37, 39, 41, 42, 38, 48, 49, 40, 30, 43, 31, 43, 40, 43, 37, 45, 38, 39, 49, 43, 34, 30, 39, 44, 38, 45, 43, 36, 35, 36, 41, 48, 41, 50, 44])",0.04978224059960437
50,76.4,0.5179987903069155,"{0: 0.00639221017996177, 1: 0.007582151988066272, 2: 0.007872422089074214, 3: 0.0050098997106316915, 4: 0.005735006914207492, 5: 0.005621829094564872, 6: 0.006576176683301513, 7: 0.006215000471208964, 8: 0.004892548667341167, 9: 0.003539541788794106, 10: 0.008001859305688174, 11: 0.005270098139065336, 12: 0.008053772586688414, 13: 0.006959320507839584, 14: 0.008276109144064247, 15: 0.00544313912876156, 16: 0.006345868099405451, 17: 0.006398326035191516, 18: 0.005430959227732798, 19: 0.007117857967096193, 20: 0.006737659752849308, 21: 0.007355747249331955, 22: 0.005858714905474378, 23: 0.006349674888312745, 24: 0.005885292073662469, 25: 0.005200568497509634, 26: 0.0054954489671947, 27: 0.006653268747621686, 28: 0.005255360275005293, 29: 0.006312366361025285, 30: 0.005407749587246324, 31: 0.006077134692028357, 32: 0.007319227256221195, 33: 0.005944115825178473, 34: 0.007079783288043642, 35: 0.00947683779928825, 36: 0.006190380297194745, 37: 0.005408352416925693, 38: 0.006492293112842213, 39: 0.007838435623769754, 40: 0.006607123333573856, 41: 0.010326129406066961, 42: 0.005156836594762937, 43: 0.006721730961141253, 44: 0.006681499262970594, 45: 0.006352778645625392, 46: 0.009451099923988767, 47: 0.005597137765336884, 48: 0.006922252327468227, 49: 0.005532515572277408, 50: 0.006014539925856574, 51: 0.0062821744313171024, 52: 0.00716229400418546, 53: 0.005635726144197268, 54: 0.007892864430034273, 55: 0.007981584272959051, 56: 0.007185870790594559, 57: 0.00696645621680881, 58: 0.005542208324362827, 59: 0.00768980649344546, 60: 0.007474753544024832, 61: 0.007281087174905424, 62: 0.007442786138590577, 63: 0.007869803395317622, 64: 0.006468469820109204, 65: 0.005930810221853551, 66: 0.007252433428974194, 67: 0.006962384571496575, 68: 0.007238736576725953, 69: 0.007885676310556729, 70: 0.007581212902862695, 71: 0.005649699891337228, 72: 0.005957329014973977, 73: 0.008287410088290917, 74: 0.0049804027720308335}","[94, 90, 88, 86, 86, 86, 85, 84, 84, 84, 84, 83, 83, 82, 82, 82, 82, 82, 82, 81, 81, 81, 81, 81, 79, 79, 79, 78, 78, 77, 77, 77, 77, 77, 77, 76, 76, 76, 76, 76, 75, 75, 75, 75, 75, 75, 74, 74, 73, 73, 73, 73, 73, 72, 72, 72, 71, 71, 71, 71, 71, 70, 70, 69, 69, 69, 69, 68, 68, 68, 68, 68, 66, 66, 59]","dict_values([39, 44, 36, 43, 38, 46, 36, 34, 46, 46, 50, 48, 39, 43, 46, 40, 44, 41, 45, 44, 37, 43, 35, 40, 43, 47, 51, 42, 43, 45, 43, 46, 44, 49, 34, 33, 44, 46, 39, 37, 37, 39, 41, 42, 38, 48, 49, 40, 30, 43, 31, 43, 40, 43, 37, 45, 38, 39, 49, 43, 34, 30, 39, 44, 38, 45, 43, 36, 35, 36, 41, 48, 41, 50, 44])",0.04755352101093717
50,76.4,0.518055585935402,"{0: 0.0063440059020852995, 1: 0.007799146756795033, 2: 0.008043373610495425, 3: 0.0049915569663059435, 4: 0.005762934527800847, 5: 0.005552710676361393, 6: 0.006440176465669583, 7: 0.006188583502064081, 8: 0.004972359191219594, 9: 0.0035552057589772726, 10: 0.007848778692111619, 11: 0.005477412906238429, 12: 0.008048799065183129, 13: 0.0067482963887171964, 14: 0.008405854729764578, 15: 0.005369394886661244, 16: 0.006480662478693655, 17: 0.006245068515793587, 18: 0.005304250397996524, 19: 0.007005785659442473, 20: 0.006714450635314201, 21: 0.007790447243791262, 22: 0.005815866984104093, 23: 0.006332923751968152, 24: 0.005858792483338893, 25: 0.005357145154949876, 26: 0.005452526350867388, 27: 0.0071444195933498406, 28: 0.005192229434819528, 29: 0.006180177779634434, 30: 0.005550713669906958, 31: 0.006044879296574313, 32: 0.006974877582858721, 33: 0.006174075094167499, 34: 0.007080230855477017, 35: 0.009288362770639278, 36: 0.006143833355536332, 37: 0.00539724630152918, 38: 0.006464907571961206, 39: 0.007445492151382532, 40: 0.006461166989787749, 41: 0.010249168069844005, 42: 0.00551403217136094, 43: 0.006686706820905185, 44: 0.006429011929736343, 45: 0.005972206484728752, 46: 0.009105456653526574, 47: 0.005648426455991969, 48: 0.006777036821383704, 49: 0.0053360530693286525, 50: 0.0059831778286280725, 51: 0.0065588537145108965, 52: 0.0072635057205146444, 53: 0.005617424444279767, 54: 0.00793262865075993, 55: 0.00819503962657918, 56: 0.007761757331315778, 57: 0.007027242567647762, 58: 0.0054759135576231835, 59: 0.007898369885734221, 60: 0.0073364917732926796, 61: 0.007245261228994326, 62: 0.007535823076784969, 63: 0.007978434493366172, 64: 0.0064201481636628555, 65: 0.0059312865870101315, 66: 0.007379232513480928, 67: 0.006948697136355788, 68: 0.006862585859670812, 69: 0.007758548915428744, 70: 0.00769647329485566, 71: 0.005788241849977912, 72: 0.005913098776527221, 73: 0.008222901780649926, 74: 0.005139774639642357}","[94, 89, 87, 87, 86, 86, 86, 85, 84, 84, 84, 83, 83, 82, 82, 82, 82, 82, 82, 82, 82, 81, 80, 80, 80, 79, 79, 78, 78, 77, 77, 77, 76, 76, 76, 76, 76, 76, 76, 76, 75, 75, 75, 75, 75, 75, 75, 74, 74, 73, 73, 73, 72, 72, 72, 72, 71, 71, 70, 70, 70, 70, 69, 69, 69, 69, 69, 69, 69, 69, 68, 68, 67, 66, 59]","dict_values([39, 44, 36, 43, 38, 46, 36, 34, 46, 46, 50, 48, 39, 43, 46, 40, 44, 41, 45, 44, 37, 43, 35, 40, 43, 47, 51, 42, 43, 45, 43, 46, 44, 49, 34, 33, 44, 46, 39, 37, 37, 39, 41, 42, 38, 48, 49, 40, 30, 43, 31, 43, 40, 43, 37, 45, 38, 39, 49, 43, 34, 30, 39, 44, 38, 45, 43, 36, 35, 36, 41, 48, 41, 50, 44])",0.05323562646004463
50,76.56,0.5190628822518981,"{0: 0.006088950640377711, 1: 0.007767263230576013, 2: 0.00808371855192535, 3: 0.004533516278452393, 4: 0.005712149967565169, 5: 0.005795373937761866, 6: 0.006190072228395481, 7: 0.0061587547322768926, 8: 0.005042656782997699, 9: 0.003518047258730815, 10: 0.007967894916384385, 11: 0.005768059571778624, 12: 0.008043424624870425, 13: 0.0066016308178683935, 14: 0.00814852189686898, 15: 0.0050718363701213074, 16: 0.006405141922765823, 17: 0.006202634750684458, 18: 0.005442839444913348, 19: 0.007003060119508832, 20: 0.006831550186502578, 21: 0.00788164792886981, 22: 0.006109797721132142, 23: 0.006135070419869372, 24: 0.00587741392020348, 25: 0.005540770793042101, 26: 0.005314254310977505, 27: 0.007126397132414613, 28: 0.0051274869188271685, 29: 0.0061890081451397684, 30: 0.0058621320195858875, 31: 0.006183617705771609, 32: 0.007130093501848745, 33: 0.006090892479857048, 34: 0.00718671946574408, 35: 0.009329415037384095, 36: 0.006161744276648264, 37: 0.00530177407092378, 38: 0.0063394491293367345, 39: 0.00744019765998779, 40: 0.006465846176452202, 41: 0.010189745420845327, 42: 0.00543699249892395, 43: 0.007155865412771297, 44: 0.006529758131758424, 45: 0.006100199898835945, 46: 0.008813455717772862, 47: 0.0057260764126895215, 48: 0.0067303452252386676, 49: 0.005286618004176968, 50: 0.006031561075170396, 51: 0.006516729072230495, 52: 0.007265232372856299, 53: 0.005728382605038598, 54: 0.007855287006626441, 55: 0.008226886583389931, 56: 0.007742504523491801, 57: 0.006872921110359383, 58: 0.005485954479699633, 59: 0.007533821172049498, 60: 0.007666761129380821, 61: 0.007473449095113117, 62: 0.007422304375052759, 63: 0.007640522871085984, 64: 0.006136513235670706, 65: 0.005877076693752501, 66: 0.007498702352942657, 67: 0.007323026882398648, 68: 0.0069768615340199715, 69: 0.007757796450816856, 70: 0.007070194430339462, 71: 0.005708326537854102, 72: 0.005686126859891779, 73: 0.008174466247867438, 74: 0.005116141818143682}","[94, 89, 87, 87, 86, 85, 85, 85, 84, 84, 83, 83, 83, 83, 83, 83, 82, 82, 82, 81, 81, 81, 81, 80, 80, 80, 79, 78, 78, 78, 77, 77, 77, 76, 76, 76, 76, 76, 76, 76, 76, 76, 75, 75, 75, 75, 75, 74, 74, 74, 74, 73, 73, 73, 73, 73, 72, 72, 71, 70, 70, 70, 70, 70, 70, 69, 69, 69, 69, 68, 68, 68, 67, 63, 59]","dict_values([39, 44, 36, 43, 38, 46, 36, 34, 46, 46, 50, 48, 39, 43, 46, 40, 44, 41, 45, 44, 37, 43, 35, 40, 43, 47, 51, 42, 43, 45, 43, 46, 44, 49, 34, 33, 44, 46, 39, 37, 37, 39, 41, 42, 38, 48, 49, 40, 30, 43, 31, 43, 40, 43, 37, 45, 38, 39, 49, 43, 34, 30, 39, 44, 38, 45, 43, 36, 35, 36, 41, 48, 41, 50, 44])",0.049774216783188774
50,76.74666666666667,0.5206195723496372,"{0: 0.005832470792729317, 1: 0.007540787746921118, 2: 0.0080440570771742, 3: 0.0044864397364765005, 4: 0.005852039893315057, 5: 0.00582814595452095, 6: 0.005958638924129289, 7: 0.005953648417757415, 8: 0.0051845417569527505, 9: 0.003368396689311998, 10: 0.007672164051128119, 11: 0.005549367629531701, 12: 0.008215660144685421, 13: 0.006172120297769704, 14: 0.008254401511052032, 15: 0.004935497225291157, 16: 0.006565065436255165, 17: 0.006334133220554931, 18: 0.0053464163794974835, 19: 0.007068246828137422, 20: 0.006945861388405302, 21: 0.007958393864434164, 22: 0.005926066884086119, 23: 0.006277457133307034, 24: 0.006010173462041339, 25: 0.00603718216483673, 26: 0.005295168438850424, 27: 0.007271985338607817, 28: 0.005347444811562405, 29: 0.0061195165349255684, 30: 0.005538692097371909, 31: 0.006553980176937868, 32: 0.0067730516976946984, 33: 0.0060675882536707125, 34: 0.007260178615190333, 35: 0.009578609295556342, 36: 0.005876152702776903, 37: 0.005111657877237327, 38: 0.006373006457674983, 39: 0.007283627266795537, 40: 0.006700766541981875, 41: 0.00990727169087563, 42: 0.005591460780054728, 43: 0.007065708735396281, 44: 0.006526248526944949, 45: 0.005865935383062645, 46: 0.008605895407478505, 47: 0.005281882998562569, 48: 0.006709961124135529, 49: 0.005140294002166313, 50: 0.006095232726242223, 51: 0.006921168658076718, 52: 0.007448893487243065, 53: 0.005636992119711, 54: 0.007848786258564897, 55: 0.00818740327133889, 56: 0.0072675479571593475, 57: 0.006784267776609823, 58: 0.005430023532399038, 59: 0.0075963850623921815, 60: 0.007848661718724895, 61: 0.007357774786072812, 62: 0.00731290822030884, 63: 0.007719384581355976, 64: 0.006328057249955353, 65: 0.0056186680927354385, 66: 0.007828022383440854, 67: 0.007572877533811106, 68: 0.007291955414785697, 69: 0.007630919044268043, 70: 0.006992731902679524, 71: 0.005859490831054934, 72: 0.0056813556670884955, 73: 0.0080822644046895, 74: 0.005126385872766249}","[93, 90, 87, 87, 86, 86, 86, 85, 85, 84, 84, 83, 83, 83, 83, 83, 82, 82, 81, 81, 81, 81, 81, 80, 80, 80, 80, 80, 79, 79, 79, 78, 78, 77, 77, 76, 76, 76, 76, 76, 76, 75, 75, 75, 75, 75, 75, 75, 74, 74, 74, 74, 74, 73, 73, 73, 72, 71, 71, 71, 70, 70, 70, 69, 69, 69, 69, 69, 69, 69, 68, 68, 67, 63, 58]","dict_values([39, 44, 36, 43, 38, 46, 36, 34, 46, 46, 50, 48, 39, 43, 46, 40, 44, 41, 45, 44, 37, 43, 35, 40, 43, 47, 51, 42, 43, 45, 43, 46, 44, 49, 34, 33, 44, 46, 39, 37, 37, 39, 41, 42, 38, 48, 49, 40, 30, 43, 31, 43, 40, 43, 37, 45, 38, 39, 49, 43, 34, 30, 39, 44, 38, 45, 43, 36, 35, 36, 41, 48, 41, 50, 44])",0.052429081464861776
49,76.85333333333334,0.52140479044919,"{0: 0.006015426991581938, 1: 0.0075085156848887355, 2: 0.007646713819403227, 3: 0.004304334331109148, 4: 0.005626679279185052, 5: 0.005689354785291648, 6: 0.00616601349179449, 7: 0.005739789953507656, 8: 0.005160821236183883, 9: 0.003424193270467101, 10: 0.007586670325917553, 11: 0.00552786390377554, 12: 0.008241493688542684, 13: 0.006130951152286671, 14: 0.00839037006072652, 15: 0.0047569564941429415, 16: 0.006585550879538184, 17: 0.006787187586547821, 18: 0.00531697561021037, 19: 0.007092921763628307, 20: 0.007163603587121526, 21: 0.008124714750218517, 22: 0.005962704211738361, 23: 0.0063974067270540155, 24: 0.005807928883481958, 25: 0.0058660467165362, 26: 0.00540580888504011, 27: 0.007462798406029004, 28: 0.005349807259419632, 29: 0.0062411590958869525, 30: 0.005868200019208212, 31: 0.0065242253091248046, 32: 0.006494349743968523, 33: 0.005798178442422273, 34: 0.00745944694926028, 35: 0.009537948414724192, 36: 0.006034857681896855, 37: 0.005096147255671629, 38: 0.006347320443697224, 39: 0.007406720574970819, 40: 0.0065327353911567194, 41: 0.009824473094866925, 42: 0.005522531083264387, 43: 0.007111070752757115, 44: 0.006345657162134252, 45: 0.005880931775148404, 46: 0.008590650394624852, 47: 0.005258430511511587, 48: 0.006429339397845991, 49: 0.005138070113215427, 50: 0.005892632191141928, 51: 0.007077654279527943, 52: 0.007383885713716698, 53: 0.006033815882773643, 54: 0.00795918846040129, 55: 0.008456594825464459, 56: 0.006891863180595362, 57: 0.0069122701320207145, 58: 0.0053837412191603635, 59: 0.0079212985715276, 60: 0.007293489824290331, 61: 0.007350343918570464, 62: 0.0072819507555727725, 63: 0.00770321888718572, 64: 0.006340076679822423, 65: 0.005460838676857491, 66: 0.007801297486734866, 67: 0.007729936765247609, 68: 0.007418181942750381, 69: 0.007531872392381421, 70: 0.00696584343805546, 71: 0.005751293313050443, 72: 0.005651498288047533, 73: 0.008093490417105019, 74: 0.004922826840669866}","[92, 90, 88, 87, 87, 86, 86, 85, 84, 84, 84, 83, 83, 83, 83, 83, 82, 82, 82, 82, 81, 81, 81, 81, 81, 80, 80, 80, 80, 79, 79, 79, 78, 77, 77, 77, 77, 76, 76, 76, 76, 75, 75, 75, 75, 74, 74, 74, 74, 74, 74, 74, 73, 73, 73, 73, 72, 72, 72, 72, 71, 70, 70, 69, 69, 69, 69, 69, 69, 69, 68, 68, 67, 62, 59]","dict_values([39, 44, 36, 43, 38, 46, 36, 34, 46, 46, 50, 48, 39, 43, 46, 40, 44, 41, 45, 44, 37, 43, 35, 40, 43, 47, 51, 42, 43, 45, 43, 46, 44, 49, 34, 33, 44, 46, 39, 37, 37, 39, 41, 42, 38, 48, 49, 40, 30, 43, 31, 43, 40, 43, 37, 45, 38, 39, 49, 43, 34, 30, 39, 44, 38, 45, 43, 36, 35, 36, 41, 48, 41, 50, 44])",0.05292379270506206
50,76.88,0.5211375155567015,"{0: 0.006278161031418853, 1: 0.007421593217289347, 2: 0.0074828352276365894, 3: 0.004259655684534022, 4: 0.005777331961095804, 5: 0.005915206805829632, 6: 0.006272843407556904, 7: 0.005946499863451797, 8: 0.005347893942699048, 9: 0.0036500539916841887, 10: 0.0074118154021105345, 11: 0.005573732558872877, 12: 0.007984507243432182, 13: 0.00603795887831528, 14: 0.008193320325003478, 15: 0.00461884235758176, 16: 0.006345413251339976, 17: 0.0065101675240658964, 18: 0.005356593509340997, 19: 0.006978248432626526, 20: 0.007455554496665972, 21: 0.008369099105315473, 22: 0.005806541645487309, 23: 0.006933509901650833, 24: 0.005876121319370623, 25: 0.00567545918599377, 26: 0.005352619347011673, 27: 0.00721425138692463, 28: 0.005696414199899, 29: 0.006403768334428542, 30: 0.006323609830789744, 31: 0.00649319580881069, 32: 0.006908608486838401, 33: 0.0058000389831521365, 34: 0.007427506892781648, 35: 0.0097516681553031, 36: 0.005871293214421549, 37: 0.005058614021828451, 38: 0.00666467353167609, 39: 0.007724524878096102, 40: 0.006185638068762488, 41: 0.009401221970680619, 42: 0.005401244186407106, 43: 0.006493165154101331, 44: 0.0063593216473927785, 45: 0.005829069407047317, 46: 0.008226802371047486, 47: 0.005350131580085461, 48: 0.006468864002831649, 49: 0.00517445872395787, 50: 0.006242107614318808, 51: 0.007027078380168263, 52: 0.007201517902466885, 53: 0.00600750211256191, 54: 0.007627752182621666, 55: 0.007781296012940503, 56: 0.0068606104726775564, 57: 0.00730446675720889, 58: 0.005239706676950699, 59: 0.007785678610772846, 60: 0.007284575613444456, 61: 0.007515101038367926, 62: 0.007363408602635268, 63: 0.007373441189039167, 64: 0.006410460736279445, 65: 0.005527246404398658, 66: 0.007878980303662474, 67: 0.007912444587596875, 68: 0.00751416095726262, 69: 0.00770076899287029, 70: 0.00685820653701619, 71: 0.005957413816447575, 72: 0.0054360566571395414, 73: 0.007716788171180893, 74: 0.005119600017250294}","[91, 90, 88, 86, 85, 85, 84, 84, 84, 84, 84, 84, 83, 83, 83, 83, 82, 82, 82, 81, 81, 81, 81, 81, 80, 80, 80, 80, 80, 80, 79, 79, 79, 78, 78, 77, 77, 77, 77, 76, 76, 76, 76, 75, 75, 75, 75, 75, 75, 74, 73, 73, 73, 73, 73, 72, 72, 72, 72, 71, 71, 70, 70, 70, 70, 70, 70, 69, 68, 68, 68, 68, 66, 62, 61]","dict_values([39, 44, 36, 43, 38, 46, 36, 34, 46, 46, 50, 48, 39, 43, 46, 40, 44, 41, 45, 44, 37, 43, 35, 40, 43, 47, 51, 42, 43, 45, 43, 46, 44, 49, 34, 33, 44, 46, 39, 37, 37, 39, 41, 42, 38, 48, 49, 40, 30, 43, 31, 43, 40, 43, 37, 45, 38, 39, 49, 43, 34, 30, 39, 44, 38, 45, 43, 36, 35, 36, 41, 48, 41, 50, 44])",0.04821113975751498
51,76.74666666666667,0.5205073382057247,"{0: 0.006260208830077323, 1: 0.007185978702131075, 2: 0.007173603087819457, 3: 0.003914478167700817, 4: 0.0060693274972263575, 5: 0.005725198928928739, 6: 0.00651907606706659, 7: 0.006253499793650011, 8: 0.005450682309912644, 9: 0.003529673393413943, 10: 0.007138192111238699, 11: 0.005761919606201633, 12: 0.007974994923345356, 13: 0.006003029719286583, 14: 0.008035134239604029, 15: 0.004644333761972641, 16: 0.006366199190163135, 17: 0.006356801742835251, 18: 0.005247233807730848, 19: 0.007198113157358883, 20: 0.007630109362857605, 21: 0.008889978734628321, 22: 0.005878574371381766, 23: 0.0065566751986386425, 24: 0.005900787030637934, 25: 0.0054252827463448184, 26: 0.005272803469027116, 27: 0.007304264981564058, 28: 0.005767351334389198, 29: 0.006224321450821139, 30: 0.006479829729240251, 31: 0.006921847368596877, 32: 0.0073508392632462664, 33: 0.006070301143939945, 34: 0.007661245577070747, 35: 0.010283359584452794, 36: 0.006172716412036819, 37: 0.005078548772223144, 38: 0.00655089214268318, 39: 0.007599731095373621, 40: 0.006288960190145301, 41: 0.009014097655254223, 42: 0.005120592947287882, 43: 0.006349227413335686, 44: 0.006647052780675683, 45: 0.005909815097413818, 46: 0.008100915059499185, 47: 0.005377023487890007, 48: 0.006742083018564933, 49: 0.005146770825260282, 50: 0.006214172494373973, 51: 0.007068328967574297, 52: 0.007293530762254152, 53: 0.006219043026373869, 54: 0.007588838669955642, 55: 0.008088707190065565, 56: 0.006716109053578406, 57: 0.0073573141022940085, 58: 0.005004468310792957, 59: 0.00761638951368883, 60: 0.007003657852619631, 61: 0.007206392249341119, 62: 0.007427652887882005, 63: 0.0072609664412908075, 64: 0.006219020291970707, 65: 0.005784221604489212, 66: 0.00784896586331584, 67: 0.0082005174766738, 68: 0.007341172979079455, 69: 0.007784598285139785, 70: 0.006910484439208226, 71: 0.0061408561146987055, 72: 0.005325416730285367, 73: 0.007686077964942254, 74: 0.004801037365255277}","[93, 90, 88, 86, 85, 84, 84, 84, 83, 83, 83, 83, 83, 83, 83, 83, 82, 82, 82, 82, 81, 81, 80, 80, 80, 80, 80, 80, 79, 79, 79, 79, 79, 78, 78, 78, 77, 77, 77, 77, 77, 76, 76, 75, 75, 75, 75, 75, 74, 74, 74, 74, 73, 73, 73, 73, 73, 71, 71, 71, 70, 70, 70, 70, 70, 70, 69, 68, 68, 68, 67, 67, 67, 60, 59]","dict_values([39, 44, 36, 43, 38, 46, 36, 34, 46, 46, 50, 48, 39, 43, 46, 40, 44, 41, 45, 44, 37, 43, 35, 40, 43, 47, 51, 42, 43, 45, 43, 46, 44, 49, 34, 33, 44, 46, 39, 37, 37, 39, 41, 42, 38, 48, 49, 40, 30, 43, 31, 43, 40, 43, 37, 45, 38, 39, 49, 43, 34, 30, 39, 44, 38, 45, 43, 36, 35, 36, 41, 48, 41, 50, 44])",0.04943640403511626
51,76.53333333333333,0.5191077267570584,"{0: 0.006194629517843069, 1: 0.007380905782742807, 2: 0.007095087067037253, 3: 0.003874132229120671, 4: 0.005942653291187673, 5: 0.005632759396302787, 6: 0.006538633594172003, 7: 0.006197766549879456, 8: 0.005631979172919331, 9: 0.0032803586308609765, 10: 0.007235115305434135, 11: 0.005802175134891742, 12: 0.007707952202559262, 13: 0.006008848403744533, 14: 0.007986376963278355, 15: 0.0043785505926169505, 16: 0.006282734828441403, 17: 0.006263563708369056, 18: 0.0053976397672269695, 19: 0.006966546796175455, 20: 0.0074794236293939725, 21: 0.008927905022051548, 22: 0.006078227122133534, 23: 0.006792228892345467, 24: 0.005604600298337144, 25: 0.005524102284733202, 26: 0.0051266320178519975, 27: 0.0072784887600180325, 28: 0.005964064153164827, 29: 0.006355433817002208, 30: 0.006629402583259466, 31: 0.007022592735431327, 32: 0.007437885917876678, 33: 0.006332565360407427, 34: 0.0077178294892420295, 35: 0.010442487308656047, 36: 0.006394634003577493, 37: 0.005037700697463894, 38: 0.0066062921215750406, 39: 0.007776926727464072, 40: 0.006361750020908614, 41: 0.00884494685849103, 42: 0.004811661314775147, 43: 0.00620079329910501, 44: 0.006564776330165469, 45: 0.00575456786123363, 46: 0.008898872916974688, 47: 0.005371913584957349, 48: 0.006641479520377046, 49: 0.005424383247518228, 50: 0.006315867989850491, 51: 0.006754262188839565, 52: 0.007200829982867484, 53: 0.00593451531474855, 54: 0.007895588527234002, 55: 0.008229868008402396, 56: 0.006774321880383555, 57: 0.0072193576304107705, 58: 0.005211514757312145, 59: 0.0074704547620618655, 60: 0.006988670363511663, 61: 0.007205916862417478, 62: 0.007228178412349403, 63: 0.007246822993008606, 64: 0.00626961805404303, 65: 0.005948681491591724, 66: 0.007898356898387296, 67: 0.008065565579237146, 68: 0.007818366161374398, 69: 0.00800830129673961, 70: 0.0067457356863154135, 71: 0.006727062141054692, 72: 0.005324080880771193, 73: 0.007408244711294434, 74: 0.005019391501569044}","[93, 90, 87, 87, 86, 85, 85, 84, 84, 84, 83, 83, 83, 83, 82, 82, 82, 81, 81, 81, 81, 81, 80, 80, 80, 79, 79, 79, 79, 79, 79, 79, 78, 78, 78, 78, 77, 77, 76, 76, 76, 76, 76, 75, 75, 75, 75, 75, 74, 74, 74, 74, 73, 73, 73, 72, 71, 71, 71, 71, 70, 70, 70, 70, 70, 69, 69, 68, 68, 67, 67, 67, 66, 58, 58]","dict_values([39, 44, 36, 43, 38, 46, 36, 34, 46, 46, 50, 48, 39, 43, 46, 40, 44, 41, 45, 44, 37, 43, 35, 40, 43, 47, 51, 42, 43, 45, 43, 46, 44, 49, 34, 33, 44, 46, 39, 37, 37, 39, 41, 42, 38, 48, 49, 40, 30, 43, 31, 43, 40, 43, 37, 45, 38, 39, 49, 43, 34, 30, 39, 44, 38, 45, 43, 36, 35, 36, 41, 48, 41, 50, 44])",0.05160703662785754
52,76.85333333333334,0.5212572653095219,"{0: 0.006099657520597792, 1: 0.0076208559545328895, 2: 0.007279854823883456, 3: 0.0038210300529887193, 4: 0.005786461601994245, 5: 0.005566677042316822, 6: 0.0066591044867065855, 7: 0.006310316015928482, 8: 0.005772810694475498, 9: 0.0033458208687724596, 10: 0.007207379004112438, 11: 0.005739449480416764, 12: 0.007772815975816486, 13: 0.006189979798709256, 14: 0.008134393525821694, 15: 0.004304226132912084, 16: 0.006046185537136082, 17: 0.006149724777873749, 18: 0.005487746114312374, 19: 0.006851191985989254, 20: 0.007151187299055038, 21: 0.009038502506295114, 22: 0.005959909065849263, 23: 0.006304960289720653, 24: 0.005575162966402585, 25: 0.005561086302102288, 26: 0.005186726284278928, 27: 0.007220580534119986, 28: 0.005877931430757111, 29: 0.006530933794165208, 30: 0.006670970946234759, 31: 0.0072764829480297085, 32: 0.007068221643321354, 33: 0.006417591750589095, 34: 0.007523504387377005, 35: 0.01053440558899656, 36: 0.0063514548396375525, 37: 0.004769028103059338, 38: 0.006941430206899472, 39: 0.007836304809487996, 40: 0.006136607196808763, 41: 0.008845295923344234, 42: 0.0049788137997358204, 43: 0.00590586993345052, 44: 0.006225491614446188, 45: 0.005422991945305474, 46: 0.00908594857133372, 47: 0.005277961973900498, 48: 0.00620971175021844, 49: 0.0054720549654232835, 50: 0.00686832399298698, 51: 0.006390533463127416, 52: 0.007203173701636007, 53: 0.005857941301747419, 54: 0.007729631324605166, 55: 0.00812701724398531, 56: 0.006739590608927992, 57: 0.007157532042789074, 58: 0.005252637769459078, 59: 0.007420241413582194, 60: 0.006791235013106005, 61: 0.007137226744442868, 62: 0.007063729114507269, 63: 0.00714297295170056, 64: 0.006236446432038369, 65: 0.006291752961381392, 66: 0.007997941450630536, 67: 0.008261544970183455, 68: 0.008223372859024417, 69: 0.007565848541190412, 70: 0.006673058175288962, 71: 0.006521751622547992, 72: 0.005414552112235846, 73: 0.007313787809135583, 74: 0.005006503039494603}","[94, 91, 88, 87, 87, 87, 85, 85, 84, 84, 84, 84, 83, 83, 82, 82, 82, 82, 82, 82, 81, 81, 80, 80, 80, 80, 79, 79, 79, 79, 79, 78, 78, 78, 78, 78, 77, 77, 77, 77, 76, 76, 76, 76, 76, 75, 75, 75, 74, 74, 74, 74, 73, 73, 73, 72, 72, 71, 71, 71, 71, 70, 70, 70, 70, 70, 70, 69, 69, 68, 68, 66, 66, 59, 58]","dict_values([39, 44, 36, 43, 38, 46, 36, 34, 46, 46, 50, 48, 39, 43, 46, 40, 44, 41, 45, 44, 37, 43, 35, 40, 43, 47, 51, 42, 43, 45, 43, 46, 44, 49, 34, 33, 44, 46, 39, 37, 37, 39, 41, 42, 38, 48, 49, 40, 30, 43, 31, 43, 40, 43, 37, 45, 38, 39, 49, 43, 34, 30, 39, 44, 38, 45, 43, 36, 35, 36, 41, 48, 41, 50, 44])",0.05336384007366307
51,77.22666666666667,0.5231073931304728,"{0: 0.005976642032869164, 1: 0.0075037139220167, 2: 0.007042848798915614, 3: 0.0037212456240625956, 4: 0.005510012316413031, 5: 0.005742019214357215, 6: 0.006712464373806711, 7: 0.006200184203665973, 8: 0.005670611262659203, 9: 0.0033151943471869468, 10: 0.007234493179236526, 11: 0.00563689958367733, 12: 0.007707107377232153, 13: 0.006370014806081594, 14: 0.007881566382578713, 15: 0.0042752859170815454, 16: 0.006183697763879232, 17: 0.006031910764964947, 18: 0.005744520534790944, 19: 0.006827529968181617, 20: 0.007148887518853223, 21: 0.008991395638648265, 22: 0.006001903080267879, 23: 0.006025026509439719, 24: 0.0057953862415510244, 25: 0.0056381501713038025, 26: 0.005269145159621357, 27: 0.0072503685758239615, 28: 0.0060122741333045165, 29: 0.006406482690085676, 30: 0.006731082009435426, 31: 0.0071865697146490165, 32: 0.006843194013367932, 33: 0.006646888364543464, 34: 0.00766539943947729, 35: 0.010282530541865703, 36: 0.006270101101156164, 37: 0.004778834308733727, 38: 0.006772568364183085, 39: 0.007723074849424347, 40: 0.006078796192303167, 41: 0.00847718239210057, 42: 0.005260480372700549, 43: 0.006009900360743879, 44: 0.006255118431162167, 45: 0.005282051393746092, 46: 0.00874759874799213, 47: 0.005391036754802648, 48: 0.006102275062843189, 49: 0.005336021523574157, 50: 0.0070652962729976015, 51: 0.006105117998129315, 52: 0.007459525294297494, 53: 0.005637703901409644, 54: 0.007366596265071018, 55: 0.00824281336553643, 56: 0.00692493176730903, 57: 0.007292556311194973, 58: 0.005337098187363525, 59: 0.0071508994631210646, 60: 0.006556678531554009, 61: 0.007259057776096197, 62: 0.006879103104780267, 63: 0.007039858399993448, 64: 0.005914617631202392, 65: 0.006390215143303692, 66: 0.00803666123307484, 67: 0.008400552509294968, 68: 0.008281483047406078, 69: 0.007573706013837771, 70: 0.006598857278874733, 71: 0.006290432336226622, 72: 0.005456340420836652, 73: 0.007330948288245331, 74: 0.005040782124260013}","[93, 91, 88, 88, 87, 86, 85, 85, 85, 84, 84, 84, 83, 83, 83, 82, 82, 82, 82, 82, 82, 81, 81, 81, 80, 80, 80, 80, 79, 79, 79, 79, 79, 78, 78, 78, 78, 78, 77, 77, 77, 76, 76, 76, 76, 76, 75, 75, 75, 75, 75, 75, 73, 73, 72, 72, 72, 72, 72, 72, 72, 72, 71, 71, 71, 70, 70, 70, 69, 69, 69, 67, 66, 59, 58]","dict_values([39, 44, 36, 43, 38, 46, 36, 34, 46, 46, 50, 48, 39, 43, 46, 40, 44, 41, 45, 44, 37, 43, 35, 40, 43, 47, 51, 42, 43, 45, 43, 46, 44, 49, 34, 33, 44, 46, 39, 37, 37, 39, 41, 42, 38, 48, 49, 40, 30, 43, 31, 43, 40, 43, 37, 45, 38, 39, 49, 43, 34, 30, 39, 44, 38, 45, 43, 36, 35, 36, 41, 48, 41, 50, 44])",0.04671606006379539
51,76.93333333333334,0.5206141258692512,"{0: 0.005803607148401924, 1: 0.007608552713301408, 2: 0.007160906932297601, 3: 0.003718130424992052, 4: 0.005390772559065094, 5: 0.005809259788159632, 6: 0.006777150363392002, 7: 0.0057922070536834975, 8: 0.005741042425104398, 9: 0.003378715348962979, 10: 0.007125583629604852, 11: 0.006110536174750533, 12: 0.007068452333303165, 13: 0.006344415178554621, 14: 0.007622787764297534, 15: 0.004431961075282818, 16: 0.006160971002886304, 17: 0.0061380735615935, 18: 0.005813826027300173, 19: 0.007216558936013123, 20: 0.007208085451891706, 21: 0.009209940836546034, 22: 0.0058806355085035235, 23: 0.006045964146616052, 24: 0.006076163968515593, 25: 0.005377661170952607, 26: 0.00525203340998023, 27: 0.00762332280784775, 28: 0.00609731584613382, 29: 0.006512441221800277, 30: 0.006871910561220797, 31: 0.007251270088663003, 32: 0.006950107371490584, 33: 0.006607946222913667, 34: 0.008122306588164895, 35: 0.010362686670003056, 36: 0.006418017022972715, 37: 0.005156897390573745, 38: 0.006846520394457319, 39: 0.007698566363911966, 40: 0.006222776382589967, 41: 0.008142688977322461, 42: 0.005128833759230997, 43: 0.006076020235372988, 44: 0.006381649614222973, 45: 0.00519202864586825, 46: 0.008803749818543066, 47: 0.005296506964312051, 48: 0.006323125212296884, 49: 0.005746389952498357, 50: 0.00668079931856958, 51: 0.005915327949746429, 52: 0.007402559364752247, 53: 0.005754993541121478, 54: 0.007241628960355012, 55: 0.008003538139332194, 56: 0.007371529401120865, 57: 0.0075665299097200725, 58: 0.005645349499727335, 59: 0.006939785131624977, 60: 0.0064832449379404605, 61: 0.007321674783132605, 62: 0.006851828200687473, 63: 0.0070902194921794014, 64: 0.00585369229937364, 65: 0.006355985903255304, 66: 0.007819930368142271, 67: 0.008029398513999177, 68: 0.008127471816709987, 69: 0.007524665991668739, 70: 0.0066753339944707005, 71: 0.006403697016918143, 72: 0.005568872895985969, 73: 0.00764787271721585, 74: 0.004962798360865192}","[93, 91, 87, 86, 86, 85, 84, 84, 84, 83, 83, 83, 83, 83, 82, 82, 82, 82, 81, 81, 81, 81, 81, 81, 80, 80, 80, 80, 80, 79, 78, 78, 78, 78, 78, 78, 77, 77, 77, 77, 76, 76, 76, 76, 75, 75, 75, 75, 75, 74, 74, 74, 73, 73, 73, 73, 73, 72, 72, 72, 72, 71, 71, 71, 70, 70, 70, 70, 70, 69, 68, 68, 67, 59, 58]","dict_values([39, 44, 36, 43, 38, 46, 36, 34, 46, 46, 50, 48, 39, 43, 46, 40, 44, 41, 45, 44, 37, 43, 35, 40, 43, 47, 51, 42, 43, 45, 43, 46, 44, 49, 34, 33, 44, 46, 39, 37, 37, 39, 41, 42, 38, 48, 49, 40, 30, 43, 31, 43, 40, 43, 37, 45, 38, 39, 49, 43, 34, 30, 39, 44, 38, 45, 43, 36, 35, 36, 41, 48, 41, 50, 44])",0.04866358893337616
52,77.06666666666666,0.5215696000270805,"{0: 0.005921099061758274, 1: 0.007519839505805981, 2: 0.007574018547914184, 3: 0.0037140633997071663, 4: 0.0055620899955947265, 5: 0.005940031199208711, 6: 0.006786501970845233, 7: 0.005826481179516889, 8: 0.005900778196861387, 9: 0.003475972794929015, 10: 0.006920192868537851, 11: 0.006073539134774505, 12: 0.007291398869595639, 13: 0.006235077416036654, 14: 0.007754209524680904, 15: 0.00458029227424847, 16: 0.006034488446116613, 17: 0.005993262026689777, 18: 0.005738888130646294, 19: 0.007303086939797903, 20: 0.007153155588964159, 21: 0.008887307102331673, 22: 0.005827479058321748, 23: 0.006045212909932099, 24: 0.006054034499586146, 25: 0.005369333344503565, 26: 0.005324936020765684, 27: 0.007642926505517782, 28: 0.006130131422070389, 29: 0.00628767032995356, 30: 0.006877941682869774, 31: 0.007574896539566279, 32: 0.007082687322032675, 33: 0.006543937847812484, 34: 0.007506341619374457, 35: 0.01049004593946332, 36: 0.006540561369952775, 37: 0.00536193943797106, 38: 0.007222096731637414, 39: 0.007465890157714473, 40: 0.006168903894940685, 41: 0.00795919462228639, 42: 0.004799420684747769, 43: 0.0060935074891425795, 44: 0.006362437516444274, 45: 0.005011118676693709, 46: 0.008601087511572996, 47: 0.005333551214844207, 48: 0.006309793736078179, 49: 0.0056619591873610115, 50: 0.007332285782453527, 51: 0.0058740701996773765, 52: 0.007549533892135942, 53: 0.005861310875464014, 54: 0.006968212232788694, 55: 0.007942647149658921, 56: 0.007162469985148507, 57: 0.006911473444672806, 58: 0.005538197248130756, 59: 0.007279551425266106, 60: 0.0064906006843871945, 61: 0.007243413363679301, 62: 0.00660640578994626, 63: 0.007119926854964673, 64: 0.005721630303229091, 65: 0.0063320748075747545, 66: 0.007595663852124097, 67: 0.008197688380598893, 68: 0.00808475285713793, 69: 0.007569702206916848, 70: 0.006701022507700704, 71: 0.006378889346599088, 72: 0.0053781294115960625, 73: 0.007834126083698361, 74: 0.00490162830434631}","[94, 90, 87, 86, 86, 85, 85, 84, 84, 84, 84, 84, 83, 83, 83, 82, 82, 81, 81, 81, 81, 81, 81, 81, 81, 80, 80, 80, 80, 79, 79, 79, 78, 78, 77, 77, 77, 77, 77, 77, 77, 77, 76, 75, 75, 75, 75, 75, 74, 74, 74, 74, 74, 73, 73, 73, 73, 72, 72, 72, 72, 72, 72, 71, 70, 70, 70, 70, 69, 69, 69, 68, 67, 60, 59]","dict_values([39, 44, 36, 43, 38, 46, 36, 34, 46, 46, 50, 48, 39, 43, 46, 40, 44, 41, 45, 44, 37, 43, 35, 40, 43, 47, 51, 42, 43, 45, 43, 46, 44, 49, 34, 33, 44, 46, 39, 37, 37, 39, 41, 42, 38, 48, 49, 40, 30, 43, 31, 43, 40, 43, 37, 45, 38, 39, 49, 43, 34, 30, 39, 44, 38, 45, 43, 36, 35, 36, 41, 48, 41, 50, 44])",0.04426240107278412
51,77.12,0.5215414041852743,"{0: 0.0059578612993469214, 1: 0.007897666660173323, 2: 0.007554526896665309, 3: 0.003907344676974077, 4: 0.005965265354864546, 5: 0.005678840902720384, 6: 0.006718314780131734, 7: 0.00567263129838292, 8: 0.005881120276822528, 9: 0.003612527540361627, 10: 0.00682950172977978, 11: 0.00621982579543745, 12: 0.00716059310882218, 13: 0.0061517790481250235, 14: 0.007997787681051853, 15: 0.004824387028341767, 16: 0.005816139267679124, 17: 0.006030536304556714, 18: 0.005554974446327741, 19: 0.007422166512978305, 20: 0.007274144749682703, 21: 0.009131589296007379, 22: 0.005661987645852013, 23: 0.005835387087928739, 24: 0.006020823970016119, 25: 0.005117636338441811, 26: 0.005671751738849499, 27: 0.007862686835918299, 28: 0.006240157689784335, 29: 0.00630406831629545, 30: 0.006676120764070979, 31: 0.007761444673326567, 32: 0.00732787632227093, 33: 0.006481965035861087, 34: 0.0077567012489386045, 35: 0.010288909115221442, 36: 0.006550646351149379, 37: 0.00495219435473884, 38: 0.007153358557899718, 39: 0.007405705428704069, 40: 0.006354774933098643, 41: 0.007624586906252081, 42: 0.005220423606408909, 43: 0.005893659003675557, 44: 0.006313551125878086, 45: 0.005278155055217013, 46: 0.008576251043935978, 47: 0.005037308798408324, 48: 0.006336912347757338, 49: 0.005432813998470187, 50: 0.007339358918484222, 51: 0.005780065087397321, 52: 0.007599343514991462, 53: 0.006318311963417558, 54: 0.006783447626310257, 55: 0.007723468304781876, 56: 0.006844392962544891, 57: 0.0068546543057496235, 58: 0.0053090971233983805, 59: 0.0072777007287003195, 60: 0.006218712241187034, 61: 0.006827046677810064, 62: 0.006757354733697084, 63: 0.007025267703985682, 64: 0.005984965217267107, 65: 0.006612740378624076, 66: 0.0075203723422922275, 67: 0.008329282404729715, 68: 0.007863593301603829, 69: 0.007373514352443624, 70: 0.006585968929374854, 71: 0.006382858548078932, 72: 0.005449861113020521, 73: 0.007700610534658925, 74: 0.0051806132265171485}","[94, 91, 86, 85, 85, 85, 85, 85, 85, 84, 84, 84, 83, 82, 82, 82, 82, 82, 81, 81, 81, 81, 81, 81, 80, 80, 80, 80, 80, 80, 79, 79, 78, 78, 78, 78, 77, 77, 77, 77, 77, 77, 76, 76, 75, 75, 74, 74, 74, 74, 74, 74, 74, 73, 73, 73, 73, 73, 72, 71, 71, 71, 71, 71, 71, 71, 70, 70, 70, 69, 69, 68, 68, 61, 61]","dict_values([39, 44, 36, 43, 38, 46, 36, 34, 46, 46, 50, 48, 39, 43, 46, 40, 44, 41, 45, 44, 37, 43, 35, 40, 43, 47, 51, 42, 43, 45, 43, 46, 44, 49, 34, 33, 44, 46, 39, 37, 37, 39, 41, 42, 38, 48, 49, 40, 30, 43, 31, 43, 40, 43, 37, 45, 38, 39, 49, 43, 34, 30, 39, 44, 38, 45, 43, 36, 35, 36, 41, 48, 41, 50, 44])",0.04854857870904429
50,76.90666666666667,0.5203455915351544,"{0: 0.005777181580608566, 1: 0.007937642490160376, 2: 0.00811334538115823, 3: 0.0038208875717101413, 4: 0.005833041192874109, 5: 0.005838198041370417, 6: 0.00699626258899747, 7: 0.005531515710638891, 8: 0.005757231904739453, 9: 0.003642049547458381, 10: 0.006860423456952034, 11: 0.006270639094216026, 12: 0.007070714514596154, 13: 0.0061529883354848, 14: 0.007940011791810838, 15: 0.00486713397139301, 16: 0.005792745958093028, 17: 0.005944946368829225, 18: 0.005716671222975144, 19: 0.007432696567172117, 20: 0.007311456695576506, 21: 0.008939930783749139, 22: 0.005732746510903146, 23: 0.005733494858214717, 24: 0.006082245296843968, 25: 0.005276615242113622, 26: 0.005645885120864835, 27: 0.0077385002989605175, 28: 0.006293728807471981, 29: 0.005975280747181216, 30: 0.006999610184901241, 31: 0.007699170142383665, 32: 0.007900878115004124, 33: 0.006355984795904199, 34: 0.007667395855861534, 35: 0.010319311225959273, 36: 0.006712204972778085, 37: 0.005059617700490985, 38: 0.0073492959683396555, 39: 0.007049608423020581, 40: 0.006452981153866298, 41: 0.007773500267090994, 42: 0.005478350994923664, 43: 0.005703572133104183, 44: 0.006568221812936155, 45: 0.005443851918432188, 46: 0.00866152506263651, 47: 0.005060511005989983, 48: 0.006429770955058378, 49: 0.005500098552537431, 50: 0.007375835385386168, 51: 0.005872850781240369, 52: 0.007722085328390899, 53: 0.006463902103626863, 54: 0.006934631683281469, 55: 0.007113993727868584, 56: 0.006742816782715245, 57: 0.006612785512504939, 58: 0.005467054243171467, 59: 0.007333031515646812, 60: 0.006286832331879344, 61: 0.0068390800076476525, 62: 0.0071294743946871235, 63: 0.006989160255828406, 64: 0.006061103437024772, 65: 0.006499300354765462, 66: 0.007385531696586693, 67: 0.008433809025243698, 68: 0.007671116387850245, 69: 0.007276161790397235, 70: 0.0066736181611799115, 71: 0.006235185038260665, 72: 0.005095883246476447, 73: 0.007800548878297929, 74: 0.005293453214156825}","[94, 90, 88, 87, 85, 85, 84, 84, 84, 84, 83, 83, 82, 82, 82, 82, 82, 81, 81, 81, 81, 81, 81, 81, 80, 80, 80, 80, 79, 79, 79, 79, 78, 78, 77, 77, 77, 77, 77, 77, 77, 76, 76, 75, 74, 74, 74, 74, 74, 74, 73, 73, 73, 73, 73, 73, 73, 73, 73, 72, 72, 71, 71, 71, 70, 70, 70, 70, 69, 69, 69, 68, 68, 61, 60]","dict_values([39, 44, 36, 43, 38, 46, 36, 34, 46, 46, 50, 48, 39, 43, 46, 40, 44, 41, 45, 44, 37, 43, 35, 40, 43, 47, 51, 42, 43, 45, 43, 46, 44, 49, 34, 33, 44, 46, 39, 37, 37, 39, 41, 42, 38, 48, 49, 40, 30, 43, 31, 43, 40, 43, 37, 45, 38, 39, 49, 43, 34, 30, 39, 44, 38, 45, 43, 36, 35, 36, 41, 48, 41, 50, 44])",0.04496374853080076
48,76.85333333333334,0.5200345421178416,"{0: 0.005747286606239836, 1: 0.00802345091847594, 2: 0.007809369816995919, 3: 0.003995974932843438, 4: 0.005938142354435585, 5: 0.005714428454435319, 6: 0.007179234035470031, 7: 0.005238935723533996, 8: 0.0058475100855056635, 9: 0.0036269180625913304, 10: 0.0070266963012867575, 11: 0.006152705768125055, 12: 0.007126197767939495, 13: 0.006193722701856662, 14: 0.007958017849148237, 15: 0.004776791451491557, 16: 0.005841727341151416, 17: 0.005929035735490349, 18: 0.005692660427339922, 19: 0.007432022224337113, 20: 0.007350728901657181, 21: 0.009133780884117424, 22: 0.005378191771769887, 23: 0.005721832798995192, 24: 0.006109038223112428, 25: 0.005642262194348694, 26: 0.005638686171198656, 27: 0.007809360703649965, 28: 0.006296265334535542, 29: 0.005825883755567429, 30: 0.007223256901819548, 31: 0.007601532664588305, 32: 0.007969569231874387, 33: 0.006288016664615214, 34: 0.007669836951759136, 35: 0.010143919800649772, 36: 0.00686689053109914, 37: 0.005088048767070477, 38: 0.007290930756673732, 39: 0.00675439876122975, 40: 0.00644069532460864, 41: 0.008145490785973966, 42: 0.005632761298726624, 43: 0.005719915935289006, 44: 0.0066237570097537925, 45: 0.005047768036999306, 46: 0.008692221128045258, 47: 0.005082251775340006, 48: 0.006215947362412909, 49: 0.005625581381866185, 50: 0.007106668616864898, 51: 0.005734199988888163, 52: 0.007696301235302693, 53: 0.006476473797831155, 54: 0.006845530158551916, 55: 0.0068606131173083226, 56: 0.006650626658328703, 57: 0.006655261425829506, 58: 0.0054877959932542455, 59: 0.0075221923759543384, 60: 0.006570200568604117, 61: 0.006890409303668615, 62: 0.007374778871819547, 63: 0.006980264815643982, 64: 0.006051184902250412, 65: 0.0064873347200815465, 66: 0.00766477776663393, 67: 0.008181014973115616, 68: 0.007719649355351012, 69: 0.007233138043919982, 70: 0.006657644640164108, 71: 0.006514778056393008, 72: 0.005098041183622308, 73: 0.007828094878210129, 74: 0.005324525609764586}","[93, 91, 87, 87, 85, 84, 84, 84, 84, 84, 84, 83, 82, 82, 82, 82, 81, 81, 81, 81, 81, 81, 81, 81, 81, 80, 80, 80, 79, 79, 79, 78, 78, 78, 78, 78, 78, 78, 78, 77, 76, 76, 76, 75, 75, 74, 74, 74, 73, 73, 73, 73, 73, 73, 73, 73, 72, 72, 72, 72, 71, 71, 71, 71, 71, 70, 70, 70, 69, 69, 68, 68, 66, 61, 61]","dict_values([39, 44, 36, 43, 38, 46, 36, 34, 46, 46, 50, 48, 39, 43, 46, 40, 44, 41, 45, 44, 37, 43, 35, 40, 43, 47, 51, 42, 43, 45, 43, 46, 44, 49, 34, 33, 44, 46, 39, 37, 37, 39, 41, 42, 38, 48, 49, 40, 30, 43, 31, 43, 40, 43, 37, 45, 38, 39, 49, 43, 34, 30, 39, 44, 38, 45, 43, 36, 35, 36, 41, 48, 41, 50, 44])",0.0482335258545587
48,77.06666666666666,0.5217928060614672,"{0: 0.005755053401022864, 1: 0.007922832086131296, 2: 0.008108912399025784, 3: 0.003855705113649668, 4: 0.006012991696798524, 5: 0.005523408590091161, 6: 0.007168187209252385, 7: 0.0051653657870679, 8: 0.005782061393582005, 9: 0.0035034288072589826, 10: 0.006613478502126108, 11: 0.006099622293426308, 12: 0.0070006676939596375, 13: 0.006287283669499676, 14: 0.007686044063708224, 15: 0.004540514712075184, 16: 0.005856993300482285, 17: 0.00583775561825348, 18: 0.005788435534721389, 19: 0.007576010704293237, 20: 0.007224056558230389, 21: 0.009197533963654112, 22: 0.005286340681309297, 23: 0.0057155020358298884, 24: 0.0059019903710741724, 25: 0.005583173190997883, 26: 0.0058231339481754985, 27: 0.007744827662365166, 28: 0.006397664237184772, 29: 0.005763209347347986, 30: 0.007110851058999192, 31: 0.007515432852984316, 32: 0.00807048904622097, 33: 0.006179499306697779, 34: 0.007852445550154435, 35: 0.010285096640333141, 36: 0.006771422789415844, 37: 0.005410266279243547, 38: 0.007339667333056381, 39: 0.006653988842234863, 40: 0.006611749682518148, 41: 0.008436347123035016, 42: 0.0055537073172394575, 43: 0.005767457299022214, 44: 0.00666864566559299, 45: 0.005170317737056416, 46: 0.008618405764377099, 47: 0.005010508536935157, 48: 0.00619706672337607, 49: 0.00539578154160138, 50: 0.006760487969558814, 51: 0.005757164082248352, 52: 0.007600945288096028, 53: 0.006380246279907038, 54: 0.006631483164374075, 55: 0.006957094920783236, 56: 0.00669568612999191, 57: 0.006607353503206222, 58: 0.005798753166915215, 59: 0.007306952617567008, 60: 0.006478907096324275, 61: 0.006793108874549375, 62: 0.0073113004090201075, 63: 0.0070390857120041445, 64: 0.005801590040112861, 65: 0.006399512315929557, 66: 0.008035231549503448, 67: 0.008179879010423795, 68: 0.0077008867820738385, 69: 0.007324889060890197, 70: 0.00672020783431511, 71: 0.006486650794100403, 72: 0.005140013441689382, 73: 0.007858391878182746, 74: 0.005303064853158873}","[94, 92, 88, 88, 86, 85, 85, 84, 84, 84, 84, 83, 83, 82, 82, 82, 82, 82, 82, 81, 81, 81, 81, 81, 80, 80, 80, 80, 79, 79, 79, 79, 79, 79, 78, 78, 78, 78, 77, 77, 76, 76, 75, 75, 75, 75, 74, 74, 74, 74, 73, 73, 73, 73, 73, 72, 72, 72, 72, 72, 72, 71, 71, 71, 71, 71, 71, 70, 70, 69, 68, 68, 67, 60, 60]","dict_values([39, 44, 36, 43, 38, 46, 36, 34, 46, 46, 50, 48, 39, 43, 46, 40, 44, 41, 45, 44, 37, 43, 35, 40, 43, 47, 51, 42, 43, 45, 43, 46, 44, 49, 34, 33, 44, 46, 39, 37, 37, 39, 41, 42, 38, 48, 49, 40, 30, 43, 31, 43, 40, 43, 37, 45, 38, 39, 49, 43, 34, 30, 39, 44, 38, 45, 43, 36, 35, 36, 41, 48, 41, 50, 44])",0.05018366638330482
48,77.28,0.5233852774926097,"{0: 0.005535354292535333, 1: 0.0076900660271275725, 2: 0.008017292636283407, 3: 0.004257449032635427, 4: 0.0061407678246191205, 5: 0.005444392189222339, 6: 0.007431693348718833, 7: 0.005131369744031347, 8: 0.005596765213331043, 9: 0.003385618200216757, 10: 0.006301807267377691, 11: 0.006239915067758193, 12: 0.006961412415803651, 13: 0.006616379581515047, 14: 0.0077994340522769745, 15: 0.004438696488775759, 16: 0.005944413280374961, 17: 0.005757456404007107, 18: 0.0057855760469190335, 19: 0.006992408571136136, 20: 0.007352825260948998, 21: 0.00913787770839424, 22: 0.005217045731015315, 23: 0.0056328141569487, 24: 0.0056989237798344946, 25: 0.005313097599590724, 26: 0.005904476874604953, 27: 0.007714386721138789, 28: 0.006678000773900598, 29: 0.005716647344150649, 30: 0.007237411816852146, 31: 0.008009790016175737, 32: 0.007872425190247929, 33: 0.0060089140908025866, 34: 0.007670523812946934, 35: 0.010113385452592168, 36: 0.006776105053494392, 37: 0.005647576460859749, 38: 0.007267046151148061, 39: 0.006634566242675053, 40: 0.006688546257386867, 41: 0.00837833135075558, 42: 0.0056483748701219244, 43: 0.0057153647189889046, 44: 0.006748405787025667, 45: 0.005280523884322812, 46: 0.008263134174210507, 47: 0.004649034083165275, 48: 0.006124439862176158, 49: 0.005492302880917109, 50: 0.006770475474515885, 51: 0.005642374318528139, 52: 0.007545984718867017, 53: 0.006333503169542596, 54: 0.006977969391991793, 55: 0.006580532715290063, 56: 0.006770527884815842, 57: 0.006515406556595709, 58: 0.0058771206633324155, 59: 0.007200890970734787, 60: 0.006401987719514995, 61: 0.006692004277916697, 62: 0.007249864901745833, 63: 0.006955945036653979, 64: 0.0060642548542843, 65: 0.00659475205191297, 66: 0.007926938723082828, 67: 0.00824356432261189, 68: 0.0075289410071479115, 69: 0.00795610935263503, 70: 0.006823745420164687, 71: 0.006264158449407825, 72: 0.004948640788922646, 73: 0.007807187355760934, 74: 0.005195839531797871}","[94, 92, 88, 87, 86, 85, 85, 84, 84, 84, 84, 84, 83, 83, 83, 83, 83, 83, 82, 82, 82, 81, 81, 81, 80, 80, 80, 80, 80, 80, 79, 79, 79, 79, 78, 78, 78, 78, 77, 77, 77, 76, 76, 76, 75, 75, 75, 74, 74, 74, 74, 74, 74, 73, 73, 72, 72, 72, 72, 72, 72, 71, 71, 71, 71, 71, 71, 70, 70, 68, 68, 68, 66, 63, 59]","dict_values([39, 44, 36, 43, 38, 46, 36, 34, 46, 46, 50, 48, 39, 43, 46, 40, 44, 41, 45, 44, 37, 43, 35, 40, 43, 47, 51, 42, 43, 45, 43, 46, 44, 49, 34, 33, 44, 46, 39, 37, 37, 39, 41, 42, 38, 48, 49, 40, 30, 43, 31, 43, 40, 43, 37, 45, 38, 39, 49, 43, 34, 30, 39, 44, 38, 45, 43, 36, 35, 36, 41, 48, 41, 50, 44])",0.048839636673825175
49,77.70666666666666,0.526901059596159,"{0: 0.005681487249187357, 1: 0.007737389736647213, 2: 0.007524076012230406, 3: 0.00439733922467859, 4: 0.005798525420103702, 5: 0.00528178077603569, 6: 0.007615265308258771, 7: 0.0051679969669118486, 8: 0.005704392694692923, 9: 0.003321899679872466, 10: 0.006458972505738759, 11: 0.005860220084646376, 12: 0.0071390795512163464, 13: 0.006499347880131341, 14: 0.007839903914912322, 15: 0.004527109380687092, 16: 0.00592291951656392, 17: 0.0056755764475640395, 18: 0.005840039048165644, 19: 0.006853212912996328, 20: 0.007264626824374754, 21: 0.00943655638881242, 22: 0.004933589171746468, 23: 0.005392754631606563, 24: 0.005820079196247264, 25: 0.005221046640874383, 26: 0.0060093793648762816, 27: 0.00786682017088085, 28: 0.0063201171513027924, 29: 0.005745042234210442, 30: 0.007598422520287093, 31: 0.008050742048295898, 32: 0.008192055520516543, 33: 0.0063382990870605605, 34: 0.007490343336349153, 35: 0.010339047294175167, 36: 0.00677196503289942, 37: 0.005203083670889367, 38: 0.007309176077152661, 39: 0.006480456323076836, 40: 0.006846405531106875, 41: 0.008116987747057465, 42: 0.005299893313827251, 43: 0.005607134792996386, 44: 0.00688860790465006, 45: 0.005352275221374233, 46: 0.008310305375862062, 47: 0.004687274799512031, 48: 0.005852492523420619, 49: 0.005456687997116757, 50: 0.006592932891557051, 51: 0.00549962540432596, 52: 0.0075073090955489735, 53: 0.006279456925207898, 54: 0.006619992564788526, 55: 0.006304031956291944, 56: 0.0066645908752917486, 57: 0.006218792165299629, 58: 0.006013051640943203, 59: 0.007160675920340346, 60: 0.006292922503372007, 61: 0.006424782646328224, 62: 0.007024601189802419, 63: 0.006878252844522724, 64: 0.006269507759621468, 65: 0.006661802692000386, 66: 0.007957758658922311, 67: 0.00850391138808744, 68: 0.007772289978612268, 69: 0.007424607119775388, 70: 0.006762896260322796, 71: 0.006295951144579683, 72: 0.00520495223344069, 73: 0.007455393798817712, 74: 0.005129127612668199}","[96, 94, 89, 87, 86, 86, 85, 85, 85, 85, 85, 84, 84, 84, 84, 84, 83, 83, 83, 83, 82, 82, 82, 82, 81, 81, 80, 80, 80, 80, 80, 80, 79, 79, 79, 79, 78, 77, 77, 77, 77, 76, 76, 76, 75, 75, 75, 75, 75, 75, 74, 74, 74, 73, 73, 73, 73, 73, 73, 72, 72, 72, 71, 70, 70, 70, 70, 70, 70, 69, 69, 69, 67, 64, 58]","dict_values([39, 44, 36, 43, 38, 46, 36, 34, 46, 46, 50, 48, 39, 43, 46, 40, 44, 41, 45, 44, 37, 43, 35, 40, 43, 47, 51, 42, 43, 45, 43, 46, 44, 49, 34, 33, 44, 46, 39, 37, 37, 39, 41, 42, 38, 48, 49, 40, 30, 43, 31, 43, 40, 43, 37, 45, 38, 39, 49, 43, 34, 30, 39, 44, 38, 45, 43, 36, 35, 36, 41, 48, 41, 50, 44])",0.05107487626298432
49,77.62666666666667,0.526931220437609,"{0: 0.005492720628590146, 1: 0.007826613052875981, 2: 0.0073377031431791475, 3: 0.004413361058527582, 4: 0.005912432325038402, 5: 0.005390011962149981, 6: 0.007680871004991706, 7: 0.0049293085672649775, 8: 0.005542580487067824, 9: 0.0033629111566159495, 10: 0.006223438545188461, 11: 0.005684717477720874, 12: 0.007340058944501544, 13: 0.006441702722590327, 14: 0.00810558284653345, 15: 0.00459250224735152, 16: 0.006053329428403069, 17: 0.005494051463851994, 18: 0.006125201553560144, 19: 0.006697731671102686, 20: 0.0072754135462752955, 21: 0.00971499288700385, 22: 0.0048508210576478725, 23: 0.0049264736592319, 24: 0.006176399303924998, 25: 0.005539400794559828, 26: 0.005953437197134018, 27: 0.007688124886471997, 28: 0.006440863679802997, 29: 0.0058062869569177515, 30: 0.0077183239960814335, 31: 0.008441164833499267, 32: 0.008671850210976917, 33: 0.006744222417844697, 34: 0.007751303995214361, 35: 0.0100456755679898, 36: 0.006969594488075583, 37: 0.004798864619619046, 38: 0.006675295439610317, 39: 0.006357909134709419, 40: 0.007037696546919363, 41: 0.008105669290549868, 42: 0.004988738324963508, 43: 0.005758819999370059, 44: 0.006856275394392953, 45: 0.005356210936552432, 46: 0.008392996029994408, 47: 0.0049461086360002805, 48: 0.005961273724610626, 49: 0.005594935583312619, 50: 0.006262008648842544, 51: 0.00557075428781072, 52: 0.007214326798800069, 53: 0.006344951101867841, 54: 0.006501801773158662, 55: 0.006319230535765348, 56: 0.006868794367002902, 57: 0.006410650824747026, 58: 0.005887998808503026, 59: 0.00715641173589764, 60: 0.0066373619900957255, 61: 0.006794074513427513, 62: 0.007002944495878777, 63: 0.006920743465478566, 64: 0.00637521921756557, 65: 0.006484860957047424, 66: 0.007910710974937724, 67: 0.008557875698273949, 68: 0.0075053403566613264, 69: 0.007392254123724251, 70: 0.006566999657936023, 71: 0.006365795537791115, 72: 0.004820487690796003, 73: 0.007374420052941291, 74: 0.005084778303372888}","[95, 95, 91, 87, 86, 86, 86, 86, 85, 85, 84, 84, 84, 84, 84, 83, 83, 83, 83, 83, 82, 82, 82, 81, 81, 81, 81, 80, 80, 80, 79, 79, 79, 79, 79, 79, 78, 78, 78, 77, 76, 76, 76, 76, 76, 75, 75, 75, 75, 75, 75, 74, 74, 74, 73, 73, 72, 72, 72, 72, 72, 72, 71, 71, 70, 69, 69, 69, 69, 68, 68, 68, 66, 64, 58]","dict_values([39, 44, 36, 43, 38, 46, 36, 34, 46, 46, 50, 48, 39, 43, 46, 40, 44, 41, 45, 44, 37, 43, 35, 40, 43, 47, 51, 42, 43, 45, 43, 46, 44, 49, 34, 33, 44, 46, 39, 37, 37, 39, 41, 42, 38, 48, 49, 40, 30, 43, 31, 43, 40, 43, 37, 45, 38, 39, 49, 43, 34, 30, 39, 44, 38, 45, 43, 36, 35, 36, 41, 48, 41, 50, 44])",0.04272107327882804
49,77.54666666666667,0.5265345790003767,"{0: 0.005280466246822872, 1: 0.007658530989565799, 2: 0.0077074919957790256, 3: 0.004152382657440807, 4: 0.005972788483965342, 5: 0.005535589969156262, 6: 0.007797000203451981, 7: 0.005110734128860824, 8: 0.0056104928318002935, 9: 0.0034445662428265566, 10: 0.006025901190220741, 11: 0.006057825429178085, 12: 0.007488424317080717, 13: 0.006131574139521932, 14: 0.008421490934666499, 15: 0.0045420808723256436, 16: 0.006244804580438731, 17: 0.005495604473859692, 18: 0.006022758032783144, 19: 0.006787429992488659, 20: 0.007047999523548991, 21: 0.009562944841946487, 22: 0.0050763714564109825, 23: 0.0052126925806739435, 24: 0.006092838234082973, 25: 0.005726603853512458, 26: 0.005872512052892914, 27: 0.008113274362512806, 28: 0.006544814554613805, 29: 0.005458353403307703, 30: 0.007717717272741827, 31: 0.008438848283285071, 32: 0.008511096548792953, 33: 0.0068778447796906395, 34: 0.007789900883149118, 35: 0.010084672479942557, 36: 0.007031555825693856, 37: 0.004673153774866774, 38: 0.006715244583818773, 39: 0.006448831664729094, 40: 0.007267441125272869, 41: 0.008131127981341182, 42: 0.0048759740565239625, 43: 0.005808277877743605, 44: 0.00711550051242274, 45: 0.0051794732020950035, 46: 0.008421941239775636, 47: 0.0051505623151775135, 48: 0.00604723883251278, 49: 0.005494213201450454, 50: 0.005937122848162758, 51: 0.0057330425293831595, 52: 0.0070767765837931, 53: 0.006442380129812262, 54: 0.0063490539431094156, 55: 0.006223308644594766, 56: 0.006499716307221834, 57: 0.006500643480168591, 58: 0.00586772060577433, 59: 0.006913215719303718, 60: 0.006862592208264473, 61: 0.006701660773729535, 62: 0.006954134746096655, 63: 0.006536866641760117, 64: 0.006196514571814645, 65: 0.0064298191006628095, 66: 0.007991886347193751, 67: 0.008331451176800283, 68: 0.007508557989102429, 69: 0.007488716586539751, 70: 0.00661775313696321, 71: 0.00637620640586244, 72: 0.004688378301389078, 73: 0.007409153101902375, 74: 0.005464488318936935}","[95, 94, 90, 87, 87, 87, 86, 85, 85, 85, 85, 84, 84, 84, 84, 84, 84, 83, 83, 82, 82, 82, 82, 81, 80, 80, 80, 80, 80, 79, 79, 79, 79, 79, 78, 78, 78, 77, 77, 77, 76, 76, 76, 75, 75, 75, 75, 75, 75, 75, 74, 74, 74, 74, 74, 74, 73, 73, 72, 72, 72, 71, 71, 71, 71, 70, 70, 69, 69, 68, 67, 67, 67, 62, 59]","dict_values([39, 44, 36, 43, 38, 46, 36, 34, 46, 46, 50, 48, 39, 43, 46, 40, 44, 41, 45, 44, 37, 43, 35, 40, 43, 47, 51, 42, 43, 45, 43, 46, 44, 49, 34, 33, 44, 46, 39, 37, 37, 39, 41, 42, 38, 48, 49, 40, 30, 43, 31, 43, 40, 43, 37, 45, 38, 39, 49, 43, 34, 30, 39, 44, 38, 45, 43, 36, 35, 36, 41, 48, 41, 50, 44])",0.05062257700145119
50,77.36,0.5253726873095232,"{0: 0.005584163104022037, 1: 0.007701616688396247, 2: 0.007955938308937524, 3: 0.004025957711074216, 4: 0.005981506913078603, 5: 0.005582093318913716, 6: 0.007651912205656469, 7: 0.004837572218594412, 8: 0.00590311948309914, 9: 0.003398580882358623, 10: 0.00590409253975123, 11: 0.00605792085263045, 12: 0.007094393374567857, 13: 0.006464446389200111, 14: 0.008430664311800208, 15: 0.00475750963332509, 16: 0.006276296644652203, 17: 0.0056778983963677145, 18: 0.005941378864113602, 19: 0.006470204389380242, 20: 0.007346456392639127, 21: 0.009435900150161936, 22: 0.004930939219977407, 23: 0.005519849140415307, 24: 0.006322085954534267, 25: 0.005840040536919661, 26: 0.005778654281809222, 27: 0.008167106859592703, 28: 0.006614512917334932, 29: 0.005508140848214312, 30: 0.00787737623555476, 31: 0.008348482117111472, 32: 0.007908692895731375, 33: 0.006549428516078316, 34: 0.007331759983451848, 35: 0.010346190918394579, 36: 0.0070363638912211215, 37: 0.004580919117039437, 38: 0.006652959291920726, 39: 0.006660779826022379, 40: 0.0076761121391338795, 41: 0.007975159725449928, 42: 0.005092979764277093, 43: 0.0058754178562495105, 44: 0.007243789041891757, 45: 0.004856365072868715, 46: 0.008480379240235602, 47: 0.005199097143275572, 48: 0.006142367145424053, 49: 0.005578609253384207, 50: 0.005856426430472715, 51: 0.005736335789402884, 52: 0.007183600973992936, 53: 0.006193936818054253, 54: 0.006692056844457787, 55: 0.006142318646026168, 56: 0.006434491117487079, 57: 0.006384539875834261, 58: 0.005975134001335101, 59: 0.006973825881325322, 60: 0.007155975165422152, 61: 0.006599719822224292, 62: 0.007081931610381452, 63: 0.006587349580786325, 64: 0.006374789237658316, 65: 0.006042717149829453, 66: 0.00821486142874226, 67: 0.00845050294603725, 68: 0.007550602043738781, 69: 0.007244025768342449, 70: 0.006755079416805076, 71: 0.0064355210930130795, 72: 0.004968352517893897, 73: 0.007204538221305392, 74: 0.00556112149261146}","[96, 93, 88, 87, 87, 86, 85, 85, 85, 85, 85, 85, 84, 84, 84, 84, 84, 83, 83, 83, 82, 82, 81, 80, 80, 80, 79, 79, 79, 79, 79, 78, 78, 78, 78, 78, 78, 77, 77, 77, 76, 76, 76, 75, 75, 75, 75, 75, 74, 74, 74, 74, 74, 74, 74, 73, 73, 73, 73, 72, 72, 72, 71, 71, 70, 70, 70, 70, 69, 69, 68, 66, 65, 60, 59]","dict_values([39, 44, 36, 43, 38, 46, 36, 34, 46, 46, 50, 48, 39, 43, 46, 40, 44, 41, 45, 44, 37, 43, 35, 40, 43, 47, 51, 42, 43, 45, 43, 46, 44, 49, 34, 33, 44, 46, 39, 37, 37, 39, 41, 42, 38, 48, 49, 40, 30, 43, 31, 43, 40, 43, 37, 45, 38, 39, 49, 43, 34, 30, 39, 44, 38, 45, 43, 36, 35, 36, 41, 48, 41, 50, 44])",0.051065014488816944
50,77.14666666666666,0.5244656553547518,"{0: 0.005510247797185018, 1: 0.007837696520472037, 2: 0.007860331422739562, 3: 0.003919252669240799, 4: 0.005867729449096085, 5: 0.005499088528410412, 6: 0.00770203084064692, 7: 0.005041341543320853, 8: 0.005976531426883708, 9: 0.003548015289854307, 10: 0.0058282591214174504, 11: 0.005820375848361965, 12: 0.007153602049052183, 13: 0.006267645347200206, 14: 0.008329769168468283, 15: 0.00518725126947641, 16: 0.006502429881526691, 17: 0.005566933565570885, 18: 0.005920966873449036, 19: 0.006223025803868928, 20: 0.007267226592544077, 21: 0.00966343161787024, 22: 0.004823358138217824, 23: 0.005219568758332978, 24: 0.006155367850838776, 25: 0.005774810693194595, 26: 0.006116835012105356, 27: 0.008374712421353365, 28: 0.006681912110618908, 29: 0.005731571834220933, 30: 0.007863749462778792, 31: 0.008630186809737933, 32: 0.007921159910312526, 33: 0.006616317136067001, 34: 0.00806187144554846, 35: 0.010377762380152668, 36: 0.0069001514573176345, 37: 0.004254892306240956, 38: 0.0066199608534288175, 39: 0.00668280761429668, 40: 0.007660640047920457, 41: 0.00806356530450827, 42: 0.005153843836830823, 43: 0.005802860289654057, 44: 0.007554280040070053, 45: 0.005126100020233238, 46: 0.008872209295107366, 47: 0.004879584153642428, 48: 0.006026771275875617, 49: 0.005204961732515337, 50: 0.006110419506768, 51: 0.005449142618440857, 52: 0.0072623933948677, 53: 0.006087867701295658, 54: 0.00694890778871483, 55: 0.006082926998039491, 56: 0.006333441102536479, 57: 0.006017196296946353, 58: 0.005939497684396592, 59: 0.0068387584673170135, 60: 0.007520798388711021, 61: 0.006808013664466989, 62: 0.0069119022997105066, 63: 0.006680753536213599, 64: 0.006266303238592782, 65: 0.006327138432975234, 66: 0.008502323139155755, 67: 0.008249869734419376, 68: 0.007650275135912296, 69: 0.00731340986916621, 70: 0.006662002637059044, 71: 0.006568367900154518, 72: 0.005033124475786763, 73: 0.007296962322243625, 74: 0.005348077415528756}","[96, 93, 87, 87, 87, 86, 86, 86, 86, 86, 85, 84, 84, 84, 84, 84, 84, 83, 83, 83, 83, 82, 81, 81, 80, 80, 80, 79, 79, 79, 78, 78, 78, 78, 78, 77, 77, 77, 77, 76, 76, 76, 76, 75, 74, 74, 74, 74, 73, 73, 73, 73, 73, 73, 73, 73, 72, 72, 72, 72, 72, 72, 71, 71, 71, 70, 69, 68, 68, 68, 68, 66, 65, 60, 60]","dict_values([39, 44, 36, 43, 38, 46, 36, 34, 46, 46, 50, 48, 39, 43, 46, 40, 44, 41, 45, 44, 37, 43, 35, 40, 43, 47, 51, 42, 43, 45, 43, 46, 44, 49, 34, 33, 44, 46, 39, 37, 37, 39, 41, 42, 38, 48, 49, 40, 30, 43, 31, 43, 40, 43, 37, 45, 38, 39, 49, 43, 34, 30, 39, 44, 38, 45, 43, 36, 35, 36, 41, 48, 41, 50, 44])",0.051180908086064
50,77.17333333333333,0.5247997605503218,"{0: 0.005467053998785372, 1: 0.0073126647640494235, 2: 0.007802991365786637, 3: 0.003906705765015695, 4: 0.005836610867042253, 5: 0.004927810438220569, 6: 0.007869682141595651, 7: 0.004981599817005153, 8: 0.006134789420292111, 9: 0.003231097837218235, 10: 0.005638889062491573, 11: 0.00586673210615929, 12: 0.007745287100548589, 13: 0.006406169653700176, 14: 0.0082649870425656, 15: 0.0053280842081537255, 16: 0.0065596297370951505, 17: 0.0058208937978145225, 18: 0.0059646763352259255, 19: 0.005976479007138899, 20: 0.0073889261077326905, 21: 0.009556150499433091, 22: 0.0050180794880142, 23: 0.005423123546960015, 24: 0.005930991558626216, 25: 0.005479167565735949, 26: 0.006437498103181659, 27: 0.008038274113023079, 28: 0.006207545458767007, 29: 0.005780740256204926, 30: 0.007874310496467855, 31: 0.008617063928861957, 32: 0.008193280500072187, 33: 0.006320023168879779, 34: 0.008302171005899842, 35: 0.010763802416641922, 36: 0.0066736401647371916, 37: 0.00412574003251643, 38: 0.006798991760077031, 39: 0.006619126621422293, 40: 0.007339584556505808, 41: 0.007882512201445204, 42: 0.005326948158731938, 43: 0.005569897782854152, 44: 0.0076407674209066755, 45: 0.005357089325973955, 46: 0.008369009965041394, 47: 0.004737967344899304, 48: 0.0058460608117578226, 49: 0.0051579196290091125, 50: 0.006347747284241381, 51: 0.005690421840873506, 52: 0.007990130920804384, 53: 0.006004735711868374, 54: 0.007252132248132017, 55: 0.006372208580617604, 56: 0.0064901802793837825, 57: 0.0057645716318947245, 58: 0.005527536071227016, 59: 0.007162928019152789, 60: 0.007390815965861815, 61: 0.006811279189802127, 62: 0.0069238691476643495, 63: 0.006740511247767889, 64: 0.006251068922792704, 65: 0.006532684154965729, 66: 0.008338382991556035, 67: 0.008374269185815957, 68: 0.0076317401102742165, 69: 0.007479533078519387, 70: 0.006439039626199123, 71: 0.006726605554579324, 72: 0.004995793546243248, 73: 0.007350730785473568, 74: 0.005261597391728279}","[97, 93, 87, 87, 87, 87, 86, 86, 85, 85, 85, 84, 84, 84, 83, 83, 83, 83, 83, 82, 82, 82, 82, 82, 82, 82, 81, 80, 80, 79, 79, 79, 78, 78, 77, 77, 77, 77, 77, 77, 77, 76, 76, 75, 74, 74, 74, 74, 73, 73, 73, 73, 73, 73, 73, 73, 72, 72, 72, 71, 71, 71, 71, 70, 70, 70, 70, 69, 69, 68, 67, 67, 64, 60, 58]","dict_values([39, 44, 36, 43, 38, 46, 36, 34, 46, 46, 50, 48, 39, 43, 46, 40, 44, 41, 45, 44, 37, 43, 35, 40, 43, 47, 51, 42, 43, 45, 43, 46, 44, 49, 34, 33, 44, 46, 39, 37, 37, 39, 41, 42, 38, 48, 49, 40, 30, 43, 31, 43, 40, 43, 37, 45, 38, 39, 49, 43, 34, 30, 39, 44, 38, 45, 43, 36, 35, 36, 41, 48, 41, 50, 44])",0.04763232940540423
50,77.38666666666667,0.5263526760944456,"{0: 0.005559315648175332, 1: 0.007534506896189352, 2: 0.007821124702289852, 3: 0.003884693983534832, 4: 0.005588533460238209, 5: 0.004999494927779049, 6: 0.008227199038946411, 7: 0.005053823897252846, 8: 0.00614501575371513, 9: 0.0030102897623252847, 10: 0.005977845243064522, 11: 0.005960940898431788, 12: 0.008005740920783372, 13: 0.00641089886252027, 14: 0.00849511879166785, 15: 0.005357780672088844, 16: 0.006654953641262475, 17: 0.005785385186906205, 18: 0.00571486116629139, 19: 0.005533215919064288, 20: 0.007073063261900875, 21: 0.009428658327699421, 22: 0.004604153931240411, 23: 0.00537370960117132, 24: 0.005759893748900761, 25: 0.005598496908632118, 26: 0.006859603770785541, 27: 0.007792839652836376, 28: 0.006378888720995564, 29: 0.005846146977496987, 30: 0.007889074599198484, 31: 0.008281171398941134, 32: 0.008276221502844948, 33: 0.0063110415277379565, 34: 0.00825534178556173, 35: 0.010725835131748723, 36: 0.006525606301917653, 37: 0.004259596094015881, 38: 0.006865432102454262, 39: 0.006411889788075948, 40: 0.00704439005849315, 41: 0.007978651975935915, 42: 0.005142703758473364, 43: 0.005569499009978243, 44: 0.007805425282742796, 45: 0.005150738172466816, 46: 0.008312385611965846, 47: 0.004519891013492012, 48: 0.006098824206819096, 49: 0.005324342826715872, 50: 0.006619505643425926, 51: 0.005515625797619188, 52: 0.007871715564036168, 53: 0.006048906364736371, 54: 0.0071622400404516085, 55: 0.006318009801001007, 56: 0.0061444424269402565, 57: 0.005623172526363717, 58: 0.005692865454954284, 59: 0.007205454925516373, 60: 0.007366836967972364, 61: 0.006840892744858764, 62: 0.006867141740483034, 63: 0.006743458782591718, 64: 0.006193229302759259, 65: 0.006712557397390073, 66: 0.00816547734565204, 67: 0.007846348567232262, 68: 0.007611279860653056, 69: 0.007810297711270174, 70: 0.006562120818635612, 71: 0.0067885646512766545, 72: 0.004726611285022403, 73: 0.007058430558725477, 74: 0.00550937625260793}","[97, 93, 89, 88, 87, 87, 87, 86, 85, 85, 85, 84, 84, 84, 84, 84, 83, 83, 83, 83, 83, 82, 82, 82, 81, 81, 81, 81, 81, 80, 80, 80, 79, 78, 78, 77, 77, 77, 77, 77, 77, 76, 76, 75, 75, 74, 74, 74, 74, 74, 74, 74, 73, 73, 73, 72, 72, 72, 72, 72, 72, 72, 71, 71, 70, 70, 69, 69, 68, 67, 66, 66, 65, 60, 57]","dict_values([39, 44, 36, 43, 38, 46, 36, 34, 46, 46, 50, 48, 39, 43, 46, 40, 44, 41, 45, 44, 37, 43, 35, 40, 43, 47, 51, 42, 43, 45, 43, 46, 44, 49, 34, 33, 44, 46, 39, 37, 37, 39, 41, 42, 38, 48, 49, 40, 30, 43, 31, 43, 40, 43, 37, 45, 38, 39, 49, 43, 34, 30, 39, 44, 38, 45, 43, 36, 35, 36, 41, 48, 41, 50, 44])",0.05104467035020885
52,77.33333333333333,0.5263191218742,"{0: 0.00550238953555901, 1: 0.007303284711088173, 2: 0.007674183144915308, 3: 0.0038579328455934725, 4: 0.005640793359580585, 5: 0.005266218820456979, 6: 0.009201734638730261, 7: 0.0051451465848561945, 8: 0.005688115758931689, 9: 0.003137898550908571, 10: 0.005767593283727159, 11: 0.006331799034272172, 12: 0.008257555607601766, 13: 0.0060491843929449535, 14: 0.008479667529796564, 15: 0.0050361604100621835, 16: 0.006615800001992179, 17: 0.005600006020881361, 18: 0.005945468140262226, 19: 0.005325218954967216, 20: 0.007113187754259714, 21: 0.009586511640300258, 22: 0.004712182036236617, 23: 0.004940847465978442, 24: 0.006021455563687977, 25: 0.005397199778138816, 26: 0.007030801172601754, 27: 0.008137034711005072, 28: 0.006251519056009654, 29: 0.006056604748316875, 30: 0.00787155892577246, 31: 0.007802920580043811, 32: 0.008590798431216417, 33: 0.006561120098828095, 34: 0.008241300734305249, 35: 0.010617670678476857, 36: 0.006233697920410955, 37: 0.004198293961434409, 38: 0.006890362327376815, 39: 0.005965913123859101, 40: 0.006823025289192818, 41: 0.00803967181320342, 42: 0.0051086709457658155, 43: 0.005495964625638897, 44: 0.007939579262858801, 45: 0.005568236815784932, 46: 0.008103107719532446, 47: 0.004497630776568512, 48: 0.0060633512129215535, 49: 0.005273290078197742, 50: 0.006724151525022584, 51: 0.005740620611471527, 52: 0.007626367092903296, 53: 0.0062596885178378995, 54: 0.007350920972408115, 55: 0.006220168781806076, 56: 0.005840719022429351, 57: 0.0058994594993579084, 58: 0.005477320529105166, 59: 0.00753632143385741, 60: 0.007534804013566133, 61: 0.006837344328644771, 62: 0.006976146658520151, 63: 0.006867489585640663, 64: 0.0062349636043782086, 65: 0.006645483609568347, 66: 0.008412609792859006, 67: 0.00783388453194678, 68: 0.007399120125896631, 69: 0.007962698528576244, 70: 0.006333384337806672, 71: 0.006678692532869218, 72: 0.004628258469286514, 73: 0.0071696251077225616, 74: 0.00540914841435428}","[96, 94, 92, 89, 88, 87, 87, 86, 86, 85, 85, 84, 84, 84, 83, 83, 83, 83, 83, 83, 83, 82, 82, 82, 82, 81, 81, 81, 80, 80, 80, 80, 79, 79, 78, 78, 77, 77, 76, 76, 75, 75, 75, 75, 75, 75, 74, 74, 74, 74, 73, 73, 73, 73, 73, 72, 72, 72, 72, 72, 72, 71, 71, 70, 70, 70, 68, 68, 68, 67, 67, 66, 65, 60, 57]","dict_values([39, 44, 36, 43, 38, 46, 36, 34, 46, 46, 50, 48, 39, 43, 46, 40, 44, 41, 45, 44, 37, 43, 35, 40, 43, 47, 51, 42, 43, 45, 43, 46, 44, 49, 34, 33, 44, 46, 39, 37, 37, 39, 41, 42, 38, 48, 49, 40, 30, 43, 31, 43, 40, 43, 37, 45, 38, 39, 49, 43, 34, 30, 39, 44, 38, 45, 43, 36, 35, 36, 41, 48, 41, 50, 44])",0.050932699167657566
52,77.12,0.5252211274674088,"{0: 0.005710087372868191, 1: 0.007233078977470937, 2: 0.007848977765980985, 3: 0.003833427653740526, 4: 0.005695913525640971, 5: 0.004980433436479884, 6: 0.009450244092335785, 7: 0.005181986280892238, 8: 0.005665925470454065, 9: 0.0033056763349900713, 10: 0.005950553396996298, 11: 0.006302954791387914, 12: 0.00801348936495071, 13: 0.0059318640448020885, 14: 0.009185222595819881, 15: 0.005097322608053813, 16: 0.006482857336184894, 17: 0.005782854331152634, 18: 0.005960678121872726, 19: 0.005532683937940393, 20: 0.007172590521671338, 21: 0.009614218834085224, 22: 0.004593908340907358, 23: 0.004969949624982585, 24: 0.006188669127648907, 25: 0.005139438060624882, 26: 0.007284714198740807, 27: 0.008279185531993001, 28: 0.006456098883041205, 29: 0.005784304221960432, 30: 0.008128454905446891, 31: 0.007496425070938554, 32: 0.008292842320544913, 33: 0.006649646399070824, 34: 0.008262099235362573, 35: 0.01104531841733107, 36: 0.006350647268599901, 37: 0.004180339122435173, 38: 0.006738291341014755, 39: 0.006130108721674046, 40: 0.0064885822970070246, 41: 0.0075886560998485566, 42: 0.005332357851652833, 43: 0.005337722548702107, 44: 0.00805006479204678, 45: 0.00548201987880009, 46: 0.00785212138635321, 47: 0.0043913203102822675, 48: 0.006243855593580729, 49: 0.005307666232729815, 50: 0.006835881775157069, 51: 0.0057476063799902655, 52: 0.007693391487006069, 53: 0.006168850495978825, 54: 0.0070154078916087785, 55: 0.006313505923994313, 56: 0.0060867579212325945, 57: 0.006177104579780517, 58: 0.00556131576372831, 59: 0.0075427463839731245, 60: 0.007846959914313768, 61: 0.006870307190428052, 62: 0.007163488470362036, 63: 0.006769823584663855, 64: 0.00629871408337903, 65: 0.006472737054650067, 66: 0.008355509914566395, 67: 0.007786812524506431, 68: 0.007792872026340851, 69: 0.007889527082577799, 70: 0.00678382150074619, 71: 0.006286312628463149, 72: 0.004338432082800274, 73: 0.006962231808182499, 74: 0.005302018143147008}","[97, 94, 93, 89, 88, 88, 87, 86, 85, 85, 85, 85, 84, 83, 83, 83, 83, 83, 83, 82, 82, 82, 81, 81, 81, 81, 81, 80, 79, 79, 79, 79, 78, 78, 78, 77, 77, 77, 76, 76, 76, 76, 75, 75, 75, 75, 74, 74, 74, 74, 74, 73, 73, 73, 73, 73, 73, 72, 72, 71, 71, 71, 70, 70, 70, 69, 68, 67, 67, 67, 65, 65, 64, 59, 58]","dict_values([39, 44, 36, 43, 38, 46, 36, 34, 46, 46, 50, 48, 39, 43, 46, 40, 44, 41, 45, 44, 37, 43, 35, 40, 43, 47, 51, 42, 43, 45, 43, 46, 44, 49, 34, 33, 44, 46, 39, 37, 37, 39, 41, 42, 38, 48, 49, 40, 30, 43, 31, 43, 40, 43, 37, 45, 38, 39, 49, 43, 34, 30, 39, 44, 38, 45, 43, 36, 35, 36, 41, 48, 41, 50, 44])",0.04913468546799585
52,77.06666666666666,0.5247232864796314,"{0: 0.005661461159894979, 1: 0.007305823886544958, 2: 0.007877042066124305, 3: 0.003824462113830828, 4: 0.005868713930469282, 5: 0.005186980438451341, 6: 0.009464522582386168, 7: 0.005160840058501101, 8: 0.005766412718223003, 9: 0.0031619987977140425, 10: 0.006055943715554065, 11: 0.006338353748705124, 12: 0.007848786874130709, 13: 0.0059474897402588215, 14: 0.009227438434992017, 15: 0.005269450122536142, 16: 0.006621603026336791, 17: 0.005403545415119245, 18: 0.005784458947438412, 19: 0.005764455465030048, 20: 0.006696457281832608, 21: 0.009407929870103006, 22: 0.004358564738132979, 23: 0.005174060951058941, 24: 0.006256749970684868, 25: 0.00547751954384824, 26: 0.007329819353325874, 27: 0.008359825252531733, 28: 0.0064326257762534035, 29: 0.005828527668607124, 30: 0.00831532843609765, 31: 0.007242711706757178, 32: 0.008616456668974891, 33: 0.006586607155541969, 34: 0.007939291052051298, 35: 0.011236544827591215, 36: 0.006333495966596476, 37: 0.00398896803521763, 38: 0.0068973272148065545, 39: 0.0060733042164815496, 40: 0.006310065810079219, 41: 0.007437244732609106, 42: 0.0053321866910125216, 43: 0.005318130687170684, 44: 0.008287295769810394, 45: 0.005449747305605294, 46: 0.007865037884849824, 47: 0.004382834987475159, 48: 0.0062983101417030335, 49: 0.005359472488507705, 50: 0.006928970996248479, 51: 0.0058585663292350255, 52: 0.008195049179982856, 53: 0.006138184396400552, 54: 0.007198114568246412, 55: 0.00600012078924834, 56: 0.006163718764596981, 57: 0.005889033149162967, 58: 0.0055075896328214274, 59: 0.007552634654978245, 60: 0.00765180697489228, 61: 0.006908962720724922, 62: 0.007348156020894652, 63: 0.0063531252514411295, 64: 0.006529679193828084, 65: 0.006502648177682881, 66: 0.008281626351444261, 67: 0.007800563000121561, 68: 0.007825260525172397, 69: 0.008404026921722861, 70: 0.006577804964350767, 71: 0.0059529775389117485, 72: 0.004600133883070536, 73: 0.006752204593531164, 74: 0.0053570344313456615}","[97, 93, 93, 89, 89, 89, 87, 87, 86, 85, 85, 84, 83, 83, 83, 83, 83, 83, 83, 82, 82, 81, 81, 80, 80, 80, 80, 79, 79, 79, 79, 79, 79, 78, 77, 76, 76, 76, 76, 76, 76, 76, 76, 75, 75, 75, 75, 74, 74, 74, 74, 73, 73, 73, 73, 73, 72, 72, 72, 71, 71, 71, 71, 70, 70, 70, 70, 68, 67, 67, 65, 65, 63, 59, 57]","dict_values([39, 44, 36, 43, 38, 46, 36, 34, 46, 46, 50, 48, 39, 43, 46, 40, 44, 41, 45, 44, 37, 43, 35, 40, 43, 47, 51, 42, 43, 45, 43, 46, 44, 49, 34, 33, 44, 46, 39, 37, 37, 39, 41, 42, 38, 48, 49, 40, 30, 43, 31, 43, 40, 43, 37, 45, 38, 39, 49, 43, 34, 30, 39, 44, 38, 45, 43, 36, 35, 36, 41, 48, 41, 50, 44])",0.05203529651225443
52,77.28,0.5262527483093659,"{0: 0.00560800473946748, 1: 0.007381754867020851, 2: 0.007977283014978116, 3: 0.0038341358466498798, 4: 0.0059987101858992396, 5: 0.005495086651774937, 6: 0.009118411860193352, 7: 0.005135137043656043, 8: 0.005673127417751119, 9: 0.0031637329600841648, 10: 0.006018440558073908, 11: 0.00631208269579587, 12: 0.007738920257722731, 13: 0.005747747450891385, 14: 0.008954389868080533, 15: 0.0050591082147234175, 16: 0.0067224910105913435, 17: 0.005384956679178461, 18: 0.005948131310586747, 19: 0.005985132328258512, 20: 0.006408844364890192, 21: 0.009460170446079746, 22: 0.0045253663300427625, 23: 0.005109867537847076, 24: 0.006101345101817901, 25: 0.0053180771504680365, 26: 0.007279380394958964, 27: 0.008202928246678325, 28: 0.00678092741292792, 29: 0.00580800472159025, 30: 0.008184275972361911, 31: 0.007063330439920041, 32: 0.008293353270686511, 33: 0.006545162587147606, 34: 0.007904667499806003, 35: 0.01086929304953117, 36: 0.006373847302133716, 37: 0.00395235734585695, 38: 0.007025258880316794, 39: 0.0059054318075892785, 40: 0.006358390204805001, 41: 0.007511631322031705, 42: 0.0055033666777819555, 43: 0.005405647470125326, 44: 0.008443159646352163, 45: 0.0052144705607662595, 46: 0.007755894170605545, 47: 0.00426647134371664, 48: 0.0064681036792034454, 49: 0.005405163927423471, 50: 0.007179809280400629, 51: 0.00608736499088876, 52: 0.007865227749457991, 53: 0.0060809363227160036, 54: 0.007235503851881096, 55: 0.006169538139032446, 56: 0.0059681058531011735, 57: 0.006049185538845339, 58: 0.005528565355963001, 59: 0.007424534819000573, 60: 0.007281846864233671, 61: 0.006831293588201803, 62: 0.007235899998462764, 63: 0.0061295077090897975, 64: 0.006677888699732211, 65: 0.0062211167073423935, 66: 0.008589690477726428, 67: 0.007976653524794127, 68: 0.007978859405168513, 69: 0.00855522164803857, 70: 0.006707007776881628, 71: 0.005873956364733953, 72: 0.004541597844567319, 73: 0.00664670797697241, 74: 0.005392291135760045}","[96, 94, 92, 90, 88, 88, 88, 88, 87, 86, 85, 84, 84, 84, 83, 83, 83, 83, 83, 82, 82, 82, 82, 81, 81, 80, 80, 80, 79, 79, 79, 78, 78, 78, 78, 78, 78, 77, 76, 76, 76, 76, 75, 75, 75, 75, 74, 74, 74, 74, 74, 74, 73, 73, 73, 73, 73, 73, 73, 73, 72, 71, 71, 71, 70, 70, 69, 67, 67, 66, 66, 64, 63, 59, 57]","dict_values([39, 44, 36, 43, 38, 46, 36, 34, 46, 46, 50, 48, 39, 43, 46, 40, 44, 41, 45, 44, 37, 43, 35, 40, 43, 47, 51, 42, 43, 45, 43, 46, 44, 49, 34, 33, 44, 46, 39, 37, 37, 39, 41, 42, 38, 48, 49, 40, 30, 43, 31, 43, 40, 43, 37, 45, 38, 39, 49, 43, 34, 30, 39, 44, 38, 45, 43, 36, 35, 36, 41, 48, 41, 50, 44])",0.052060248590089286
52,77.41333333333333,0.5273636010767426,"{0: 0.005799443024182095, 1: 0.007360544441277244, 2: 0.007963847540239809, 3: 0.003919195352992109, 4: 0.005939481848804576, 5: 0.005316394450152242, 6: 0.00906905792599151, 7: 0.005261006132560133, 8: 0.0057603043029690396, 9: 0.0032974305589596096, 10: 0.006138259359439157, 11: 0.006173883871054433, 12: 0.007742900065381791, 13: 0.005690149879540569, 14: 0.00951302640918057, 15: 0.005080039393017933, 16: 0.006741573295467326, 17: 0.005371767234188829, 18: 0.006116108988568544, 19: 0.006214995111781598, 20: 0.006425510313111745, 21: 0.009040398128996095, 22: 0.00431766299889823, 23: 0.005052579198086187, 24: 0.005830359960167026, 25: 0.005506900449611097, 26: 0.007026030327759929, 27: 0.008195229912662416, 28: 0.00654108231813307, 29: 0.005770879906418758, 30: 0.008064047424496467, 31: 0.006942788516094536, 32: 0.008206386377324971, 33: 0.006139610032516756, 34: 0.007906889428423642, 35: 0.010626548963337439, 36: 0.006112750810446008, 37: 0.004077854263268652, 38: 0.007175314260308537, 39: 0.00580617228611165, 40: 0.00631939561179446, 41: 0.00763635296645063, 42: 0.005425939017572909, 43: 0.005400166217721326, 44: 0.008450856396119769, 45: 0.0050192811986144855, 46: 0.0077139661596881985, 47: 0.004252637641609067, 48: 0.006112297701151103, 49: 0.0053457694682462935, 50: 0.0066823951661934755, 51: 0.006498025738340949, 52: 0.007961618233215737, 53: 0.005992061937450014, 54: 0.0074982128034714315, 55: 0.006216463364104744, 56: 0.006070526355785881, 57: 0.006021485132825661, 58: 0.00521093696676022, 59: 0.007393807500620563, 60: 0.007318381879643974, 61: 0.006614802978176119, 62: 0.007396010673561995, 63: 0.006275118487918631, 64: 0.007040714053295469, 65: 0.006364375096146961, 66: 0.008479745900177613, 67: 0.008107629268695269, 68: 0.007956097909706231, 69: 0.008515588970453005, 70: 0.006857506016565934, 71: 0.005834598057474498, 72: 0.004698688925560997, 73: 0.006704919602011369, 74: 0.0053829238734221406}","[95, 93, 92, 90, 89, 88, 88, 88, 87, 86, 85, 85, 85, 84, 84, 84, 84, 83, 83, 82, 82, 82, 82, 81, 81, 81, 81, 81, 80, 79, 79, 78, 78, 78, 78, 78, 77, 77, 77, 76, 76, 76, 76, 75, 75, 75, 75, 74, 74, 74, 73, 73, 73, 73, 73, 73, 73, 73, 73, 72, 72, 71, 71, 71, 71, 70, 70, 68, 67, 65, 65, 64, 64, 59, 58]","dict_values([39, 44, 36, 43, 38, 46, 36, 34, 46, 46, 50, 48, 39, 43, 46, 40, 44, 41, 45, 44, 37, 43, 35, 40, 43, 47, 51, 42, 43, 45, 43, 46, 44, 49, 34, 33, 44, 46, 39, 37, 37, 39, 41, 42, 38, 48, 49, 40, 30, 43, 31, 43, 40, 43, 37, 45, 38, 39, 49, 43, 34, 30, 39, 44, 38, 45, 43, 36, 35, 36, 41, 48, 41, 50, 44])",0.04959650113101187
52,77.46666666666667,0.5277266511374614,"{0: 0.0057465302760910135, 1: 0.006800200741627793, 2: 0.0077088362216840125, 3: 0.003924509529194728, 4: 0.0059335856699002315, 5: 0.0051259696378491825, 6: 0.009101919404604995, 7: 0.005035720792727838, 8: 0.005742921804339837, 9: 0.003380831552197804, 10: 0.005887669817420802, 11: 0.005941354066916502, 12: 0.007578317139072914, 13: 0.005971574295216159, 14: 0.009715483042929886, 15: 0.005346595918226858, 16: 0.006964215315598051, 17: 0.005108460764605169, 18: 0.0061230971507558315, 19: 0.006289980888023961, 20: 0.006310646617549657, 21: 0.008939163523643894, 22: 0.004311131321496859, 23: 0.00513725226502158, 24: 0.005846810725230218, 25: 0.005686489231111628, 26: 0.006581195845339724, 27: 0.00800560320907598, 28: 0.006276929258434095, 29: 0.005602398884086699, 30: 0.008116633414326406, 31: 0.00726953721429958, 32: 0.007863507833709265, 33: 0.00606924168935678, 34: 0.007915339254903923, 35: 0.010624847145373565, 36: 0.0059523487064262245, 37: 0.004220982373944465, 38: 0.007220821155904724, 39: 0.005953961973396758, 40: 0.006461872469680907, 41: 0.007633284502875852, 42: 0.005378261585774485, 43: 0.005518957252375001, 44: 0.008971617638735309, 45: 0.00471139367806298, 46: 0.007825344719335417, 47: 0.0047011904207497, 48: 0.006029703093968019, 49: 0.0049504488177652154, 50: 0.00665536448352689, 51: 0.006329021320357487, 52: 0.008287515597250964, 53: 0.005983223961023607, 54: 0.007509565110988601, 55: 0.006003567513753045, 56: 0.006309128786510632, 57: 0.006224577573904803, 58: 0.005829283852784148, 59: 0.00713882375758645, 60: 0.007208345207740512, 61: 0.006919969557571989, 62: 0.007757377968686046, 63: 0.00630483900327549, 64: 0.0066633500107699944, 65: 0.006198450594454963, 66: 0.00869652671454518, 67: 0.008385002665480907, 68: 0.007459860629853255, 69: 0.008331531553475914, 70: 0.0068953435932492665, 71: 0.006058313370171811, 72: 0.004761427783591327, 73: 0.006901325389323998, 74: 0.005307043234708128}","[95, 93, 92, 92, 90, 88, 87, 87, 87, 86, 86, 86, 85, 85, 85, 84, 84, 82, 82, 82, 82, 82, 81, 81, 81, 81, 80, 79, 79, 79, 79, 79, 79, 79, 78, 77, 77, 77, 76, 76, 76, 76, 76, 75, 75, 75, 74, 74, 74, 74, 74, 74, 73, 73, 73, 73, 73, 73, 72, 72, 72, 72, 71, 71, 71, 70, 68, 68, 68, 67, 65, 65, 64, 60, 59]","dict_values([39, 44, 36, 43, 38, 46, 36, 34, 46, 46, 50, 48, 39, 43, 46, 40, 44, 41, 45, 44, 37, 43, 35, 40, 43, 47, 51, 42, 43, 45, 43, 46, 44, 49, 34, 33, 44, 46, 39, 37, 37, 39, 41, 42, 38, 48, 49, 40, 30, 43, 31, 43, 40, 43, 37, 45, 38, 39, 49, 43, 34, 30, 39, 44, 38, 45, 43, 36, 35, 36, 41, 48, 41, 50, 44])",0.05239432280387842
52,77.52,0.5277674317941943,"{0: 0.005632094883081631, 1: 0.006730139790498471, 2: 0.007684858879271345, 3: 0.003977401783406639, 4: 0.006036792518638684, 5: 0.005098717661456166, 6: 0.009255454547721314, 7: 0.005054020892291854, 8: 0.005905277239575499, 9: 0.0036560213009407113, 10: 0.005789358069575983, 11: 0.005865350515491414, 12: 0.007434005515901983, 13: 0.006332931559069675, 14: 0.009361502576190577, 15: 0.005553263676516046, 16: 0.006827602719213887, 17: 0.005228456357373636, 18: 0.006232769377928964, 19: 0.006098508385890487, 20: 0.006579146739972673, 21: 0.00916042778310206, 22: 0.0042839575857278765, 23: 0.0051746926403793475, 24: 0.005466836994818108, 25: 0.005638495784670928, 26: 0.006560910926790889, 27: 0.007864369486674619, 28: 0.006065630276870286, 29: 0.005368923326602079, 30: 0.007973636471119821, 31: 0.007111233628314633, 32: 0.008264755908178625, 33: 0.0059999800120206495, 34: 0.008110074723227398, 35: 0.011128884377478223, 36: 0.005952089416314478, 37: 0.004516505416593157, 38: 0.00744372659426992, 39: 0.0059153003905134775, 40: 0.00664548994357761, 41: 0.0074312546222300435, 42: 0.005101404870879181, 43: 0.005524948380253295, 44: 0.00910944838556937, 45: 0.0045460801817827756, 46: 0.007958540231258079, 47: 0.0048978367889274425, 48: 0.005884699696408176, 49: 0.004906710873321065, 50: 0.0065877742181365915, 51: 0.006182753904859979, 52: 0.008054225844772004, 53: 0.0059050603131590015, 54: 0.007492044254820631, 55: 0.006155045455711381, 56: 0.0063039927927940305, 57: 0.0059319139427375335, 58: 0.005534655364808714, 59: 0.007364643914365528, 60: 0.0072345454973886955, 61: 0.0069101163689578105, 62: 0.007424843721021025, 63: 0.006398644774963565, 64: 0.006435255959142163, 65: 0.00635991117033487, 66: 0.008401596299753063, 67: 0.008315914573477693, 68: 0.007790427495392886, 69: 0.008265144799791459, 70: 0.006829286413947519, 71: 0.0060409568062105646, 72: 0.004921553363340932, 73: 0.006604546248668133, 74: 0.005477861632141267}","[97, 94, 93, 93, 89, 88, 87, 87, 87, 86, 85, 85, 85, 84, 84, 84, 84, 83, 83, 83, 82, 81, 81, 81, 80, 80, 80, 79, 79, 79, 79, 79, 79, 78, 78, 78, 77, 77, 77, 77, 77, 76, 76, 75, 75, 74, 74, 74, 74, 74, 73, 73, 73, 73, 72, 72, 72, 72, 72, 72, 72, 72, 71, 71, 71, 70, 69, 69, 69, 68, 67, 65, 63, 61, 61]","dict_values([39, 44, 36, 43, 38, 46, 36, 34, 46, 46, 50, 48, 39, 43, 46, 40, 44, 41, 45, 44, 37, 43, 35, 40, 43, 47, 51, 42, 43, 45, 43, 46, 44, 49, 34, 33, 44, 46, 39, 37, 37, 39, 41, 42, 38, 48, 49, 40, 30, 43, 31, 43, 40, 43, 37, 45, 38, 39, 49, 43, 34, 30, 39, 44, 38, 45, 43, 36, 35, 36, 41, 48, 41, 50, 44])",0.0496055391721985
51,77.62666666666667,0.5281171618497247,"{0: 0.005366745945819702, 1: 0.007021703247230927, 2: 0.00739212716565333, 3: 0.004023221763680237, 4: 0.005976296018085484, 5: 0.005225984396595395, 6: 0.009189403302088141, 7: 0.005013700121023896, 8: 0.005999633778428762, 9: 0.00362417827439519, 10: 0.005772081990306675, 11: 0.005835549985996571, 12: 0.007153928708780265, 13: 0.006421920837927618, 14: 0.009468874293828786, 15: 0.005680631235453406, 16: 0.006589698382078646, 17: 0.004913073499201543, 18: 0.006664701721459324, 19: 0.006083382050132421, 20: 0.006549480083491115, 21: 0.009149201125201567, 22: 0.004494332708967745, 23: 0.005219651565094279, 24: 0.005485619675233458, 25: 0.005779607852887934, 26: 0.00642873686488387, 27: 0.007906257726280248, 28: 0.006088283664732231, 29: 0.005721481648464574, 30: 0.007676597634575924, 31: 0.0072638037532030165, 32: 0.008217533745370579, 33: 0.00601854276040393, 34: 0.0076330244565928325, 35: 0.010985438484041416, 36: 0.006016644661806347, 37: 0.00476734310592697, 38: 0.0072451376431941225, 39: 0.005785761058839822, 40: 0.007106021906313684, 41: 0.007224014664346886, 42: 0.005411223941699714, 43: 0.0054882883479952195, 44: 0.008794106280899657, 45: 0.004422556073122541, 46: 0.007661058943732356, 47: 0.004617379011454633, 48: 0.0061535635163398545, 49: 0.004838011193282245, 50: 0.00673726154065895, 51: 0.005859596391967107, 52: 0.008296870157843762, 53: 0.005694894251829676, 54: 0.007489730655595789, 55: 0.006339294644280367, 56: 0.006253045230393111, 57: 0.005806003384280342, 58: 0.005614781716886837, 59: 0.0074300550248173605, 60: 0.0071831871510109335, 61: 0.006975209599762614, 62: 0.007402357519999607, 63: 0.0063607350083423895, 64: 0.006359850139136152, 65: 0.0065039143837680264, 66: 0.0083009793607043, 67: 0.008323021324621123, 68: 0.007563611383770694, 69: 0.008389124859264073, 70: 0.00665808578239822, 71: 0.006389080992041322, 72: 0.005048572024144248, 73: 0.006450972196352632, 74: 0.0055269938042724134}","[97, 94, 92, 92, 90, 88, 87, 87, 86, 86, 86, 84, 84, 84, 84, 84, 84, 84, 83, 82, 82, 81, 81, 80, 80, 80, 80, 80, 80, 79, 79, 79, 79, 78, 78, 78, 77, 77, 77, 77, 77, 76, 76, 75, 75, 75, 74, 74, 74, 74, 74, 74, 74, 74, 73, 73, 73, 73, 72, 72, 72, 72, 71, 71, 71, 70, 70, 69, 68, 67, 67, 67, 63, 62, 60]","dict_values([39, 44, 36, 43, 38, 46, 36, 34, 46, 46, 50, 48, 39, 43, 46, 40, 44, 41, 45, 44, 37, 43, 35, 40, 43, 47, 51, 42, 43, 45, 43, 46, 44, 49, 34, 33, 44, 46, 39, 37, 37, 39, 41, 42, 38, 48, 49, 40, 30, 43, 31, 43, 40, 43, 37, 45, 38, 39, 49, 43, 34, 30, 39, 44, 38, 45, 43, 36, 35, 36, 41, 48, 41, 50, 44])",0.05072327202483952
51,77.86666666666666,0.5296617358428521,"{0: 0.005385187964381101, 1: 0.0068697714991290655, 2: 0.007348564789445072, 3: 0.004227849111491936, 4: 0.0057884163355571535, 5: 0.005331643660511038, 6: 0.009053529161815644, 7: 0.004593841940959123, 8: 0.005665785900225884, 9: 0.0037619268397924986, 10: 0.0058260716779588145, 11: 0.005567830679070766, 12: 0.006907074282029922, 13: 0.006415091955709586, 14: 0.009387639217241513, 15: 0.005508540306740634, 16: 0.006518121488129522, 17: 0.004848990740079648, 18: 0.006853139087253121, 19: 0.005987614484289701, 20: 0.006479452529813476, 21: 0.009139648391595553, 22: 0.0046778012778624515, 23: 0.0051398728595185225, 24: 0.005438340137714916, 25: 0.005768071011654963, 26: 0.006417904152896411, 27: 0.008174977594869421, 28: 0.006331773138369111, 29: 0.005812443164330963, 30: 0.007436475241675502, 31: 0.007043604042406633, 32: 0.008314060413333532, 33: 0.006016188464190651, 34: 0.007743633582424071, 35: 0.010732239135342372, 36: 0.005744040023718649, 37: 0.004953944375433526, 38: 0.007476016023513756, 39: 0.005680656353496683, 40: 0.007196236567628068, 41: 0.007316785892284934, 42: 0.0052324528505623335, 43: 0.0055782351830477575, 44: 0.008323219413377332, 45: 0.004610310692844125, 46: 0.007570040484275965, 47: 0.004411727901388585, 48: 0.006157183605509051, 49: 0.004687006181142553, 50: 0.006581669105838403, 51: 0.006031989605357823, 52: 0.008214505773074449, 53: 0.005394512261460557, 54: 0.007368677808039527, 55: 0.006539223546618898, 56: 0.006364049460392539, 57: 0.005804766447791592, 58: 0.006172777008272517, 59: 0.007378894158834477, 60: 0.007110184405550325, 61: 0.006872332426531115, 62: 0.007329818731234398, 63: 0.006583531574009817, 64: 0.006674219542022485, 65: 0.006618204655912724, 66: 0.0082033883986598, 67: 0.008270365308021449, 68: 0.007965790890987354, 69: 0.008289442433387468, 70: 0.006697013418612038, 71: 0.006415505055524851, 72: 0.004659246533178815, 73: 0.006372970053516936, 74: 0.005492669322568111}","[97, 94, 92, 91, 90, 88, 88, 87, 86, 86, 86, 86, 85, 85, 84, 84, 84, 84, 84, 83, 83, 81, 81, 81, 81, 81, 80, 80, 79, 79, 79, 79, 79, 79, 79, 78, 78, 78, 78, 77, 77, 77, 77, 76, 76, 75, 75, 75, 74, 74, 74, 74, 73, 73, 73, 73, 73, 73, 73, 72, 72, 71, 71, 70, 70, 69, 69, 68, 68, 68, 67, 67, 64, 64, 61]","dict_values([39, 44, 36, 43, 38, 46, 36, 34, 46, 46, 50, 48, 39, 43, 46, 40, 44, 41, 45, 44, 37, 43, 35, 40, 43, 47, 51, 42, 43, 45, 43, 46, 44, 49, 34, 33, 44, 46, 39, 37, 37, 39, 41, 42, 38, 48, 49, 40, 30, 43, 31, 43, 40, 43, 37, 45, 38, 39, 49, 43, 34, 30, 39, 44, 38, 45, 43, 36, 35, 36, 41, 48, 41, 50, 44])",0.04856914993432161
50,77.73333333333333,0.5285043264972907,"{0: 0.0056022674260402475, 1: 0.006922401173924419, 2: 0.007136617310965487, 3: 0.00418483235583171, 4: 0.005524469493881424, 5: 0.005176658595902321, 6: 0.008953150526830782, 7: 0.004550590475183925, 8: 0.005739975775485843, 9: 0.003846762756419619, 10: 0.0063410070149848095, 11: 0.005249145142303344, 12: 0.006749730454177611, 13: 0.006108554316259583, 14: 0.009327755911160883, 15: 0.005559837976375519, 16: 0.006584175389423669, 17: 0.004681699198199838, 18: 0.007043797920356913, 19: 0.006327112567206301, 20: 0.006050851630217053, 21: 0.009133924479015886, 22: 0.004797103944929843, 23: 0.0051647719709845006, 24: 0.005445793044800156, 25: 0.005949481249158013, 26: 0.006341732560624119, 27: 0.008268936302683886, 28: 0.0063844810575831475, 29: 0.0052832115349601885, 30: 0.007660649535077959, 31: 0.0066245507812167335, 32: 0.00870616750888383, 33: 0.0060770637485340956, 34: 0.008077679396340362, 35: 0.010436218476846077, 36: 0.005770135418600967, 37: 0.005108712267191913, 38: 0.007475094175070832, 39: 0.005828847666668218, 40: 0.007470871885623883, 41: 0.0072546443759948075, 42: 0.005111001565496357, 43: 0.005635377998140256, 44: 0.008692375056228656, 45: 0.005273870854383152, 46: 0.007970221763535887, 47: 0.004455270767240476, 48: 0.006197007200923067, 49: 0.004725926271943791, 50: 0.0063823876322407925, 51: 0.005922116088480035, 52: 0.008188207527266213, 53: 0.005376788387930006, 54: 0.007517348805782399, 55: 0.006809459943286372, 56: 0.006382684134508661, 57: 0.005766521194867204, 58: 0.006159193432882024, 59: 0.007339337081607336, 60: 0.006954247078566712, 61: 0.006727999638854476, 62: 0.0071585255025106926, 63: 0.006526256808794729, 64: 0.0065983434271098046, 65: 0.007051266020069214, 66: 0.008201151227512658, 67: 0.008225495446650867, 68: 0.007643311206137267, 69: 0.00821198159030028, 70: 0.006614586862920256, 71: 0.006404622251200564, 72: 0.004678995836019886, 73: 0.006308815663133446, 74: 0.005650143792351749}","[96, 93, 92, 91, 89, 89, 88, 87, 86, 86, 86, 85, 85, 85, 85, 84, 84, 84, 83, 83, 83, 82, 82, 80, 80, 80, 80, 80, 80, 79, 79, 79, 78, 78, 78, 78, 77, 77, 77, 77, 77, 76, 76, 76, 75, 75, 75, 75, 75, 75, 74, 74, 73, 73, 73, 73, 73, 72, 72, 71, 71, 71, 70, 70, 70, 70, 69, 69, 68, 68, 68, 67, 66, 63, 62]","dict_values([39, 44, 36, 43, 38, 46, 36, 34, 46, 46, 50, 48, 39, 43, 46, 40, 44, 41, 45, 44, 37, 43, 35, 40, 43, 47, 51, 42, 43, 45, 43, 46, 44, 49, 34, 33, 44, 46, 39, 37, 37, 39, 41, 42, 38, 48, 49, 40, 30, 43, 31, 43, 40, 43, 37, 45, 38, 39, 49, 43, 34, 30, 39, 44, 38, 45, 43, 36, 35, 36, 41, 48, 41, 50, 44])",0.04854337739673836
50,77.44,0.5263813384288333,"{0: 0.005872337010493371, 1: 0.006974348053476375, 2: 0.006948804267497672, 3: 0.0038271803056930944, 4: 0.005697583005372962, 5: 0.005466528225992115, 6: 0.00910849542451577, 7: 0.0045308419055731615, 8: 0.005750503418703991, 9: 0.0038078837367227776, 10: 0.00662400569446884, 11: 0.005449100095038567, 12: 0.006955055772001625, 13: 0.006320725969385803, 14: 0.009010963320666246, 15: 0.005726156910646123, 16: 0.006661445486293128, 17: 0.004646555908866417, 18: 0.0071330059339887114, 19: 0.006441219140433773, 20: 0.006043467064484355, 21: 0.009249023168727914, 22: 0.00494471432469697, 23: 0.005273252585328249, 24: 0.005362798752880489, 25: 0.006022426928380378, 26: 0.0065454175308724645, 27: 0.00778582761992411, 28: 0.006567606537207023, 29: 0.005497009424933629, 30: 0.007732738169189433, 31: 0.0064923185894944745, 32: 0.008655694094295193, 33: 0.005931797157397126, 34: 0.008143714575383144, 35: 0.009568212206148188, 36: 0.005836884663492258, 37: 0.005260702605684353, 38: 0.007252115236174073, 39: 0.005812007042033697, 40: 0.0073421417070215714, 41: 0.007565527452253119, 42: 0.005037222745423116, 43: 0.005518237840990882, 44: 0.008821702347207944, 45: 0.005362765684984223, 46: 0.008106641766205286, 47: 0.004320521081812696, 48: 0.006284718894026472, 49: 0.004616470014008049, 50: 0.006496439749182755, 51: 0.005928074802886553, 52: 0.008140323191235827, 53: 0.0054195291823071826, 54: 0.007028656322912872, 55: 0.006590324802944932, 56: 0.006505505280010626, 57: 0.0057762662210062475, 58: 0.006259810425601735, 59: 0.007270582905017185, 60: 0.007043009685519138, 61: 0.006614181291504533, 62: 0.0073068877400322444, 63: 0.006564949858556665, 64: 0.006728601671839327, 65: 0.00690464376437945, 66: 0.008281614240120467, 67: 0.008481347250455051, 68: 0.007476742266000546, 69: 0.008137185170233168, 70: 0.006701859314909334, 71: 0.006795962513805511, 72: 0.004766651520978861, 73: 0.006627419943734684, 74: 0.006065599197330367}","[93, 92, 92, 91, 88, 87, 87, 87, 86, 85, 85, 84, 84, 84, 84, 84, 83, 82, 82, 82, 82, 82, 81, 81, 81, 80, 80, 80, 80, 80, 79, 79, 78, 78, 78, 78, 78, 78, 77, 77, 77, 76, 76, 76, 76, 76, 76, 76, 75, 75, 74, 74, 74, 74, 73, 72, 72, 72, 72, 71, 71, 71, 70, 69, 69, 69, 69, 69, 68, 68, 67, 66, 66, 61, 59]","dict_values([39, 44, 36, 43, 38, 46, 36, 34, 46, 46, 50, 48, 39, 43, 46, 40, 44, 41, 45, 44, 37, 43, 35, 40, 43, 47, 51, 42, 43, 45, 43, 46, 44, 49, 34, 33, 44, 46, 39, 37, 37, 39, 41, 42, 38, 48, 49, 40, 30, 43, 31, 43, 40, 43, 37, 45, 38, 39, 49, 43, 34, 30, 39, 44, 38, 45, 43, 36, 35, 36, 41, 48, 41, 50, 44])",0.04545276677367214
49,77.49333333333334,0.5272258358479521,"{0: 0.005861524133911286, 1: 0.006890639137179104, 2: 0.006957059269931348, 3: 0.00382198098687533, 4: 0.005840233029487608, 5: 0.005569765578671286, 6: 0.009232817093484318, 7: 0.004349724807984447, 8: 0.005867928834508942, 9: 0.0035779551366658317, 10: 0.006575894091267482, 11: 0.00544511565018192, 12: 0.0067521841644257565, 13: 0.006444482480881422, 14: 0.00953173205048053, 15: 0.00539624534975045, 16: 0.006811273372282885, 17: 0.004622161193527234, 18: 0.006896052607645496, 19: 0.006560573775810303, 20: 0.005896654203221601, 21: 0.00876193136559606, 22: 0.0049430587615266215, 23: 0.005702260246319232, 24: 0.005140058671991095, 25: 0.006130708795272593, 26: 0.0065550243747271595, 27: 0.008078079538268583, 28: 0.0061942504351793415, 29: 0.005410338246457769, 30: 0.007727338758551627, 31: 0.006563317447732206, 32: 0.008923630988863663, 33: 0.005662332112729029, 34: 0.008199649366285977, 35: 0.009554412397350375, 36: 0.005612101601792232, 37: 0.0050921828986048665, 38: 0.007316512601311166, 39: 0.0055919613353546125, 40: 0.007222545917735432, 41: 0.007483937407147979, 42: 0.005022890601921055, 43: 0.005828463797347, 44: 0.008821221837103922, 45: 0.005472643500024971, 46: 0.008240976043152827, 47: 0.004459786863002966, 48: 0.00613796678748729, 49: 0.004802980835394981, 50: 0.006609174295580696, 51: 0.006238950622502779, 52: 0.00836120716866044, 53: 0.005341824674041713, 54: 0.007142739816977716, 55: 0.006738981692429753, 56: 0.006291569807711514, 57: 0.005792393774664151, 58: 0.006177120191709825, 59: 0.007551947606957578, 60: 0.007115766332450062, 61: 0.006639769947082913, 62: 0.007330465763364936, 63: 0.006061065172587285, 64: 0.006710148213375889, 65: 0.00689520511172838, 66: 0.008150206355468988, 67: 0.00884265472687504, 68: 0.007303647381814271, 69: 0.007735215625629537, 70: 0.006620993164921115, 71: 0.00652456607301337, 72: 0.004811943412119055, 73: 0.006572862050898185, 74: 0.006333372997078679}","[92, 92, 91, 91, 89, 89, 88, 86, 86, 86, 86, 85, 84, 84, 84, 83, 83, 83, 82, 82, 82, 82, 81, 81, 80, 80, 80, 80, 80, 79, 79, 79, 79, 79, 78, 78, 77, 77, 77, 77, 77, 77, 77, 77, 77, 76, 76, 76, 75, 74, 74, 73, 73, 73, 73, 73, 72, 72, 72, 71, 71, 71, 70, 70, 69, 69, 69, 69, 68, 68, 68, 66, 66, 60, 59]","dict_values([39, 44, 36, 43, 38, 46, 36, 34, 46, 46, 50, 48, 39, 43, 46, 40, 44, 41, 45, 44, 37, 43, 35, 40, 43, 47, 51, 42, 43, 45, 43, 46, 44, 49, 34, 33, 44, 46, 39, 37, 37, 39, 41, 42, 38, 48, 49, 40, 30, 43, 31, 43, 40, 43, 37, 45, 38, 39, 49, 43, 34, 30, 39, 44, 38, 45, 43, 36, 35, 36, 41, 48, 41, 50, 44])",0.0493602244022264
48,77.65333333333334,0.528168280560943,"{0: 0.00600989797301635, 1: 0.007090251053895504, 2: 0.0068800589965214085, 3: 0.0037845149108009977, 4: 0.005815560110204525, 5: 0.005329186558336577, 6: 0.008987889592326655, 7: 0.004464045011233521, 8: 0.00575046255064442, 9: 0.0037446457217647482, 10: 0.006551297037741703, 11: 0.005265917284872101, 12: 0.006678610303760556, 13: 0.006401954716947827, 14: 0.009030513948487645, 15: 0.0055415913121584755, 16: 0.006638430773062067, 17: 0.004586911185445949, 18: 0.006821833443553606, 19: 0.006613063948291562, 20: 0.005907355797211631, 21: 0.008733399941557507, 22: 0.005099530719280059, 23: 0.005950022053565212, 24: 0.005201762557882782, 25: 0.0059484304624151845, 26: 0.006718705478657123, 27: 0.007924686910952142, 28: 0.006320835446918504, 29: 0.0052723441988962476, 30: 0.0073373522409405, 31: 0.0064542799766587385, 32: 0.009289660053775257, 33: 0.005686589064133427, 34: 0.00807583304636316, 35: 0.009462813558058832, 36: 0.005562758283027655, 37: 0.005177062992407739, 38: 0.007205956803376682, 39: 0.005513806620626311, 40: 0.0070582372627383955, 41: 0.007565789988498754, 42: 0.00497637695072682, 43: 0.005598366276614375, 44: 0.008671823180073222, 45: 0.005517285048808609, 46: 0.008274808553900934, 47: 0.004651669089578611, 48: 0.006186710847970235, 49: 0.004767168960023796, 50: 0.006502377682722716, 51: 0.0060563383679694185, 52: 0.008066707740299536, 53: 0.005480972829449934, 54: 0.0070186268416051155, 55: 0.006697167263331313, 56: 0.006568073380022272, 57: 0.005722437032579903, 58: 0.00572843723372419, 59: 0.007689743391081572, 60: 0.006823463430283076, 61: 0.0067399212376537745, 62: 0.007724918852088536, 63: 0.006010809154878259, 64: 0.006720908227783029, 65: 0.007213899955664891, 66: 0.008211647969071128, 67: 0.008589471768848455, 68: 0.007737840269706397, 69: 0.0075123880557091925, 70: 0.006865314751593288, 71: 0.006349747167965106, 72: 0.004866857467967727, 73: 0.0067742345679819805, 74: 0.006567289282528911}","[92, 92, 91, 91, 90, 87, 87, 87, 87, 85, 85, 85, 85, 85, 84, 84, 83, 83, 82, 82, 82, 81, 81, 81, 81, 81, 80, 80, 79, 79, 79, 79, 79, 79, 79, 78, 78, 78, 78, 78, 77, 77, 77, 77, 77, 77, 76, 75, 74, 74, 74, 73, 73, 73, 72, 72, 72, 72, 72, 71, 71, 71, 70, 70, 70, 70, 70, 69, 69, 69, 69, 67, 66, 62, 59]","dict_values([39, 44, 36, 43, 38, 46, 36, 34, 46, 46, 50, 48, 39, 43, 46, 40, 44, 41, 45, 44, 37, 43, 35, 40, 43, 47, 51, 42, 43, 45, 43, 46, 44, 49, 34, 33, 44, 46, 39, 37, 37, 39, 41, 42, 38, 48, 49, 40, 30, 43, 31, 43, 40, 43, 37, 45, 38, 39, 49, 43, 34, 30, 39, 44, 38, 45, 43, 36, 35, 36, 41, 48, 41, 50, 44])",0.04890029699009783
48,77.57333333333334,0.527723793749696,"{0: 0.006106493252322067, 1: 0.00710779885991414, 2: 0.006954846704676617, 3: 0.0036590425983219475, 4: 0.005703105911479906, 5: 0.005385067977981779, 6: 0.008820110535920122, 7: 0.004462116989527141, 8: 0.005636717133622407, 9: 0.0037953377394761884, 10: 0.006532447353722628, 11: 0.005530257548550012, 12: 0.0067010042478527175, 13: 0.0061368894041434995, 14: 0.009319715502501227, 15: 0.005576640363099562, 16: 0.006479061568575448, 17: 0.004597712310775852, 18: 0.006859802511282953, 19: 0.006350901456564447, 20: 0.006063213015257329, 21: 0.008667926628198949, 22: 0.0048238003311778365, 23: 0.006090540781499303, 24: 0.005131143859114351, 25: 0.00621412381412395, 26: 0.006567405674306005, 27: 0.008207479992737472, 28: 0.006299208794091751, 29: 0.005426634514663748, 30: 0.00731112900891796, 31: 0.00641535097839917, 32: 0.009293934678002321, 33: 0.005679496466233857, 34: 0.007634326065612293, 35: 0.00944448141867687, 36: 0.005665881174754412, 37: 0.005072583051904276, 38: 0.00739741801538757, 39: 0.005613184968304235, 40: 0.006804460753523996, 41: 0.007604823548225049, 42: 0.005064147310026414, 43: 0.005606616306352806, 44: 0.008806353496831499, 45: 0.005478572941925442, 46: 0.00814836467301958, 47: 0.004490885004129377, 48: 0.00599518849739025, 49: 0.004798230843223709, 50: 0.006438677284045782, 51: 0.005805085945805544, 52: 0.0083299391501968, 53: 0.005261696952628677, 54: 0.007214170577006533, 55: 0.0067173552395876236, 56: 0.006861925988639189, 57: 0.005882508978186528, 58: 0.005979429641657008, 59: 0.007530089962853059, 60: 0.006924099522002409, 61: 0.006411801547695792, 62: 0.007845417115539714, 63: 0.006097617055923009, 64: 0.006553330160531297, 65: 0.0070927662830689705, 66: 0.00853599329818584, 67: 0.008779390801937008, 68: 0.007631326379873915, 69: 0.007590939081353242, 70: 0.006981441519648035, 71: 0.006417940871352496, 72: 0.004921852446999305, 73: 0.007126025444440636, 74: 0.006430204766151881}","[92, 92, 91, 90, 89, 88, 88, 87, 86, 86, 85, 85, 85, 85, 84, 84, 84, 83, 83, 82, 82, 82, 81, 81, 81, 81, 80, 80, 79, 79, 79, 79, 78, 78, 78, 78, 78, 78, 78, 77, 77, 77, 76, 76, 76, 76, 75, 75, 74, 74, 74, 74, 73, 73, 73, 73, 73, 73, 73, 72, 71, 70, 70, 70, 69, 69, 69, 69, 68, 68, 68, 67, 66, 62, 59]","dict_values([39, 44, 36, 43, 38, 46, 36, 34, 46, 46, 50, 48, 39, 43, 46, 40, 44, 41, 45, 44, 37, 43, 35, 40, 43, 47, 51, 42, 43, 45, 43, 46, 44, 49, 34, 33, 44, 46, 39, 37, 37, 39, 41, 42, 38, 48, 49, 40, 30, 43, 31, 43, 40, 43, 37, 45, 38, 39, 49, 43, 34, 30, 39, 44, 38, 45, 43, 36, 35, 36, 41, 48, 41, 50, 44])",0.05189168263261411
48,77.52,0.5273180547842633,"{0: 0.006140487484341935, 1: 0.006733035009683826, 2: 0.006920007471268276, 3: 0.0036506132333616183, 4: 0.005321739638003191, 5: 0.0055646816800185555, 6: 0.008796673385685894, 7: 0.004390958392775206, 8: 0.005643810579042426, 9: 0.003941065720178348, 10: 0.006921905601535311, 11: 0.005463670101062147, 12: 0.0068239884481861674, 13: 0.006338986986185025, 14: 0.009289022582465157, 15: 0.00568981691997453, 16: 0.006347430704009963, 17: 0.004569720318318118, 18: 0.006617259368872206, 19: 0.0061242285857900595, 20: 0.006055965380354221, 21: 0.008494664619948133, 22: 0.004799765297195483, 23: 0.00573671110882262, 24: 0.0052427097192343924, 25: 0.006557990377758959, 26: 0.006733181226701838, 27: 0.008541909343401127, 28: 0.006478241546378729, 29: 0.005545255771762458, 30: 0.007290214677904222, 31: 0.006412964358740372, 32: 0.009276320979799135, 33: 0.005804353183900347, 34: 0.007630252774973723, 35: 0.009617141366729783, 36: 0.005503573329830646, 37: 0.005270040061931906, 38: 0.007273199312377206, 39: 0.005247466219056369, 40: 0.006439118812939693, 41: 0.008136081884858856, 42: 0.004866233261943783, 43: 0.005458550793085096, 44: 0.008656609827036428, 45: 0.005769735964349984, 46: 0.00821537428124014, 47: 0.0046620584633725705, 48: 0.005969336349500102, 49: 0.005071560804926489, 50: 0.0061272754640066705, 51: 0.005687787107471706, 52: 0.00841850602349287, 53: 0.005288236220306882, 54: 0.007187194418401693, 55: 0.006691982484329388, 56: 0.006692740631628205, 57: 0.005705350679299911, 58: 0.005647550356723292, 59: 0.0079000394575766, 60: 0.006753272847848916, 61: 0.006520502546504236, 62: 0.007872198951390241, 63: 0.006100394311799666, 64: 0.006748187879457124, 65: 0.00689164430240241, 66: 0.008419070751006787, 67: 0.008977393300239564, 68: 0.007403223351785238, 69: 0.007652158215812167, 70: 0.0071669925579841915, 71: 0.00623283603488813, 72: 0.0050410334650810625, 73: 0.007198965620769867, 74: 0.006893015547558701}","[93, 91, 91, 89, 89, 88, 88, 87, 86, 86, 86, 86, 85, 85, 85, 84, 83, 83, 83, 82, 82, 81, 80, 80, 80, 80, 80, 79, 79, 79, 79, 79, 79, 79, 78, 78, 78, 78, 78, 77, 77, 77, 77, 77, 76, 75, 74, 74, 74, 73, 73, 73, 73, 73, 73, 73, 72, 72, 72, 71, 71, 71, 70, 70, 70, 70, 70, 69, 69, 69, 69, 66, 66, 63, 59]","dict_values([39, 44, 36, 43, 38, 46, 36, 34, 46, 46, 50, 48, 39, 43, 46, 40, 44, 41, 45, 44, 37, 43, 35, 40, 43, 47, 51, 42, 43, 45, 43, 46, 44, 49, 34, 33, 44, 46, 39, 37, 37, 39, 41, 42, 38, 48, 49, 40, 30, 43, 31, 43, 40, 43, 37, 45, 38, 39, 49, 43, 34, 30, 39, 44, 38, 45, 43, 36, 35, 36, 41, 48, 41, 50, 44])",0.04652092401423848
49,77.6,0.5278913657745093,"{0: 0.006342923685885405, 1: 0.006675040663600132, 2: 0.006730483996830849, 3: 0.00366372787099319, 4: 0.005324824491343744, 5: 0.005397092272841511, 6: 0.00838694441729154, 7: 0.0045408942668299385, 8: 0.005666378715010283, 9: 0.0040335361494058105, 10: 0.006882513054438139, 11: 0.005399855583639073, 12: 0.006691237367811025, 13: 0.006422730182777227, 14: 0.009474550279917053, 15: 0.005637171879196217, 16: 0.006531100912861475, 17: 0.0045994027608226885, 18: 0.0065722357583087735, 19: 0.006266312403936991, 20: 0.006369455098521505, 21: 0.008241916210091954, 22: 0.005005711400409867, 23: 0.005377340804234712, 24: 0.005180786168181092, 25: 0.0065341427630876475, 26: 0.006873167515101368, 27: 0.008277504610293706, 28: 0.006266399979747529, 29: 0.005484841431540771, 30: 0.007078611358127596, 31: 0.006308847789653815, 32: 0.009446774710456279, 33: 0.005983484432723487, 34: 0.007988234335957448, 35: 0.009553233886911568, 36: 0.006032633704107413, 37: 0.005221586195885292, 38: 0.007368799070197782, 39: 0.005253763977441308, 40: 0.006327514737911664, 41: 0.00810050211157114, 42: 0.005099265357183206, 43: 0.005619291894097542, 44: 0.008455307149710902, 45: 0.005561007638681237, 46: 0.00810283136177571, 47: 0.004620850849521375, 48: 0.006153934748186318, 49: 0.004743614117909515, 50: 0.006109719467920467, 51: 0.005949350620416889, 52: 0.008298390610927823, 53: 0.005146886725039207, 54: 0.00750242514561742, 55: 0.006538761192402131, 56: 0.006605384235813726, 57: 0.0055266843461851374, 58: 0.005709732796335752, 59: 0.007993849769719364, 60: 0.006702095865402874, 61: 0.006558741897419405, 62: 0.00765905100392905, 63: 0.006073602455936896, 64: 0.007141410388756023, 65: 0.006730802530427134, 66: 0.008338702587585458, 67: 0.008699516296796357, 68: 0.007521347416540371, 69: 0.007655447283706044, 70: 0.006931877839063594, 71: 0.006337389673289691, 72: 0.0049629149819276856, 73: 0.007173945994610175, 74: 0.006969542719429454}","[93, 92, 90, 89, 88, 88, 87, 87, 86, 86, 86, 85, 85, 84, 84, 84, 84, 83, 83, 82, 82, 82, 82, 81, 81, 80, 79, 79, 79, 79, 79, 79, 79, 79, 78, 78, 78, 78, 78, 77, 77, 77, 77, 77, 77, 76, 76, 76, 74, 74, 74, 73, 73, 73, 73, 73, 72, 72, 72, 71, 71, 71, 70, 70, 70, 69, 69, 69, 69, 68, 68, 67, 66, 64, 59]","dict_values([39, 44, 36, 43, 38, 46, 36, 34, 46, 46, 50, 48, 39, 43, 46, 40, 44, 41, 45, 44, 37, 43, 35, 40, 43, 47, 51, 42, 43, 45, 43, 46, 44, 49, 34, 33, 44, 46, 39, 37, 37, 39, 41, 42, 38, 48, 49, 40, 30, 43, 31, 43, 40, 43, 37, 45, 38, 39, 49, 43, 34, 30, 39, 44, 38, 45, 43, 36, 35, 36, 41, 48, 41, 50, 44])",0.0493846317355723
49,77.65333333333334,0.5284597324149957,"{0: 0.006634260131723961, 1: 0.007055473989504006, 2: 0.0063723456803223165, 3: 0.0036923146113214474, 4: 0.005768404500585931, 5: 0.005384719323940874, 6: 0.008596465229306495, 7: 0.004568947133801376, 8: 0.0057218271292621406, 9: 0.004042573517547885, 10: 0.0066535845003285864, 11: 0.005404265885601944, 12: 0.0068031230680834056, 13: 0.006872273792670665, 14: 0.009423165058326459, 15: 0.0058160256492734335, 16: 0.006450451504526243, 17: 0.004604070191740841, 18: 0.006614790941336304, 19: 0.00617251943696547, 20: 0.006399796059519229, 21: 0.007958554846471688, 22: 0.00497953657482016, 23: 0.0055802587292222905, 24: 0.004894034926038288, 25: 0.006658572246814184, 26: 0.007000928065058489, 27: 0.008093264934039576, 28: 0.005977947002974687, 29: 0.005319850496748357, 30: 0.006833660416442861, 31: 0.0059330883504796475, 32: 0.009504862609558745, 33: 0.006009748406694547, 34: 0.007484305403092542, 35: 0.009594212730402937, 36: 0.006095911360675187, 37: 0.005359936773092766, 38: 0.007608960304208428, 39: 0.00543057534697397, 40: 0.0065530276965902546, 41: 0.00802548389375718, 42: 0.005218269459763892, 43: 0.005305516901226395, 44: 0.008528416650454866, 45: 0.005599017242240552, 46: 0.008079317138522554, 47: 0.004603818179759449, 48: 0.0060813461948843826, 49: 0.004784619945595385, 50: 0.00600390765546895, 51: 0.005718738829526156, 52: 0.008544882429858316, 53: 0.005209205881642216, 54: 0.00749086325253968, 55: 0.006305932891302817, 56: 0.006413967205655068, 57: 0.005505206525088306, 58: 0.005557984425465203, 59: 0.008032143738391095, 60: 0.006493658881733514, 61: 0.006304483552554159, 62: 0.007973362335446006, 63: 0.006170269934652729, 64: 0.00709692945675377, 65: 0.00677104397343457, 66: 0.008224157681532214, 67: 0.008662963707001899, 68: 0.007467291829613144, 69: 0.007463693217929255, 70: 0.007093436077653807, 71: 0.006420368888049782, 72: 0.005173851830012335, 73: 0.006939144317650864, 74: 0.007151724039965233}","[93, 92, 90, 89, 89, 87, 87, 87, 87, 86, 85, 85, 85, 85, 84, 84, 84, 83, 83, 82, 82, 82, 81, 80, 80, 80, 80, 80, 80, 79, 79, 79, 79, 79, 78, 78, 78, 78, 77, 77, 77, 77, 77, 76, 76, 76, 76, 76, 75, 75, 74, 73, 73, 73, 73, 72, 72, 72, 72, 71, 71, 71, 71, 71, 70, 70, 70, 70, 69, 68, 67, 67, 66, 65, 59]","dict_values([39, 44, 36, 43, 38, 46, 36, 34, 46, 46, 50, 48, 39, 43, 46, 40, 44, 41, 45, 44, 37, 43, 35, 40, 43, 47, 51, 42, 43, 45, 43, 46, 44, 49, 34, 33, 44, 46, 39, 37, 37, 39, 41, 42, 38, 48, 49, 40, 30, 43, 31, 43, 40, 43, 37, 45, 38, 39, 49, 43, 34, 30, 39, 44, 38, 45, 43, 36, 35, 36, 41, 48, 41, 50, 44])",0.05108243833776114
49,77.62666666666667,0.5283710687278299,"{0: 0.006839019188949122, 1: 0.007624277034372626, 2: 0.006386246353821637, 3: 0.0038473606824456314, 4: 0.006044380570817155, 5: 0.005554608837800495, 6: 0.008617625917840498, 7: 0.004541863988475941, 8: 0.005871467623303612, 9: 0.0040145462710943, 10: 0.006502228239690637, 11: 0.005720477222726869, 12: 0.006808269403154167, 13: 0.006726504598017965, 14: 0.00944370441560776, 15: 0.005757061626869553, 16: 0.006437255402928023, 17: 0.004576863803093227, 18: 0.006814009504571377, 19: 0.0063371853167348904, 20: 0.006019051386641122, 21: 0.008193310144374277, 22: 0.00502180742622899, 23: 0.0055913640846389796, 24: 0.004774598487710941, 25: 0.006479153192602041, 26: 0.0074199242728108855, 27: 0.007977470579800918, 28: 0.005807041541240456, 29: 0.005350305215809608, 30: 0.006515213597814466, 31: 0.006055602013952085, 32: 0.009225898900078373, 33: 0.005764078313063385, 34: 0.007722014594422424, 35: 0.009603694674752009, 36: 0.006146395471920224, 37: 0.005117395731853571, 38: 0.007592357721264656, 39: 0.005221935693275377, 40: 0.006515645985393744, 41: 0.008067545382150204, 42: 0.005237279080173444, 43: 0.005362576387974757, 44: 0.008577862360719187, 45: 0.005650466545041669, 46: 0.00801645981432053, 47: 0.004461617732711252, 48: 0.005967367929300369, 49: 0.0048803834184608505, 50: 0.006408336288330682, 51: 0.005757922015425256, 52: 0.008803773358613456, 53: 0.005304174480537512, 54: 0.007380503243835008, 55: 0.006268547391639343, 56: 0.006625861636857816, 57: 0.005269523494964611, 58: 0.005239616617856705, 59: 0.008038445461743796, 60: 0.006487337821544265, 61: 0.006325843203797596, 62: 0.007947374574810127, 63: 0.005898916186543464, 64: 0.006856354864532916, 65: 0.006695688707593708, 66: 0.008248911369552978, 67: 0.008105941799893978, 68: 0.0077271107644997115, 69: 0.007276272336919554, 70: 0.007566637239908736, 71: 0.006349557148779397, 72: 0.0050894851717396845, 73: 0.006704486381974411, 74: 0.0073453740999761515}","[93, 91, 90, 89, 89, 88, 88, 87, 87, 86, 85, 85, 85, 84, 84, 84, 84, 83, 83, 83, 82, 82, 81, 81, 81, 81, 80, 80, 80, 80, 80, 79, 79, 78, 78, 78, 78, 77, 77, 77, 77, 77, 77, 77, 76, 76, 76, 76, 76, 75, 74, 73, 73, 73, 73, 73, 72, 72, 71, 71, 71, 70, 70, 70, 70, 69, 69, 69, 69, 67, 66, 66, 66, 65, 60]","dict_values([39, 44, 36, 43, 38, 46, 36, 34, 46, 46, 50, 48, 39, 43, 46, 40, 44, 41, 45, 44, 37, 43, 35, 40, 43, 47, 51, 42, 43, 45, 43, 46, 44, 49, 34, 33, 44, 46, 39, 37, 37, 39, 41, 42, 38, 48, 49, 40, 30, 43, 31, 43, 40, 43, 37, 45, 38, 39, 49, 43, 34, 30, 39, 44, 38, 45, 43, 36, 35, 36, 41, 48, 41, 50, 44])",0.04854824584746542
50,77.57333333333334,0.528559563739703,"{0: 0.006738084913413405, 1: 0.008004337744387295, 2: 0.006588352959218333, 3: 0.0037190833845644282, 4: 0.005911944994232735, 5: 0.00538381141557886, 6: 0.00831052048071588, 7: 0.004635725863196691, 8: 0.005866104679853035, 9: 0.0040845465356526955, 10: 0.006349735841843379, 11: 0.005961322515662234, 12: 0.006609112830830142, 13: 0.006753173522851587, 14: 0.0094008124772922, 15: 0.005476413152356428, 16: 0.006224690434074216, 17: 0.004460266454705425, 18: 0.0068036327745022215, 19: 0.00609185138475847, 20: 0.0058114630348320645, 21: 0.008395180095798985, 22: 0.005355490518199829, 23: 0.0057859857586826735, 24: 0.0046821337472355735, 25: 0.006466028541310515, 26: 0.007727098936440862, 27: 0.007957734263366881, 28: 0.005824805011443874, 29: 0.005341975628524946, 30: 0.006558101378571243, 31: 0.005908784582193042, 32: 0.009419923721345291, 33: 0.005710289965330128, 34: 0.007502449821743749, 35: 0.009011667339729858, 36: 0.0061540988456933975, 37: 0.005033776029676302, 38: 0.007236446768987205, 39: 0.005636214436895427, 40: 0.006417436993215112, 41: 0.008152289610336304, 42: 0.005281344300345475, 43: 0.00554849839406572, 44: 0.009025041642189991, 45: 0.0056902583252033505, 46: 0.008217892723128914, 47: 0.004385382751034332, 48: 0.005908283940657937, 49: 0.004753760101427135, 50: 0.0062528269899641935, 51: 0.005495189288539547, 52: 0.008895557713022832, 53: 0.0054246089889331064, 54: 0.007413919532217338, 55: 0.006191477454575075, 56: 0.006301719987620792, 57: 0.005411889279102258, 58: 0.0052703419717425835, 59: 0.008240655365679356, 60: 0.0066726663315224855, 61: 0.006189792547807707, 62: 0.008157863360579094, 63: 0.006182595002292114, 64: 0.007149622605644637, 65: 0.006580617574818101, 66: 0.00875563512222634, 67: 0.007902597239651634, 68: 0.007624979833411981, 69: 0.007495686450775658, 70: 0.007768614510109829, 71: 0.006517816066000438, 72: 0.004946307057029317, 73: 0.006407652171460387, 74: 0.007369008579610139}","[92, 92, 91, 89, 89, 89, 88, 88, 88, 87, 86, 86, 85, 85, 84, 84, 84, 83, 83, 83, 82, 82, 81, 81, 81, 80, 80, 80, 80, 79, 79, 79, 79, 78, 78, 77, 77, 77, 77, 77, 77, 76, 76, 76, 76, 76, 76, 76, 75, 75, 74, 74, 73, 73, 73, 72, 72, 72, 71, 71, 71, 71, 70, 70, 70, 70, 69, 68, 68, 66, 66, 66, 65, 65, 59]","dict_values([39, 44, 36, 43, 38, 46, 36, 34, 46, 46, 50, 48, 39, 43, 46, 40, 44, 41, 45, 44, 37, 43, 35, 40, 43, 47, 51, 42, 43, 45, 43, 46, 44, 49, 34, 33, 44, 46, 39, 37, 37, 39, 41, 42, 38, 48, 49, 40, 30, 43, 31, 43, 40, 43, 37, 45, 38, 39, 49, 43, 34, 30, 39, 44, 38, 45, 43, 36, 35, 36, 41, 48, 41, 50, 44])",0.05031503917206248
49,77.6,0.5286635527319326,"{0: 0.006893927919693996, 1: 0.008142275434558546, 2: 0.006594768539711455, 3: 0.0035274504644998476, 4: 0.005592966093991062, 5: 0.005747285387743297, 6: 0.008165485990244359, 7: 0.00474803158398778, 8: 0.0060686802360366806, 9: 0.004036760237674017, 10: 0.0059055348264813665, 11: 0.005925415668597515, 12: 0.006598731629758351, 13: 0.00655844087710889, 14: 0.009352672372761611, 15: 0.005646931805321517, 16: 0.006173915209553908, 17: 0.00448006343455529, 18: 0.006810415188289705, 19: 0.0059666705558949215, 20: 0.006020867758557741, 21: 0.008669461723375321, 22: 0.005515585915658376, 23: 0.005894419918261692, 24: 0.004871341255013704, 25: 0.006436919092836765, 26: 0.007595695091216271, 27: 0.008018258557298067, 28: 0.005995760320802837, 29: 0.005376790833210073, 30: 0.006503493878735507, 31: 0.005806777296918745, 32: 0.00926207233296673, 33: 0.005648689856894102, 34: 0.007370601851966528, 35: 0.008821233647203854, 36: 0.00635051511853169, 37: 0.004738384186793964, 38: 0.007114968587699043, 39: 0.005940496382325449, 40: 0.006519547863744494, 41: 0.008124532275757273, 42: 0.005187133430187534, 43: 0.005370120693045589, 44: 0.009243616522507072, 45: 0.00592053950542717, 46: 0.00846923031290311, 47: 0.004343269557883395, 48: 0.0060897165839687625, 49: 0.004557491543600907, 50: 0.006396753346049931, 51: 0.005525591545388113, 52: 0.008810252110197682, 53: 0.00527671945198163, 54: 0.00766712112895435, 55: 0.0061645390791046535, 56: 0.005984654699299241, 57: 0.005112417972118107, 58: 0.005280373962463941, 59: 0.008055658603421119, 60: 0.0068783101275418455, 61: 0.006394047267116331, 62: 0.008155034498687194, 63: 0.006434304200308644, 64: 0.007055250488983616, 65: 0.0064699698304315255, 66: 0.008724872269270278, 67: 0.0077496860093542634, 68: 0.007824154721473431, 69: 0.007461935401194691, 70: 0.007826248405881591, 71: 0.006731443198128657, 72: 0.004694629183946747, 73: 0.006391983168722352, 74: 0.0069279799463841255}","[93, 91, 90, 90, 89, 89, 88, 88, 88, 87, 86, 85, 85, 85, 85, 85, 84, 84, 83, 81, 81, 81, 81, 81, 81, 80, 80, 80, 80, 80, 79, 79, 79, 78, 78, 77, 77, 77, 77, 77, 77, 77, 77, 77, 76, 76, 76, 75, 75, 75, 74, 74, 74, 74, 73, 73, 73, 72, 72, 72, 71, 71, 71, 70, 69, 69, 68, 67, 67, 66, 66, 66, 66, 65, 57]","dict_values([39, 44, 36, 43, 38, 46, 36, 34, 46, 46, 50, 48, 39, 43, 46, 40, 44, 41, 45, 44, 37, 43, 35, 40, 43, 47, 51, 42, 43, 45, 43, 46, 44, 49, 34, 33, 44, 46, 39, 37, 37, 39, 41, 42, 38, 48, 49, 40, 30, 43, 31, 43, 40, 43, 37, 45, 38, 39, 49, 43, 34, 30, 39, 44, 38, 45, 43, 36, 35, 36, 41, 48, 41, 50, 44])",0.04759273036454459
49,77.6,0.5288173087656349,"{0: 0.007091389808655791, 1: 0.007828221875985072, 2: 0.006732173202220156, 3: 0.0034568027275931014, 4: 0.005587603740376237, 5: 0.0059182461320175005, 6: 0.008293323831697213, 7: 0.004845771178806901, 8: 0.005815714925058794, 9: 0.00414099272208052, 10: 0.005826125662856358, 11: 0.005951622517726227, 12: 0.006287233541314464, 13: 0.006681038997225557, 14: 0.009490490243747839, 15: 0.005810928753862194, 16: 0.006181386358088379, 17: 0.0043994608960026505, 18: 0.0068483719569571964, 19: 0.005860565823099137, 20: 0.005837224800514787, 21: 0.008906487075224298, 22: 0.005510045847359066, 23: 0.005998370610649279, 24: 0.004915814346962207, 25: 0.006685948282900775, 26: 0.00783510495705573, 27: 0.007893934824711672, 28: 0.006119545077717056, 29: 0.005450766613791722, 30: 0.0065379901528358235, 31: 0.006258028867335602, 32: 0.009306721328125758, 33: 0.006096112585311007, 34: 0.007305966139970074, 35: 0.008681645302857541, 36: 0.0065161550218758215, 37: 0.004789108969696757, 38: 0.007275294755072775, 39: 0.005997727764736567, 40: 0.006341296817329699, 41: 0.008061122006575331, 42: 0.0050517342255567066, 43: 0.005378037388993923, 44: 0.009231782945058603, 45: 0.006419707011970558, 46: 0.008253544031897304, 47: 0.0042610524632856975, 48: 0.006261540585066554, 49: 0.004436907760542121, 50: 0.0064055621112914084, 51: 0.005467467733898542, 52: 0.008332889060546262, 53: 0.005229730364936095, 54: 0.007691607255149574, 55: 0.006395307501857733, 56: 0.006162536499048335, 57: 0.005122475047708188, 58: 0.004952259911016056, 59: 0.007747456346465464, 60: 0.006436821537370559, 61: 0.006442993966666236, 62: 0.008146804565562167, 63: 0.00659126071351783, 64: 0.007145988389696807, 65: 0.006686711801077507, 66: 0.00851388885818641, 67: 0.007264610159324739, 68: 0.007863843039165541, 69: 0.007211164042138754, 70: 0.007771374318364261, 71: 0.006790238896532069, 72: 0.0045127793955670875, 73: 0.006220650552740533, 74: 0.006939280443979666}","[93, 91, 91, 90, 90, 88, 88, 88, 86, 86, 86, 85, 85, 84, 84, 84, 83, 83, 82, 82, 82, 82, 81, 81, 81, 81, 80, 80, 79, 79, 79, 79, 78, 78, 78, 78, 78, 78, 78, 78, 77, 77, 77, 77, 76, 76, 76, 76, 76, 75, 75, 75, 74, 74, 73, 73, 73, 73, 72, 72, 72, 71, 71, 69, 69, 68, 68, 68, 67, 66, 66, 66, 65, 64, 56]","dict_values([39, 44, 36, 43, 38, 46, 36, 34, 46, 46, 50, 48, 39, 43, 46, 40, 44, 41, 45, 44, 37, 43, 35, 40, 43, 47, 51, 42, 43, 45, 43, 46, 44, 49, 34, 33, 44, 46, 39, 37, 37, 39, 41, 42, 38, 48, 49, 40, 30, 43, 31, 43, 40, 43, 37, 45, 38, 39, 49, 43, 34, 30, 39, 44, 38, 45, 43, 36, 35, 36, 41, 48, 41, 50, 44])",0.04708789456902965
50,77.62666666666667,0.5290068982494005,"{0: 0.007360980555455898, 1: 0.008154712175723835, 2: 0.006522599789139442, 3: 0.003366892516823412, 4: 0.005815459459478079, 5: 0.0058533458477831165, 6: 0.007675285437662749, 7: 0.005029486020374894, 8: 0.006043725330116577, 9: 0.004066277356428234, 10: 0.00601796666853155, 11: 0.006010348789763133, 12: 0.006448603004996229, 13: 0.006500141416173219, 14: 0.009734086700536033, 15: 0.005837058158632304, 16: 0.00599121429479185, 17: 0.0043690619151707695, 18: 0.007166930707243349, 19: 0.005698266577506259, 20: 0.006110308285340749, 21: 0.009317408624168244, 22: 0.0054653830134236345, 23: 0.005977706541772128, 24: 0.004969642147404467, 25: 0.006666302661830588, 26: 0.007815394653057155, 27: 0.007891110694514682, 28: 0.0059439972631006, 29: 0.0056508596044237145, 30: 0.006168266327594647, 31: 0.006198189452088551, 32: 0.01001062872300218, 33: 0.0059283487528689165, 34: 0.007364078861854228, 35: 0.008322286686707847, 36: 0.006507777169241622, 37: 0.004610729872292082, 38: 0.007243921645303608, 39: 0.006004480582374873, 40: 0.006403230241880486, 41: 0.00795273536656093, 42: 0.005444746589660083, 43: 0.005470586671378874, 44: 0.00951410832118332, 45: 0.006541101315758071, 46: 0.008071066392534524, 47: 0.00422682141330574, 48: 0.0062219755123936234, 49: 0.004470837672311264, 50: 0.006755798194126258, 51: 0.005670662936550525, 52: 0.008378633809982538, 53: 0.004863091424190591, 54: 0.007227609655184684, 55: 0.006075199727091544, 56: 0.006021613500002569, 57: 0.005218683877436804, 58: 0.004941615747578598, 59: 0.007826177361884038, 60: 0.006477605053716212, 61: 0.0063643907918845095, 62: 0.00783265557602896, 63: 0.00632904170555248, 64: 0.007147763522105624, 65: 0.006661560156986735, 66: 0.008478183122071502, 67: 0.007280302384608194, 68: 0.007849109951995456, 69: 0.007279841402805373, 70: 0.007830942790654312, 71: 0.006602694930065748, 72: 0.004565139992946463, 73: 0.006063531504960979, 74: 0.006634446442614094}","[94, 93, 92, 91, 89, 88, 88, 86, 86, 85, 85, 85, 84, 84, 84, 84, 83, 83, 83, 82, 82, 82, 82, 81, 80, 80, 80, 80, 79, 79, 79, 79, 78, 78, 78, 78, 78, 78, 78, 77, 77, 77, 77, 77, 76, 76, 75, 75, 75, 75, 75, 75, 75, 74, 74, 74, 74, 73, 73, 72, 72, 72, 72, 70, 69, 69, 68, 67, 67, 66, 66, 65, 65, 64, 56]","dict_values([39, 44, 36, 43, 38, 46, 36, 34, 46, 46, 50, 48, 39, 43, 46, 40, 44, 41, 45, 44, 37, 43, 35, 40, 43, 47, 51, 42, 43, 45, 43, 46, 44, 49, 34, 33, 44, 46, 39, 37, 37, 39, 41, 42, 38, 48, 49, 40, 30, 43, 31, 43, 40, 43, 37, 45, 38, 39, 49, 43, 34, 30, 39, 44, 38, 45, 43, 36, 35, 36, 41, 48, 41, 50, 44])",0.04733286987216427
50,77.36,0.5275619607032003,"{0: 0.007486559151250438, 1: 0.008286282921704684, 2: 0.006644870962411537, 3: 0.0033745563917205396, 4: 0.005873503640984237, 5: 0.005601802175168054, 6: 0.00788059712279852, 7: 0.004991463760414331, 8: 0.00641829329510495, 9: 0.004211941653452179, 10: 0.006152537230173107, 11: 0.005774628251058388, 12: 0.006668007470327877, 13: 0.0066005452125850635, 14: 0.009920523550142796, 15: 0.0056549983046258545, 16: 0.0060060633923958145, 17: 0.004391646376820543, 18: 0.007252075385866023, 19: 0.005613449607710779, 20: 0.00633056680512786, 21: 0.009308642784499334, 22: 0.005539195830505812, 23: 0.0058156034363259996, 24: 0.0052050711605327584, 25: 0.006778425796601066, 26: 0.007843463809669824, 27: 0.00801395130193877, 28: 0.006147699132464006, 29: 0.005891808648916088, 30: 0.0062307918092291675, 31: 0.006238130839586058, 32: 0.01014562851195997, 33: 0.005846242029826094, 34: 0.00738985435045306, 35: 0.008378281699276669, 36: 0.007246396713528402, 37: 0.0045086568567563505, 38: 0.007254025887946218, 39: 0.006054556877115267, 40: 0.006054542703463268, 41: 0.007847149066928655, 42: 0.005268186161717133, 43: 0.005647594624748973, 44: 0.00932883735215892, 45: 0.006532872301701407, 46: 0.008086280561868239, 47: 0.004354432171009563, 48: 0.00637133127738876, 49: 0.004284735794527489, 50: 0.006792395356297577, 51: 0.0057192762941279335, 52: 0.008463370127130635, 53: 0.004855831638832025, 54: 0.0069699754256647185, 55: 0.005849835191996312, 56: 0.006107441894879559, 57: 0.005137710754856939, 58: 0.0047321519412838915, 59: 0.007949222149488153, 60: 0.0060828070453021205, 61: 0.006588484869011704, 62: 0.00791739951573803, 63: 0.006421028158347553, 64: 0.006989062570861811, 65: 0.006488254421002145, 66: 0.008574431550261372, 67: 0.007238175744597507, 68: 0.007716564761803347, 69: 0.007172905652651334, 70: 0.007905523267556494, 71: 0.00695199107809644, 72: 0.004554880570730282, 73: 0.005920301593924698, 74: 0.006527611850485554}","[93, 93, 91, 91, 89, 88, 88, 86, 86, 85, 84, 84, 84, 84, 83, 83, 83, 83, 82, 82, 81, 81, 81, 81, 81, 80, 80, 80, 80, 79, 79, 79, 79, 79, 78, 78, 78, 78, 77, 77, 77, 77, 77, 77, 76, 75, 75, 75, 75, 75, 75, 74, 74, 73, 73, 73, 73, 73, 72, 72, 72, 72, 71, 69, 68, 68, 68, 67, 67, 66, 66, 65, 64, 64, 56]","dict_values([39, 44, 36, 43, 38, 46, 36, 34, 46, 46, 50, 48, 39, 43, 46, 40, 44, 41, 45, 44, 37, 43, 35, 40, 43, 47, 51, 42, 43, 45, 43, 46, 44, 49, 34, 33, 44, 46, 39, 37, 37, 39, 41, 42, 38, 48, 49, 40, 30, 43, 31, 43, 40, 43, 37, 45, 38, 39, 49, 43, 34, 30, 39, 44, 38, 45, 43, 36, 35, 36, 41, 48, 41, 50, 44])",0.04547267693235614
50,77.2,0.5259821637744938,"{0: 0.0077283477421378425, 1: 0.008155734878728836, 2: 0.006817508882989904, 3: 0.0035836003104657344, 4: 0.0056685945555265795, 5: 0.005467260039178573, 6: 0.007950853144515872, 7: 0.005304056582795273, 8: 0.00654522772200264, 9: 0.0042436669212435815, 10: 0.006577213661585451, 11: 0.005516539714808487, 12: 0.006471801702947224, 13: 0.006839366326244728, 14: 0.009789304747407862, 15: 0.00611508685548166, 16: 0.00625708917184013, 17: 0.004617455386637408, 18: 0.007081921341301757, 19: 0.005605679460711986, 20: 0.006161381517390335, 21: 0.009290358504763901, 22: 0.005365718276492015, 23: 0.005753201748370872, 24: 0.004839882821807051, 25: 0.006954951983289359, 26: 0.007698340456640372, 27: 0.008216882779619218, 28: 0.006389670982056904, 29: 0.0060140017459740245, 30: 0.005910650880676042, 31: 0.006479027732392384, 32: 0.010196220844668244, 33: 0.006184121293792404, 34: 0.007820627346090512, 35: 0.008306697218961837, 36: 0.007352199017584574, 37: 0.004031618855468485, 38: 0.007005836406540404, 39: 0.006279543234550955, 40: 0.005925903291109019, 41: 0.007640896291209405, 42: 0.0052392276072439365, 43: 0.005720485292143025, 44: 0.009311006371730102, 45: 0.006567449622033392, 46: 0.007717161784279172, 47: 0.004394231627387636, 48: 0.006463022432121367, 49: 0.004484053377242528, 50: 0.007269130066018041, 51: 0.005763802101173883, 52: 0.007964220906308455, 53: 0.004836329884066601, 54: 0.00735050781704782, 55: 0.005917410080562326, 56: 0.00591498786196702, 57: 0.004937096884412895, 58: 0.004764525248289801, 59: 0.007964342195092722, 60: 0.006110859109274417, 61: 0.006649279231129389, 62: 0.007833808591113656, 63: 0.006464763180690975, 64: 0.0069483183609819876, 65: 0.006835612633259043, 66: 0.008418439713563026, 67: 0.007040430863898263, 68: 0.007647527118731276, 69: 0.007604410291035741, 70: 0.007400072724251517, 71: 0.006867872422198291, 72: 0.004720174931705193, 73: 0.005884082777933655, 74: 0.006325949833364768}","[93, 93, 91, 90, 88, 86, 86, 85, 84, 84, 84, 84, 84, 84, 83, 83, 83, 83, 82, 82, 82, 81, 81, 81, 81, 80, 80, 80, 80, 80, 79, 79, 79, 79, 78, 78, 78, 77, 77, 77, 77, 77, 76, 76, 76, 76, 76, 75, 75, 75, 75, 74, 74, 73, 73, 73, 73, 72, 72, 72, 72, 71, 71, 69, 68, 68, 67, 67, 67, 66, 66, 65, 65, 62, 57]","dict_values([39, 44, 36, 43, 38, 46, 36, 34, 46, 46, 50, 48, 39, 43, 46, 40, 44, 41, 45, 44, 37, 43, 35, 40, 43, 47, 51, 42, 43, 45, 43, 46, 44, 49, 34, 33, 44, 46, 39, 37, 37, 39, 41, 42, 38, 48, 49, 40, 30, 43, 31, 43, 40, 43, 37, 45, 38, 39, 49, 43, 34, 30, 39, 44, 38, 45, 43, 36, 35, 36, 41, 48, 41, 50, 44])",0.053575427826548686
50,77.14666666666666,0.5255978436043328,"{0: 0.008094873426951591, 1: 0.008184263084909344, 2: 0.006698782947863664, 3: 0.003684913059959885, 4: 0.005580577653739603, 5: 0.0054731715900623945, 6: 0.007389033918013195, 7: 0.005093961162326222, 8: 0.00652444593331194, 9: 0.004078764258482512, 10: 0.006738933977679021, 11: 0.005250028930934668, 12: 0.006684975845923624, 13: 0.006752529430934715, 14: 0.00987933863366067, 15: 0.006271879245476427, 16: 0.006246376029001397, 17: 0.004590029235500226, 18: 0.006951229095870984, 19: 0.005761899478642176, 20: 0.006334028218996752, 21: 0.009025617068990176, 22: 0.005454104590113965, 23: 0.005987054406787787, 24: 0.004786101680266689, 25: 0.006853213868671609, 26: 0.007834297515877291, 27: 0.008397884823740688, 28: 0.006854401773144249, 29: 0.006005098225980103, 30: 0.005857123086811166, 31: 0.006886635350070312, 32: 0.010266668522650551, 33: 0.006021099476493503, 34: 0.00781425960764012, 35: 0.008592094034714495, 36: 0.007642171934570293, 37: 0.004160186230507123, 38: 0.006867566800687065, 39: 0.006507548091604975, 40: 0.005901567116303536, 41: 0.007320040706575649, 42: 0.005254771102784735, 43: 0.006041301836193059, 44: 0.009208950968501602, 45: 0.0065497037325183685, 46: 0.007682446606038781, 47: 0.004035872130304676, 48: 0.006597851763263773, 49: 0.004570704262101281, 50: 0.007255731015855133, 51: 0.005961859276978193, 52: 0.00844329712860379, 53: 0.004677825561926204, 54: 0.007521636858678742, 55: 0.0059610580035891255, 56: 0.005869314962330334, 57: 0.005006965794443307, 58: 0.004741412113569183, 59: 0.007896669629418119, 60: 0.006057131922051377, 61: 0.0062132280794172995, 62: 0.007333095644073931, 63: 0.006077054622659276, 64: 0.006702261162691033, 65: 0.006797328983739208, 66: 0.008426562533118336, 67: 0.0068694216819481, 68: 0.007817044008883224, 69: 0.007665066366724562, 70: 0.007268982244076358, 71: 0.006868681605231366, 72: 0.004689672886308694, 73: 0.006332191153268019, 74: 0.006161002855465792}","[93, 92, 90, 89, 89, 86, 85, 85, 85, 84, 84, 84, 84, 84, 83, 83, 83, 82, 82, 82, 82, 82, 81, 81, 80, 80, 80, 80, 80, 79, 79, 79, 79, 79, 78, 78, 78, 78, 78, 77, 77, 77, 76, 76, 75, 75, 75, 75, 75, 75, 75, 75, 74, 73, 73, 73, 73, 73, 72, 72, 72, 72, 71, 68, 68, 68, 68, 67, 66, 66, 65, 65, 63, 63, 58]","dict_values([39, 44, 36, 43, 38, 46, 36, 34, 46, 46, 50, 48, 39, 43, 46, 40, 44, 41, 45, 44, 37, 43, 35, 40, 43, 47, 51, 42, 43, 45, 43, 46, 44, 49, 34, 33, 44, 46, 39, 37, 37, 39, 41, 42, 38, 48, 49, 40, 30, 43, 31, 43, 40, 43, 37, 45, 38, 39, 49, 43, 34, 30, 39, 44, 38, 45, 43, 36, 35, 36, 41, 48, 41, 50, 44])",0.052962745815166586
50,77.28,0.5268398746216612,"{0: 0.008018563105305626, 1: 0.008166572749016865, 2: 0.006856675918142861, 3: 0.0035726852903613083, 4: 0.0057610317537294875, 5: 0.00520762798222626, 6: 0.007360671836856194, 7: 0.005051071569824245, 8: 0.006806937844021377, 9: 0.0039061663481084565, 10: 0.006703836841562991, 11: 0.005258595030707237, 12: 0.006690032556567508, 13: 0.00708700760363996, 14: 0.009496476295389791, 15: 0.005708692093780087, 16: 0.0062092203876102535, 17: 0.004531574008822763, 18: 0.007257892697182082, 19: 0.006124521566588112, 20: 0.006310486345391278, 21: 0.008795563919506776, 22: 0.005685444597758699, 23: 0.006016565773644127, 24: 0.0048250385494395314, 25: 0.00662681922224828, 26: 0.007747789131896718, 27: 0.008309674429204118, 28: 0.006994682605853846, 29: 0.005931680430571345, 30: 0.005396716258365916, 31: 0.0069464787560098665, 32: 0.010235697098071348, 33: 0.005771442930273021, 34: 0.007753603808326822, 35: 0.008542358142485388, 36: 0.0079776780105341, 37: 0.004227319792850328, 38: 0.006899463142026679, 39: 0.006401266313953432, 40: 0.0059814206179064945, 41: 0.0074441192099430255, 42: 0.005196642827815738, 43: 0.005951838199417605, 44: 0.009591750655484031, 45: 0.006617033726976751, 46: 0.008008500415266481, 47: 0.004024784116400649, 48: 0.006388198282107614, 49: 0.0044958330542605035, 50: 0.0069751710170941035, 51: 0.005973772670862648, 52: 0.008272139068876612, 53: 0.004813759423317304, 54: 0.007574292348290945, 55: 0.00533112666480733, 56: 0.005974990195684166, 57: 0.005186274095245321, 58: 0.004713485941907455, 59: 0.007889858241091738, 60: 0.005995526445216207, 61: 0.006028172945679091, 62: 0.007203604813481059, 63: 0.006154445548649486, 64: 0.006635825464091701, 65: 0.006530528682359012, 66: 0.008479892096455426, 67: 0.00741766643308814, 68: 0.007903910376216745, 69: 0.007841742034276232, 70: 0.007751699041644273, 71: 0.006665343855875296, 72: 0.004517648462407924, 73: 0.006088105893904311, 74: 0.006138559845876882}","[94, 93, 89, 88, 88, 86, 86, 85, 85, 85, 85, 85, 84, 84, 84, 84, 83, 83, 83, 82, 82, 82, 82, 81, 81, 81, 80, 80, 80, 80, 80, 79, 79, 79, 78, 78, 78, 78, 77, 77, 77, 77, 76, 76, 76, 76, 76, 76, 76, 75, 75, 74, 74, 73, 73, 73, 73, 72, 71, 71, 71, 71, 71, 69, 68, 68, 68, 66, 66, 66, 65, 65, 64, 63, 57]","dict_values([39, 44, 36, 43, 38, 46, 36, 34, 46, 46, 50, 48, 39, 43, 46, 40, 44, 41, 45, 44, 37, 43, 35, 40, 43, 47, 51, 42, 43, 45, 43, 46, 44, 49, 34, 33, 44, 46, 39, 37, 37, 39, 41, 42, 38, 48, 49, 40, 30, 43, 31, 43, 40, 43, 37, 45, 38, 39, 49, 43, 34, 30, 39, 44, 38, 45, 43, 36, 35, 36, 41, 48, 41, 50, 44])",0.050641407581726236
49,77.17333333333333,0.525839818125786,"{0: 0.008071337058318221, 1: 0.00814511618412155, 2: 0.006949937784852704, 3: 0.003559241629910744, 4: 0.00581169129440676, 5: 0.005250551765201986, 6: 0.007638620403971891, 7: 0.004940586576752209, 8: 0.006781835772298126, 9: 0.004021414304869744, 10: 0.006775827847436174, 11: 0.004936470220891848, 12: 0.006797576903087452, 13: 0.007175489685663182, 14: 0.009336278887865512, 15: 0.005662455838755638, 16: 0.00622330323365334, 17: 0.004544622652215666, 18: 0.007304916610870183, 19: 0.0061935752779808334, 20: 0.0060869546549626105, 21: 0.00868209116303063, 22: 0.0057263849504479835, 23: 0.00606807366513767, 24: 0.0048882942398695076, 25: 0.006636145609590596, 26: 0.007590452059343395, 27: 0.008536676060628318, 28: 0.006896263723036357, 29: 0.0060280619025113984, 30: 0.005313788090788509, 31: 0.006862098940607808, 32: 0.009769527169041045, 33: 0.005606577180493216, 34: 0.008174146011050444, 35: 0.00874885072054524, 36: 0.007719809975516865, 37: 0.004268692497105244, 38: 0.006842652376765692, 39: 0.006578959483322088, 40: 0.006057296638891489, 41: 0.007449562288697345, 42: 0.005228915462521375, 43: 0.006244442379347732, 44: 0.009182785665107829, 45: 0.006278164279474162, 46: 0.007848852606152038, 47: 0.004089501792394342, 48: 0.006392124133738854, 49: 0.004494271402596808, 50: 0.006838631729404776, 51: 0.006095885298717083, 52: 0.008441919735196311, 53: 0.0049867889717370335, 54: 0.0074137122484649745, 55: 0.005173800469478506, 56: 0.006305875344334038, 57: 0.005164308202547511, 58: 0.004935537384415778, 59: 0.007909394728475825, 60: 0.006347409680210245, 61: 0.005937704190361936, 62: 0.007667051618935451, 63: 0.006224195293050265, 64: 0.00666438989347467, 65: 0.006659648275527238, 66: 0.008099034745870443, 67: 0.007739644035653096, 68: 0.007845904119134606, 69: 0.0078890640388992, 70: 0.0076469006793494325, 71: 0.006462817143100327, 72: 0.004514161247330625, 73: 0.006109755277158796, 74: 0.0061849505370560175}","[91, 91, 90, 87, 87, 86, 85, 85, 85, 85, 85, 84, 84, 84, 84, 84, 84, 84, 83, 83, 82, 82, 81, 81, 81, 81, 80, 80, 80, 79, 79, 79, 79, 79, 79, 78, 78, 78, 78, 77, 77, 77, 76, 76, 76, 76, 76, 76, 76, 75, 74, 74, 74, 74, 74, 73, 73, 71, 71, 71, 70, 70, 69, 69, 69, 68, 67, 67, 66, 66, 65, 65, 64, 64, 57]","dict_values([39, 44, 36, 43, 38, 46, 36, 34, 46, 46, 50, 48, 39, 43, 46, 40, 44, 41, 45, 44, 37, 43, 35, 40, 43, 47, 51, 42, 43, 45, 43, 46, 44, 49, 34, 33, 44, 46, 39, 37, 37, 39, 41, 42, 38, 48, 49, 40, 30, 43, 31, 43, 40, 43, 37, 45, 38, 39, 49, 43, 34, 30, 39, 44, 38, 45, 43, 36, 35, 36, 41, 48, 41, 50, 44])",0.05199566913696521
50,77.28,0.5262588747104441,"{0: 0.008266922542762508, 1: 0.008281250562091117, 2: 0.0071104414762393625, 3: 0.003545530491400259, 4: 0.005625057800237543, 5: 0.0052423475556947945, 6: 0.007074725433155354, 7: 0.005041760133783094, 8: 0.006769108454572975, 9: 0.003946752998246202, 10: 0.006723325305234263, 11: 0.004997861763780429, 12: 0.00700102024521827, 13: 0.0070207572434272955, 14: 0.009272585123906357, 15: 0.005629625508816706, 16: 0.00635268197349233, 17: 0.004644259736246057, 18: 0.007586118369482264, 19: 0.006187876460518425, 20: 0.006174184427077453, 21: 0.008527774282818939, 22: 0.005805510644655995, 23: 0.005987781995552394, 24: 0.004815778866672158, 25: 0.006856597961154778, 26: 0.007109318686651929, 27: 0.008250672788569223, 28: 0.006705024799719788, 29: 0.006140060720014791, 30: 0.00543269366954506, 31: 0.007137318049080318, 32: 0.009965873439705458, 33: 0.005304033387105888, 34: 0.008096389470848963, 35: 0.008869156554777973, 36: 0.007648248989634533, 37: 0.004235150600280752, 38: 0.007062924979523418, 39: 0.006120875238720834, 40: 0.006065849773180479, 41: 0.007654125902323541, 42: 0.005112047030539779, 43: 0.006294235587217024, 44: 0.009060701060380767, 45: 0.005845055422948811, 46: 0.007705319746503083, 47: 0.0040506691416955405, 48: 0.006240637498912323, 49: 0.004697480783207595, 50: 0.006859857967685817, 51: 0.006246340938353704, 52: 0.008511906714735108, 53: 0.005240759163343278, 54: 0.007462765713312798, 55: 0.005387583026785894, 56: 0.006315403526354791, 57: 0.004959022054417557, 58: 0.004783699865182988, 59: 0.007640253580580627, 60: 0.006608979367863742, 61: 0.006080751311138902, 62: 0.00762315521570798, 63: 0.006308938060621669, 64: 0.006779157479512944, 65: 0.006623174222206191, 66: 0.008369518170190056, 67: 0.0075470504587603245, 68: 0.007819054182656923, 69: 0.007621647565497175, 70: 0.007633704536930872, 71: 0.00645875269462019, 72: 0.004588919901057593, 73: 0.006058121693166352, 74: 0.006109267361824726}","[92, 91, 90, 87, 87, 87, 86, 86, 85, 85, 84, 84, 84, 84, 84, 84, 84, 83, 83, 82, 82, 81, 81, 81, 81, 80, 80, 80, 80, 80, 80, 79, 79, 79, 78, 78, 78, 78, 78, 77, 77, 77, 77, 76, 76, 76, 76, 76, 76, 75, 75, 75, 74, 74, 74, 73, 72, 72, 71, 71, 71, 70, 69, 69, 69, 68, 68, 68, 67, 66, 66, 65, 64, 64, 57]","dict_values([39, 44, 36, 43, 38, 46, 36, 34, 46, 46, 50, 48, 39, 43, 46, 40, 44, 41, 45, 44, 37, 43, 35, 40, 43, 47, 51, 42, 43, 45, 43, 46, 44, 49, 34, 33, 44, 46, 39, 37, 37, 39, 41, 42, 38, 48, 49, 40, 30, 43, 31, 43, 40, 43, 37, 45, 38, 39, 49, 43, 34, 30, 39, 44, 38, 45, 43, 36, 35, 36, 41, 48, 41, 50, 44])",0.05340729024228891
50,77.62666666666667,0.5283566086095312,"{0: 0.008134143371093907, 1: 0.007732300675039034, 2: 0.007194401490878014, 3: 0.003425535726215931, 4: 0.0057505380822799315, 5: 0.005728671601108882, 6: 0.0067509113247241565, 7: 0.004862711714664247, 8: 0.006703931910933085, 9: 0.0039253181562184875, 10: 0.006473456872293655, 11: 0.005141990555400227, 12: 0.006903717805087516, 13: 0.007069562729112448, 14: 0.009088293647313884, 15: 0.005342951189711116, 16: 0.006228429309766259, 17: 0.0046382040962681306, 18: 0.007498182985540508, 19: 0.00613814449022418, 20: 0.006226659194506581, 21: 0.008245880391907915, 22: 0.005871472366029642, 23: 0.005875462689590507, 24: 0.004985385792740659, 25: 0.006838929870635362, 26: 0.007378368193998878, 27: 0.008014658892090298, 28: 0.006784939355589555, 29: 0.005693027892452732, 30: 0.005579976342661082, 31: 0.00724675398182813, 32: 0.010053919863324259, 33: 0.005134543495119825, 34: 0.008296565828097752, 35: 0.008964789379437914, 36: 0.007690078652576766, 37: 0.004341249972469386, 38: 0.006831430153412716, 39: 0.006276487237466569, 40: 0.0060505031525086754, 41: 0.007788298286603125, 42: 0.005041972069771685, 43: 0.006590920064010208, 44: 0.008803466936529296, 45: 0.005916028754574717, 46: 0.007207273292991389, 47: 0.004022981154112786, 48: 0.00613397926777104, 49: 0.004707120800250208, 50: 0.006800171207013809, 51: 0.0065446053189927985, 52: 0.00790139405909856, 53: 0.0054522088934411085, 54: 0.007746547733627932, 55: 0.005515801435573892, 56: 0.0067344761992758715, 57: 0.0049252768743423, 58: 0.00473525045753722, 59: 0.007436196428448451, 60: 0.006744830073801821, 61: 0.0059856918807483055, 62: 0.007691811468762024, 63: 0.006229618460061475, 64: 0.00633667885767363, 65: 0.006780539884978598, 66: 0.00845717383273681, 67: 0.007388480418950217, 68: 0.007377127590524266, 69: 0.00754753582178923, 70: 0.007687220795895158, 71: 0.00655224495706471, 72: 0.004647251052919056, 73: 0.005819749610091604, 74: 0.006160364972405042}","[93, 91, 90, 87, 87, 87, 86, 86, 85, 85, 85, 85, 85, 84, 83, 83, 83, 83, 83, 83, 81, 81, 81, 81, 81, 81, 81, 80, 80, 80, 80, 80, 80, 79, 79, 79, 78, 78, 78, 78, 78, 77, 77, 77, 77, 77, 77, 76, 76, 76, 75, 75, 75, 74, 74, 74, 73, 73, 73, 72, 71, 71, 70, 69, 68, 68, 68, 68, 68, 68, 67, 65, 65, 64, 56]","dict_values([39, 44, 36, 43, 38, 46, 36, 34, 46, 46, 50, 48, 39, 43, 46, 40, 44, 41, 45, 44, 37, 43, 35, 40, 43, 47, 51, 42, 43, 45, 43, 46, 44, 49, 34, 33, 44, 46, 39, 37, 37, 39, 41, 42, 38, 48, 49, 40, 30, 43, 31, 43, 40, 43, 37, 45, 38, 39, 49, 43, 34, 30, 39, 44, 38, 45, 43, 36, 35, 36, 41, 48, 41, 50, 44])",0.047669667914062415
50,77.44,0.5272994790640946,"{0: 0.008240187189417863, 1: 0.007462174440650245, 2: 0.007193624366280439, 3: 0.0032400351990649295, 4: 0.005870192679656391, 5: 0.005602270136717742, 6: 0.006788133302065119, 7: 0.0046940482326889, 8: 0.006783172296496111, 9: 0.0038333996476234925, 10: 0.006349837317867239, 11: 0.005163708880282177, 12: 0.006629185210713366, 13: 0.007281882506357226, 14: 0.009721861647730663, 15: 0.005323851016683443, 16: 0.006399638970985257, 17: 0.0045080060949333365, 18: 0.0075722602351528025, 19: 0.005799267354968358, 20: 0.006427279734098026, 21: 0.00816165565801754, 22: 0.005793773558880825, 23: 0.005961344839093477, 24: 0.005150619924235938, 25: 0.007020720042673494, 26: 0.0073051220198139385, 27: 0.007780101344393336, 28: 0.006601217019118659, 29: 0.005598917563922626, 30: 0.005443890345671952, 31: 0.007227474794999594, 32: 0.010166703505418833, 33: 0.005243041876397317, 34: 0.008388249779252052, 35: 0.008674090276401975, 36: 0.007972791401581542, 37: 0.004677883773204398, 38: 0.007102441939503716, 39: 0.0065144934108154195, 40: 0.005873199626102646, 41: 0.007862536564018932, 42: 0.005005805523167389, 43: 0.006435853871634603, 44: 0.008971499409444837, 45: 0.00605555375742943, 46: 0.0071027971606822575, 47: 0.004136527926133077, 48: 0.005947245538927226, 49: 0.0048805404717924715, 50: 0.006629106785836727, 51: 0.006075109710374967, 52: 0.007787455791451317, 53: 0.005332025667217141, 54: 0.007869328990941815, 55: 0.0055659370730563535, 56: 0.006984646240233306, 57: 0.005385111138359027, 58: 0.0045671503695787884, 59: 0.007645863618887246, 60: 0.006296574032708878, 61: 0.005806809078839785, 62: 0.007639263486909419, 63: 0.006394285624766466, 64: 0.006410043172276739, 65: 0.007324129876344294, 66: 0.008094870112965353, 67: 0.007733411689316031, 68: 0.007540152309017946, 69: 0.007852291380931048, 70: 0.007834794841948173, 71: 0.006578916836780039, 72: 0.004712825971501437, 73: 0.005567670440490397, 74: 0.006250702085101347}","[93, 91, 89, 89, 87, 86, 86, 85, 85, 85, 85, 84, 84, 84, 84, 83, 83, 83, 83, 83, 82, 82, 81, 81, 81, 81, 81, 80, 80, 80, 80, 79, 79, 79, 79, 78, 78, 78, 78, 78, 78, 77, 77, 77, 76, 76, 76, 76, 76, 75, 74, 74, 74, 74, 73, 73, 73, 72, 72, 71, 71, 71, 70, 70, 70, 68, 68, 68, 67, 67, 67, 66, 65, 64, 55]","dict_values([39, 44, 36, 43, 38, 46, 36, 34, 46, 46, 50, 48, 39, 43, 46, 40, 44, 41, 45, 44, 37, 43, 35, 40, 43, 47, 51, 42, 43, 45, 43, 46, 44, 49, 34, 33, 44, 46, 39, 37, 37, 39, 41, 42, 38, 48, 49, 40, 30, 43, 31, 43, 40, 43, 37, 45, 38, 39, 49, 43, 34, 30, 39, 44, 38, 45, 43, 36, 35, 36, 41, 48, 41, 50, 44])",0.049353413928921105
50,77.41333333333333,0.5269341528677747,"{0: 0.008344106882110633, 1: 0.007498564626170639, 2: 0.006653082827598307, 3: 0.0034175258949433757, 4: 0.005806875989868488, 5: 0.005853838110690974, 6: 0.0068405263170374896, 7: 0.004571840243985737, 8: 0.006947215386908674, 9: 0.003902861756662926, 10: 0.006176402007739429, 11: 0.005299563170428631, 12: 0.006730145064315824, 13: 0.007183800728955431, 14: 0.009367247078663671, 15: 0.005198954403701422, 16: 0.006592503879597345, 17: 0.004325571251197351, 18: 0.007352257495486668, 19: 0.005866702177705924, 20: 0.006378750589167643, 21: 0.0078024964175258185, 22: 0.006076694485719423, 23: 0.006181280445737952, 24: 0.005057913842807756, 25: 0.0069988387004014645, 26: 0.006834054234218937, 27: 0.007620089649679204, 28: 0.0065957562233549, 29: 0.005544743481059576, 30: 0.005527522724181573, 31: 0.007542964148922321, 32: 0.009759114104532257, 33: 0.0050437611419802434, 34: 0.008456723816994185, 35: 0.008565062857641834, 36: 0.008122732313431968, 37: 0.004801000867488645, 38: 0.007210624160106303, 39: 0.006737481808217872, 40: 0.006175204530898109, 41: 0.008059361987645841, 42: 0.005030462299537521, 43: 0.00660759213492116, 44: 0.00901283712454747, 45: 0.006099052784715847, 46: 0.007017931265675415, 47: 0.004290501626825073, 48: 0.00570990994309866, 49: 0.0049196340614412375, 50: 0.006745911363104626, 51: 0.005907711774250597, 52: 0.007789763005312896, 53: 0.005457815216775206, 54: 0.008180172556379222, 55: 0.005595002438058534, 56: 0.00701562177058771, 57: 0.005251442069282047, 58: 0.004829128961005616, 59: 0.007623016440735679, 60: 0.00633678696114024, 61: 0.005759670217359515, 62: 0.007156161552791429, 63: 0.00647582706395071, 64: 0.006477398738593579, 65: 0.007521894470761116, 66: 0.00791289322039233, 67: 0.008188856138361582, 68: 0.007357721199584189, 69: 0.00790847266601305, 70: 0.00792033098627927, 71: 0.006476905997067917, 72: 0.004578009903346748, 73: 0.0055428802383615085, 74: 0.0062846283167289916}","[92, 91, 88, 87, 87, 87, 86, 85, 85, 85, 85, 85, 84, 84, 84, 83, 83, 82, 82, 82, 82, 82, 81, 81, 81, 81, 80, 80, 80, 80, 79, 79, 79, 79, 79, 79, 78, 78, 78, 78, 78, 78, 78, 76, 76, 76, 76, 75, 75, 75, 75, 75, 75, 74, 74, 73, 73, 73, 72, 72, 71, 71, 70, 70, 69, 69, 68, 67, 67, 67, 67, 66, 64, 64, 56]","dict_values([39, 44, 36, 43, 38, 46, 36, 34, 46, 46, 50, 48, 39, 43, 46, 40, 44, 41, 45, 44, 37, 43, 35, 40, 43, 47, 51, 42, 43, 45, 43, 46, 44, 49, 34, 33, 44, 46, 39, 37, 37, 39, 41, 42, 38, 48, 49, 40, 30, 43, 31, 43, 40, 43, 37, 45, 38, 39, 49, 43, 34, 30, 39, 44, 38, 45, 43, 36, 35, 36, 41, 48, 41, 50, 44])",0.05141402298144065
50,77.6,0.5280726205823272,"{0: 0.007999474092991647, 1: 0.007623011614356171, 2: 0.006891309769432762, 3: 0.0032668064928666556, 4: 0.00559297368020095, 5: 0.005862984662124903, 6: 0.0067644630351316, 7: 0.0049959024986076465, 8: 0.006977923822816547, 9: 0.0037209043188498195, 10: 0.006163466129563625, 11: 0.005380713681569068, 12: 0.006880753223675582, 13: 0.00696316379593375, 14: 0.009315401214304015, 15: 0.005159571131766309, 16: 0.006711944147504747, 17: 0.0043819371769071415, 18: 0.007187540880263069, 19: 0.005916794771814688, 20: 0.006299030412777192, 21: 0.007940632241617042, 22: 0.005933650775194478, 23: 0.005837291137058632, 24: 0.0049316719759496, 25: 0.007211934938608316, 26: 0.006186117144776177, 27: 0.007391460132527357, 28: 0.00653650864464215, 29: 0.005508768836926946, 30: 0.005683578934496879, 31: 0.007599443256597419, 32: 0.009922851861374331, 33: 0.005055324937135854, 34: 0.008345223212163492, 35: 0.008501999700931101, 36: 0.008152714493021598, 37: 0.004910824075584779, 38: 0.0069535771442968235, 39: 0.006667709233388371, 40: 0.006236800933497401, 41: 0.008024245483814845, 42: 0.00515288994781869, 43: 0.006561595266107303, 44: 0.00901091982089364, 45: 0.0059746405993647955, 46: 0.007001351875164942, 47: 0.004386518169848083, 48: 0.005874782377186379, 49: 0.005089920136265739, 50: 0.006959062587776708, 51: 0.006017735490019601, 52: 0.007624534653725388, 53: 0.004875476099398001, 54: 0.008135902317467048, 55: 0.005677889405900881, 56: 0.00652386441567315, 57: 0.005102201392383291, 58: 0.005181661304908604, 59: 0.007734810554427887, 60: 0.0062513859612317755, 61: 0.005986047906269592, 62: 0.007392756215842896, 63: 0.006639936938711323, 64: 0.006092560424886778, 65: 0.007604487225124455, 66: 0.007812976902187995, 67: 0.008058858817506152, 68: 0.007352512914136919, 69: 0.008199041332207557, 70: 0.007854776208584425, 71: 0.006676218280965136, 72: 0.004343407156645292, 73: 0.005570350095482251, 74: 0.006398413526985777}","[93, 91, 88, 87, 87, 87, 86, 85, 85, 85, 85, 85, 85, 85, 84, 84, 83, 83, 83, 82, 82, 82, 81, 81, 80, 80, 80, 80, 80, 80, 80, 80, 79, 79, 79, 79, 79, 78, 78, 78, 78, 78, 78, 77, 77, 76, 76, 76, 76, 75, 75, 75, 74, 74, 74, 73, 73, 73, 73, 73, 72, 71, 71, 70, 69, 69, 69, 68, 67, 67, 66, 66, 65, 63, 55]","dict_values([39, 44, 36, 43, 38, 46, 36, 34, 46, 46, 50, 48, 39, 43, 46, 40, 44, 41, 45, 44, 37, 43, 35, 40, 43, 47, 51, 42, 43, 45, 43, 46, 44, 49, 34, 33, 44, 46, 39, 37, 37, 39, 41, 42, 38, 48, 49, 40, 30, 43, 31, 43, 40, 43, 37, 45, 38, 39, 49, 43, 34, 30, 39, 44, 38, 45, 43, 36, 35, 36, 41, 48, 41, 50, 44])",0.049818259113614635
49,77.57333333333334,0.5279029806106553,"{0: 0.008153225448629176, 1: 0.007754772660252093, 2: 0.0067551918299404105, 3: 0.0033257179729328833, 4: 0.005642534839757509, 5: 0.005883322900379753, 6: 0.0069611303704216684, 7: 0.005028742504194707, 8: 0.0074159188830033645, 9: 0.0036653393178603146, 10: 0.006244507772404154, 11: 0.005217281254066032, 12: 0.0071727225301919766, 13: 0.006484385081111976, 14: 0.009195325538351142, 15: 0.0047620339439523995, 16: 0.006625046082082517, 17: 0.0045223150861375015, 18: 0.007281033238327502, 19: 0.006004846080098377, 20: 0.00653205201519579, 21: 0.007788364966441575, 22: 0.006121951949731883, 23: 0.005978594022226605, 24: 0.005091250622464933, 25: 0.007204338853844885, 26: 0.006202780704632727, 27: 0.0072267122132251655, 28: 0.006427353311334662, 29: 0.005396971395264651, 30: 0.005665835034264391, 31: 0.007418964865772914, 32: 0.00982317583488278, 33: 0.0048042409963811, 34: 0.008368448534106338, 35: 0.008652938443462375, 36: 0.008368758720034678, 37: 0.0050213219580344795, 38: 0.007146490987268851, 39: 0.0066086799806202206, 40: 0.00641058255753541, 41: 0.008165689036621694, 42: 0.004955589758800743, 43: 0.006675198178676087, 44: 0.009014671890303987, 45: 0.005646207329928084, 46: 0.00711690157906212, 47: 0.004477339469923158, 48: 0.006034417089556795, 49: 0.005501598838566865, 50: 0.00701787074771909, 51: 0.006105292027735984, 52: 0.007255567020434915, 53: 0.00476088843787869, 54: 0.008207590748070034, 55: 0.005518886363332135, 56: 0.006533556241038829, 57: 0.005058106181567424, 58: 0.004931985372771369, 59: 0.007608305364308081, 60: 0.0062496465881978856, 61: 0.006142105432491263, 62: 0.007374968015972233, 63: 0.006409316169168058, 64: 0.006224476217567585, 65: 0.007499833871206077, 66: 0.00791023349639187, 67: 0.008139143647951192, 68: 0.007228753141448735, 69: 0.008218620702142672, 70: 0.007596297765138589, 71: 0.006833090441171902, 72: 0.004377230299296644, 73: 0.005353996453737684, 74: 0.00639442737263239}","[93, 91, 89, 87, 86, 86, 86, 86, 85, 85, 85, 85, 84, 84, 84, 84, 83, 82, 82, 82, 82, 81, 81, 81, 80, 80, 80, 80, 80, 80, 80, 80, 80, 79, 79, 79, 79, 79, 79, 79, 79, 79, 78, 78, 77, 76, 76, 76, 76, 75, 75, 75, 74, 74, 74, 73, 73, 72, 72, 72, 72, 71, 70, 70, 70, 69, 68, 67, 67, 67, 66, 66, 65, 63, 56]","dict_values([39, 44, 36, 43, 38, 46, 36, 34, 46, 46, 50, 48, 39, 43, 46, 40, 44, 41, 45, 44, 37, 43, 35, 40, 43, 47, 51, 42, 43, 45, 43, 46, 44, 49, 34, 33, 44, 46, 39, 37, 37, 39, 41, 42, 38, 48, 49, 40, 30, 43, 31, 43, 40, 43, 37, 45, 38, 39, 49, 43, 34, 30, 39, 44, 38, 45, 43, 36, 35, 36, 41, 48, 41, 50, 44])",0.050492650858556934
49,77.84,0.5300459998952282,"{0: 0.008003096042178201, 1: 0.00768653247983903, 2: 0.00663143830719575, 3: 0.003189811951684354, 4: 0.00559270775254614, 5: 0.005874039123476624, 6: 0.00700763644093774, 7: 0.005147906266674591, 8: 0.007050037260449221, 9: 0.003433999967612529, 10: 0.006522029762984322, 11: 0.005163870166707831, 12: 0.007022398310666087, 13: 0.006223990003026506, 14: 0.009002741491672473, 15: 0.004848045545977778, 16: 0.0065224446367221425, 17: 0.004620910236629915, 18: 0.007005415519199123, 19: 0.0062069964634358385, 20: 0.00645661149338217, 21: 0.007777681407304176, 22: 0.0060309135364884445, 23: 0.005913950264115742, 24: 0.005096709925764898, 25: 0.007000159879722695, 26: 0.006073748213731662, 27: 0.007474196908451529, 28: 0.006383721554997107, 29: 0.0056394315856811966, 30: 0.005677263242056694, 31: 0.007438977235279429, 32: 0.009691892034739887, 33: 0.004543787710553837, 34: 0.00848228634061446, 35: 0.008230613666304114, 36: 0.009164803487671803, 37: 0.0047963096690903624, 38: 0.007262934908809116, 39: 0.006599487614253902, 40: 0.006289814854765388, 41: 0.00820594249776734, 42: 0.005118782987141888, 43: 0.006795408465787872, 44: 0.008926626199088461, 45: 0.00618479504417563, 46: 0.0072378869471279444, 47: 0.004482516418553899, 48: 0.006462922455667175, 49: 0.0050544005055465566, 50: 0.006945470528726198, 51: 0.0059454656687942895, 52: 0.007503750401611019, 53: 0.004779544563460545, 54: 0.008274393810248472, 55: 0.00567692568750261, 56: 0.006391084209805721, 57: 0.004867864472077594, 58: 0.005096976158696835, 59: 0.007996580589239412, 60: 0.005896954569464683, 61: 0.006130583633487686, 62: 0.00705242991735475, 63: 0.006379329265470021, 64: 0.006189061436730519, 65: 0.0074476583400490135, 66: 0.007774357049312003, 67: 0.007741974618121915, 68: 0.00700697848498599, 69: 0.00822071646122764, 70: 0.00793162583161704, 71: 0.006626532192582222, 72: 0.004338470991124796, 73: 0.005211467778743299, 74: 0.006365014912218995}","[93, 92, 88, 88, 88, 88, 87, 87, 86, 86, 85, 85, 84, 84, 84, 84, 83, 83, 83, 82, 82, 81, 81, 81, 81, 81, 81, 80, 80, 80, 80, 80, 79, 79, 79, 79, 79, 79, 79, 79, 79, 79, 78, 78, 78, 77, 76, 76, 76, 75, 75, 75, 74, 74, 74, 74, 73, 73, 73, 72, 72, 72, 72, 70, 69, 69, 68, 68, 68, 67, 67, 66, 64, 62, 55]","dict_values([39, 44, 36, 43, 38, 46, 36, 34, 46, 46, 50, 48, 39, 43, 46, 40, 44, 41, 45, 44, 37, 43, 35, 40, 43, 47, 51, 42, 43, 45, 43, 46, 44, 49, 34, 33, 44, 46, 39, 37, 37, 39, 41, 42, 38, 48, 49, 40, 30, 43, 31, 43, 40, 43, 37, 45, 38, 39, 49, 43, 34, 30, 39, 44, 38, 45, 43, 36, 35, 36, 41, 48, 41, 50, 44])",0.05095990745210317
49,77.73333333333333,0.528840503625003,"{0: 0.00849497445108258, 1: 0.007711867330967732, 2: 0.00668319705394945, 3: 0.0034277976550872646, 4: 0.005652220062254974, 5: 0.005871800533512412, 6: 0.007194609931093547, 7: 0.004903554768903487, 8: 0.007192873751206346, 9: 0.0033886956209259354, 10: 0.006439517641773317, 11: 0.005202891809194329, 12: 0.007219403285628023, 13: 0.006232056193447093, 14: 0.008996444481946034, 15: 0.004682759400975533, 16: 0.006780606881850587, 17: 0.004674014818790428, 18: 0.006890620730823622, 19: 0.006272903373406958, 20: 0.0066036845168378384, 21: 0.00753405747052051, 22: 0.006279127128140348, 23: 0.00594620907313926, 24: 0.005165151471837629, 25: 0.00703646130665533, 26: 0.00604771929364313, 27: 0.00793625758862745, 28: 0.006221789354731924, 29: 0.005827858741110934, 30: 0.005657678746289366, 31: 0.007257896745559043, 32: 0.009485061013358106, 33: 0.004583674723248365, 34: 0.008388081996241002, 35: 0.007633153127929194, 36: 0.009402709675767763, 37: 0.004789421532046278, 38: 0.007311741723120802, 39: 0.006701253954399981, 40: 0.006483373136735547, 41: 0.007870236776079625, 42: 0.005000622634460107, 43: 0.006632803876087459, 44: 0.008416813708470786, 45: 0.006190760876575859, 46: 0.007756601429998042, 47: 0.004734402700187328, 48: 0.006400224369036194, 49: 0.004932671046489703, 50: 0.006732823319366113, 51: 0.005648378099189722, 52: 0.008010327839375124, 53: 0.004773095033096315, 54: 0.008188632964171747, 55: 0.005891975716534413, 56: 0.00651229638192806, 57: 0.005115281632744262, 58: 0.005109707363054173, 59: 0.00799520483319321, 60: 0.005890014255346938, 61: 0.006133186882946824, 62: 0.006937417958097657, 63: 0.006409167814896664, 64: 0.006208675306185849, 65: 0.007369106756054779, 66: 0.007617539710776481, 67: 0.007421876896967315, 68: 0.006820548736472142, 69: 0.008261933207112986, 70: 0.008085904164727651, 71: 0.006623043211736104, 72: 0.0043375179371364396, 73: 0.005126981685665754, 74: 0.0064213556298747245}","[92, 91, 89, 88, 87, 87, 87, 86, 85, 85, 85, 85, 84, 84, 83, 83, 83, 83, 83, 83, 82, 82, 81, 81, 81, 81, 80, 80, 80, 80, 80, 80, 80, 79, 79, 79, 79, 79, 79, 79, 78, 78, 78, 78, 77, 77, 77, 76, 76, 75, 75, 75, 75, 74, 74, 74, 74, 72, 72, 72, 72, 72, 71, 70, 69, 69, 69, 68, 67, 67, 67, 66, 64, 61, 57]","dict_values([39, 44, 36, 43, 38, 46, 36, 34, 46, 46, 50, 48, 39, 43, 46, 40, 44, 41, 45, 44, 37, 43, 35, 40, 43, 47, 51, 42, 43, 45, 43, 46, 44, 49, 34, 33, 44, 46, 39, 37, 37, 39, 41, 42, 38, 48, 49, 40, 30, 43, 31, 43, 40, 43, 37, 45, 38, 39, 49, 43, 34, 30, 39, 44, 38, 45, 43, 36, 35, 36, 41, 48, 41, 50, 44])",0.047697807225300023
49,78.21333333333334,0.5325396311842661,"{0: 0.008392554869371472, 1: 0.007543410141819766, 2: 0.006702505262126556, 3: 0.003517831479912121, 4: 0.005520838281527478, 5: 0.00562604232838561, 6: 0.00693918345867631, 7: 0.004897217690133779, 8: 0.007571037121714355, 9: 0.003288747255796053, 10: 0.006558674166745394, 11: 0.005086437465849031, 12: 0.007409376934215442, 13: 0.006422759721814777, 14: 0.00901766423123476, 15: 0.004600271228716828, 16: 0.006823545577605973, 17: 0.004534775031427068, 18: 0.006756721586794927, 19: 0.006312789132049658, 20: 0.0066254771249393395, 21: 0.007316829701332405, 22: 0.006169749472175868, 23: 0.006067651075049856, 24: 0.0050074859211055615, 25: 0.00691644086346358, 26: 0.005818071946412624, 27: 0.007735859073382147, 28: 0.006318896586645749, 29: 0.005370726662402045, 30: 0.005867416620078047, 31: 0.007282235995383322, 32: 0.009718252187859815, 33: 0.004536456985268865, 34: 0.007972118088795235, 35: 0.007893728495600827, 36: 0.00890346837983596, 37: 0.004839918824524189, 38: 0.00728750114906934, 39: 0.006669264777075647, 40: 0.006700328999052847, 41: 0.008287870840322077, 42: 0.004923123496611219, 43: 0.006296225325270767, 44: 0.00802582862496137, 45: 0.006285331588097444, 46: 0.007764918574769171, 47: 0.004798579018388041, 48: 0.0064515187807670845, 49: 0.0048941744176685805, 50: 0.006591072849319406, 51: 0.005440288532787321, 52: 0.008047769822478859, 53: 0.004531949579837492, 54: 0.008743184656229511, 55: 0.005820830524796855, 56: 0.006582130439185268, 57: 0.0050065201041162586, 58: 0.0048314866155176875, 59: 0.007904759834226399, 60: 0.006140611937481089, 61: 0.005856803830726644, 62: 0.006922785476438598, 63: 0.006556666852726194, 64: 0.006170462825028628, 65: 0.007259619002122221, 66: 0.0075633825361086605, 67: 0.007001126201903301, 68: 0.006818584259254704, 69: 0.007897305660092004, 70: 0.007941206891388022, 71: 0.006765018726797556, 72: 0.004066795157883052, 73: 0.005235217182411589, 74: 0.006486791567202113}","[94, 90, 90, 88, 88, 87, 87, 86, 86, 86, 86, 86, 84, 84, 84, 84, 83, 83, 83, 83, 83, 83, 83, 82, 82, 82, 81, 81, 81, 81, 81, 81, 80, 80, 80, 80, 80, 80, 79, 79, 79, 79, 78, 78, 78, 78, 78, 78, 76, 75, 75, 75, 75, 75, 74, 74, 74, 73, 73, 72, 72, 71, 71, 70, 70, 70, 69, 67, 67, 67, 66, 65, 64, 61, 58]","dict_values([39, 44, 36, 43, 38, 46, 36, 34, 46, 46, 50, 48, 39, 43, 46, 40, 44, 41, 45, 44, 37, 43, 35, 40, 43, 47, 51, 42, 43, 45, 43, 46, 44, 49, 34, 33, 44, 46, 39, 37, 37, 39, 41, 42, 38, 48, 49, 40, 30, 43, 31, 43, 40, 43, 37, 45, 38, 39, 49, 43, 34, 30, 39, 44, 38, 45, 43, 36, 35, 36, 41, 48, 41, 50, 44])",0.0489092168557263
50,78.26666666666667,0.533170704423431,"{0: 0.008149699806491944, 1: 0.007729681604877586, 2: 0.00669919332274489, 3: 0.00351380036145513, 4: 0.005785688402295335, 5: 0.005625068111724759, 6: 0.0069362850402630806, 7: 0.004792667694947705, 8: 0.007572185716121137, 9: 0.003308557385311976, 10: 0.006666449928973241, 11: 0.005106017758634138, 12: 0.007650307366976962, 13: 0.006384565286329003, 14: 0.009305260315022974, 15: 0.004572508808561647, 16: 0.006819474055508807, 17: 0.004633462429236052, 18: 0.006753032288403771, 19: 0.0060342865347636394, 20: 0.006801917794979696, 21: 0.007402269341298529, 22: 0.005999912619124672, 23: 0.006102334939806817, 24: 0.004883991207143906, 25: 0.0069174805886837954, 26: 0.005811883296043158, 27: 0.007683895533222186, 28: 0.006345248763256093, 29: 0.005331813528154039, 30: 0.0059045469519852355, 31: 0.007211787089373128, 32: 0.009720694723255954, 33: 0.0042043977168681745, 34: 0.007760024191253155, 35: 0.007762301355439308, 36: 0.008869560662516967, 37: 0.004978658242739848, 38: 0.007452353770078502, 39: 0.006642375377543867, 40: 0.006860521566219288, 41: 0.008324511092409274, 42: 0.00501908280785412, 43: 0.006437319283783532, 44: 0.008028148805101415, 45: 0.0062444021714449455, 46: 0.007670881849155984, 47: 0.004710633835278443, 48: 0.006462339894225301, 49: 0.005046285609501296, 50: 0.006673689746342884, 51: 0.00527084156586914, 52: 0.007932411281632936, 53: 0.004615454821367803, 54: 0.008834978746675524, 55: 0.005759003491240603, 56: 0.006559564969900302, 57: 0.0050215132986169055, 58: 0.004825339942059077, 59: 0.007942996388175033, 60: 0.006091211592219244, 61: 0.005604346720635252, 62: 0.006828919484717723, 63: 0.006766764457723972, 64: 0.0061574079792510745, 65: 0.007353207931549115, 66: 0.007576162254347609, 67: 0.007167957794179999, 68: 0.006737229779928517, 69: 0.0077319438019617945, 70: 0.007498301530278434, 71: 0.0068513199134609465, 72: 0.004061905584363567, 73: 0.005103963419727448, 74: 0.0064837670587309425}","[94, 91, 90, 88, 87, 87, 87, 86, 85, 85, 85, 85, 85, 85, 85, 84, 84, 83, 83, 83, 83, 83, 83, 82, 82, 82, 82, 82, 81, 81, 81, 81, 80, 80, 80, 80, 80, 80, 80, 80, 80, 79, 79, 79, 78, 78, 77, 77, 76, 75, 75, 75, 75, 75, 75, 74, 74, 73, 72, 72, 72, 72, 71, 71, 70, 69, 68, 68, 68, 67, 65, 65, 62, 61, 58]","dict_values([39, 44, 36, 43, 38, 46, 36, 34, 46, 46, 50, 48, 39, 43, 46, 40, 44, 41, 45, 44, 37, 43, 35, 40, 43, 47, 51, 42, 43, 45, 43, 46, 44, 49, 34, 33, 44, 46, 39, 37, 37, 39, 41, 42, 38, 48, 49, 40, 30, 43, 31, 43, 40, 43, 37, 45, 38, 39, 49, 43, 34, 30, 39, 44, 38, 45, 43, 36, 35, 36, 41, 48, 41, 50, 44])",0.04916681419396399
50,78.16,0.5328657485626481,"{0: 0.008429486913855552, 1: 0.0078244205132409, 2: 0.0066403890780029505, 3: 0.003506249387936774, 4: 0.005719300102439503, 5: 0.005870135023907786, 6: 0.0071990657374645245, 7: 0.004629885432400683, 8: 0.007648525953411899, 9: 0.0033179135820167755, 10: 0.006276514983797213, 11: 0.004925235302038073, 12: 0.0077512221379405855, 13: 0.006041126058230464, 14: 0.009519162528962097, 15: 0.004401296878607164, 16: 0.007057288090763956, 17: 0.004842895692317075, 18: 0.00696780482370054, 19: 0.006045079192208789, 20: 0.006880965076049732, 21: 0.007104766518234106, 22: 0.006112740165418334, 23: 0.006277305923715501, 24: 0.0045314348360248145, 25: 0.006807332175047593, 26: 0.005491967146900205, 27: 0.007850485832860823, 28: 0.006018567140669745, 29: 0.005293865237260764, 30: 0.006049818561745267, 31: 0.007356936343730286, 32: 0.009757413573877112, 33: 0.004257280730124969, 34: 0.007986100442201627, 35: 0.007790292759108892, 36: 0.008949535597263188, 37: 0.005039247628723966, 38: 0.00766442644310361, 39: 0.006684636482348628, 40: 0.007057071010468306, 41: 0.008243309572408047, 42: 0.004976493560909266, 43: 0.0063472480016919745, 44: 0.008108664272952216, 45: 0.006073399504875724, 46: 0.00791916619691833, 47: 0.004726477087811535, 48: 0.006493693911047484, 49: 0.00499493467126503, 50: 0.0067143898800936744, 51: 0.004969066824027773, 52: 0.008093523145603795, 53: 0.004480675238336553, 54: 0.008986496227914125, 55: 0.005887514062956228, 56: 0.0066263107353995605, 57: 0.005345063737852919, 58: 0.004915778238863305, 59: 0.007986931550392441, 60: 0.005474690902532751, 61: 0.005652956528127028, 62: 0.006805297263088508, 63: 0.006814974980647717, 64: 0.0061014062026344025, 65: 0.007366590195946213, 66: 0.007958412326220602, 67: 0.00742985285068327, 68: 0.006526875949784934, 69: 0.007859278908592844, 70: 0.0074121675129644096, 71: 0.006871035173503743, 72: 0.0038488885701929727, 73: 0.005147172858305769, 74: 0.006086513192565477}","[94, 91, 90, 88, 88, 87, 87, 86, 86, 86, 86, 86, 85, 85, 85, 85, 84, 84, 84, 84, 83, 83, 83, 83, 82, 82, 82, 82, 81, 81, 81, 80, 80, 80, 80, 80, 80, 79, 79, 79, 79, 79, 78, 78, 77, 77, 76, 76, 76, 76, 75, 75, 75, 75, 74, 73, 73, 73, 72, 72, 72, 71, 71, 71, 70, 69, 68, 68, 67, 66, 64, 64, 62, 61, 58]","dict_values([39, 44, 36, 43, 38, 46, 36, 34, 46, 46, 50, 48, 39, 43, 46, 40, 44, 41, 45, 44, 37, 43, 35, 40, 43, 47, 51, 42, 43, 45, 43, 46, 44, 49, 34, 33, 44, 46, 39, 37, 37, 39, 41, 42, 38, 48, 49, 40, 30, 43, 31, 43, 40, 43, 37, 45, 38, 39, 49, 43, 34, 30, 39, 44, 38, 45, 43, 36, 35, 36, 41, 48, 41, 50, 44])",0.048874366310505
50,77.78666666666666,0.5305577072033013,"{0: 0.008299144523848098, 1: 0.00792062353482763, 2: 0.006708273650981674, 3: 0.003167866512896451, 4: 0.005803000982677101, 5: 0.005992007531572505, 6: 0.007380174797824311, 7: 0.004908651624818642, 8: 0.0075576511043496985, 9: 0.0031182742514218285, 10: 0.006418978423301735, 11: 0.004967222413044964, 12: 0.008046534671325887, 13: 0.00600448664847246, 14: 0.009750284272151, 15: 0.004389838471001173, 16: 0.007105883693603227, 17: 0.004810246369251999, 18: 0.007087801675975772, 19: 0.005442461180499909, 20: 0.007218273069005771, 21: 0.007036161241370045, 22: 0.006343703114252091, 23: 0.00632069267424781, 24: 0.004447767381531923, 25: 0.0066565854512885235, 26: 0.0055908760726522825, 27: 0.007820065482637637, 28: 0.006309687175816425, 29: 0.005456855080393944, 30: 0.005919108632341471, 31: 0.007276080861428086, 32: 0.009757678207910151, 33: 0.004367067151775908, 34: 0.007964604242065172, 35: 0.0082031611155809, 36: 0.009215053138502075, 37: 0.004935377647609848, 38: 0.008160218746839963, 39: 0.0063478788478040305, 40: 0.007118763582859601, 41: 0.008751631605903297, 42: 0.00493558411089269, 43: 0.00628253294800089, 44: 0.008232354936602088, 45: 0.005863716290715645, 46: 0.007882652044858877, 47: 0.00484206271185275, 48: 0.006603013496540261, 49: 0.005001073502571668, 50: 0.007119352589581124, 51: 0.005068500050124002, 52: 0.008292976964538934, 53: 0.004633509995944262, 54: 0.008993135432625237, 55: 0.006374789783556944, 56: 0.006709630337402835, 57: 0.005026976508848551, 58: 0.005014678361714061, 59: 0.00797974520576802, 60: 0.00557473604450028, 61: 0.005747436326832267, 62: 0.006837831354087077, 63: 0.006731427831550779, 64: 0.006140837750309411, 65: 0.007519034467286732, 66: 0.007879586481969493, 67: 0.007255317236596158, 68: 0.0062523799175705766, 69: 0.007643953906070204, 70: 0.007104173229954212, 71: 0.006947246441991623, 72: 0.003754624818370382, 73: 0.005090126675283734, 74: 0.005980374991675622}","[93, 91, 90, 88, 88, 88, 88, 86, 86, 86, 86, 85, 85, 84, 84, 84, 84, 83, 83, 83, 83, 83, 82, 82, 82, 81, 81, 81, 81, 81, 81, 80, 80, 80, 79, 79, 79, 79, 79, 79, 78, 78, 78, 77, 77, 77, 76, 76, 76, 76, 75, 75, 74, 74, 74, 73, 72, 72, 72, 71, 71, 71, 71, 70, 70, 69, 68, 68, 68, 65, 64, 63, 63, 59, 56]","dict_values([39, 44, 36, 43, 38, 46, 36, 34, 46, 46, 50, 48, 39, 43, 46, 40, 44, 41, 45, 44, 37, 43, 35, 40, 43, 47, 51, 42, 43, 45, 43, 46, 44, 49, 34, 33, 44, 46, 39, 37, 37, 39, 41, 42, 38, 48, 49, 40, 30, 43, 31, 43, 40, 43, 37, 45, 38, 39, 49, 43, 34, 30, 39, 44, 38, 45, 43, 36, 35, 36, 41, 48, 41, 50, 44])",0.05010642399965492
50,77.73333333333333,0.5302763453860907,"{0: 0.00818671561637857, 1: 0.008163989245654103, 2: 0.006719803066524995, 3: 0.003293906194694191, 4: 0.00581697478626096, 5: 0.006049971120293275, 6: 0.007196338788463777, 7: 0.004784466198462666, 8: 0.0073513359739291505, 9: 0.003209577880757143, 10: 0.00662263041092014, 11: 0.0049418550146661765, 12: 0.007695295052030499, 13: 0.0060051657815897615, 14: 0.00983221145210239, 15: 0.004499213337228271, 16: 0.007152472579773923, 17: 0.004823655694190355, 18: 0.007087937322910168, 19: 0.006024226239250919, 20: 0.0071980195772157, 21: 0.006836388650883565, 22: 0.006032700362931998, 23: 0.0065241078355827, 24: 0.004195926177184924, 25: 0.006807870800961638, 26: 0.005365511751871982, 27: 0.007711485658578495, 28: 0.005881267499877055, 29: 0.005233881997519422, 30: 0.0060125075404206295, 31: 0.0073681847469602366, 32: 0.009749037286700868, 33: 0.004377348539898239, 34: 0.007940084732374111, 35: 0.008230607288957891, 36: 0.009076963012095691, 37: 0.005060917921922568, 38: 0.008001671534609628, 39: 0.006438241119410166, 40: 0.0071498069066835155, 41: 0.008862516908415946, 42: 0.004980610537986724, 43: 0.0063011189807103745, 44: 0.008543508936153845, 45: 0.00592161448333955, 46: 0.008079863750452674, 47: 0.004656315003878729, 48: 0.006598540755923116, 49: 0.005317674602875015, 50: 0.00718811877018393, 51: 0.004628390057534865, 52: 0.008273797938443824, 53: 0.0046054735077010025, 54: 0.008921493474794182, 55: 0.006574060304926585, 56: 0.0069710491375406065, 57: 0.004758618338625717, 58: 0.005257077226768444, 59: 0.0076928501663279195, 60: 0.005799303098449825, 61: 0.005923896687145791, 62: 0.006607299832860225, 63: 0.006779132725248243, 64: 0.006123463416072047, 65: 0.007287798813156783, 66: 0.008114589231798263, 67: 0.007073845459665196, 68: 0.006291706466952598, 69: 0.00786290333547516, 70: 0.0069689886335114115, 71: 0.007126269208880842, 72: 0.003765934809392271, 73: 0.005223719231243622, 74: 0.00605048631963819}","[93, 91, 91, 88, 88, 87, 87, 87, 86, 85, 85, 85, 85, 85, 84, 84, 83, 83, 83, 83, 83, 83, 82, 82, 82, 81, 81, 81, 81, 81, 81, 80, 80, 79, 79, 79, 79, 79, 78, 78, 78, 78, 78, 77, 77, 77, 77, 77, 77, 76, 76, 75, 74, 74, 73, 73, 73, 72, 72, 72, 72, 72, 71, 69, 68, 68, 68, 67, 67, 65, 63, 63, 62, 60, 57]","dict_values([39, 44, 36, 43, 38, 46, 36, 34, 46, 46, 50, 48, 39, 43, 46, 40, 44, 41, 45, 44, 37, 43, 35, 40, 43, 47, 51, 42, 43, 45, 43, 46, 44, 49, 34, 33, 44, 46, 39, 37, 37, 39, 41, 42, 38, 48, 49, 40, 30, 43, 31, 43, 40, 43, 37, 45, 38, 39, 49, 43, 34, 30, 39, 44, 38, 45, 43, 36, 35, 36, 41, 48, 41, 50, 44])",0.05039433462100863
51,77.57333333333334,0.5296633693841674,"{0: 0.008440821807596895, 1: 0.008264239463964235, 2: 0.006933364792024892, 3: 0.003377659922239928, 4: 0.00560314328837222, 5: 0.005897482107532784, 6: 0.00709325073937316, 7: 0.004922743416505383, 8: 0.007134526910784528, 9: 0.00322645540829266, 10: 0.006481402477686192, 11: 0.004941716429365926, 12: 0.007852326953995905, 13: 0.005673374227803377, 14: 0.009962478494730724, 15: 0.004342167425042838, 16: 0.007029310397558053, 17: 0.004924296371985236, 18: 0.007129382984453824, 19: 0.0061062211312508516, 20: 0.007267667529229485, 21: 0.006752622578413513, 22: 0.006288837850545743, 23: 0.006677411239812887, 24: 0.0041201456892834285, 25: 0.006933942337620772, 26: 0.005200673754291069, 27: 0.007669127766688377, 28: 0.005905721448405699, 29: 0.005276581693000531, 30: 0.006262672716000806, 31: 0.007629822033049514, 32: 0.010071130673171854, 33: 0.004593710698248762, 34: 0.008197605304723228, 35: 0.007938160987683284, 36: 0.009112688054382133, 37: 0.0049041148568488785, 38: 0.007797850036925743, 39: 0.006424981707661102, 40: 0.007427417143392293, 41: 0.008423846096484272, 42: 0.00488026738275058, 43: 0.006237344650498749, 44: 0.008500914432127934, 45: 0.0058920398660166585, 46: 0.008155339208798145, 47: 0.0045540245681615415, 48: 0.006626698473634656, 49: 0.005217067160227957, 50: 0.007279246045825845, 51: 0.004564987323004383, 52: 0.008583865399554289, 53: 0.004643125880366355, 54: 0.009012948624146254, 55: 0.006731635434063288, 56: 0.006720551305466872, 57: 0.004966318540388356, 58: 0.005049891299643396, 59: 0.008135527134234823, 60: 0.0054986007670366575, 61: 0.006152466983825388, 62: 0.006624184086358015, 63: 0.006855643480268008, 64: 0.006087558579581349, 65: 0.007092390605055483, 66: 0.008114853862759015, 67: 0.007117358183596433, 68: 0.006518847876333, 69: 0.007970633245049754, 70: 0.006962594574275071, 71: 0.006995563457616351, 72: 0.0038051428350038452, 73: 0.004997315875479004, 74: 0.006134958504062275}","[95, 91, 91, 88, 88, 87, 87, 86, 86, 85, 85, 85, 85, 85, 84, 84, 84, 84, 83, 83, 82, 82, 82, 82, 82, 81, 81, 81, 80, 80, 80, 80, 80, 79, 79, 79, 79, 79, 79, 79, 78, 78, 78, 78, 77, 77, 77, 76, 75, 75, 75, 75, 74, 74, 73, 72, 72, 71, 71, 71, 71, 71, 70, 70, 69, 68, 68, 66, 66, 64, 64, 63, 61, 60, 58]","dict_values([39, 44, 36, 43, 38, 46, 36, 34, 46, 46, 50, 48, 39, 43, 46, 40, 44, 41, 45, 44, 37, 43, 35, 40, 43, 47, 51, 42, 43, 45, 43, 46, 44, 49, 34, 33, 44, 46, 39, 37, 37, 39, 41, 42, 38, 48, 49, 40, 30, 43, 31, 43, 40, 43, 37, 45, 38, 39, 49, 43, 34, 30, 39, 44, 38, 45, 43, 36, 35, 36, 41, 48, 41, 50, 44])",0.0495531878461611
51,77.73333333333333,0.5304365835062619,"{0: 0.008365963426777943, 1: 0.008485307351863576, 2: 0.006677621999692898, 3: 0.003631627926415038, 4: 0.005602730745703411, 5: 0.005848488133852999, 6: 0.0069542973981053845, 7: 0.004834791570580341, 8: 0.007200948922365157, 9: 0.003248259561794535, 10: 0.006265271812975134, 11: 0.0049492070299165325, 12: 0.007688858085436199, 13: 0.005654652511646819, 14: 0.009794882426290036, 15: 0.004416807405112064, 16: 0.006911934191981489, 17: 0.004721719367569929, 18: 0.0070594754552872506, 19: 0.006117535395229643, 20: 0.007438474348223777, 21: 0.006783203627136065, 22: 0.0063523362436222666, 23: 0.006900201587488679, 24: 0.004443680543947156, 25: 0.006929346089701153, 26: 0.005302096097488057, 27: 0.007000655012304377, 28: 0.005899114096264217, 29: 0.005300581029537393, 30: 0.005976298765791785, 31: 0.008048338237257762, 32: 0.00990833656444545, 33: 0.004684239662563722, 34: 0.008156060078681103, 35: 0.00814709669896802, 36: 0.009340973496553984, 37: 0.004925725853578156, 38: 0.007760980698646553, 39: 0.0063973558639990645, 40: 0.00744006403582997, 41: 0.008310222828332279, 42: 0.004876123487611376, 43: 0.00620214653569013, 44: 0.008569610311763023, 45: 0.005814276477827898, 46: 0.007946913904389173, 47: 0.004519975986644919, 48: 0.006427902641459428, 49: 0.0052143550035330995, 50: 0.0068993156089144575, 51: 0.00470955978600177, 52: 0.008557533006946645, 53: 0.00471171054806761, 54: 0.009003158178321464, 55: 0.006524551191373167, 56: 0.006619732790365209, 57: 0.004775131234625996, 58: 0.005007182682990225, 59: 0.0079203268800625, 60: 0.00545923622522705, 61: 0.0065520007912482445, 62: 0.006710463234741199, 63: 0.006428099591825747, 64: 0.006036930295374152, 65: 0.007172037113404307, 66: 0.008479935524142834, 67: 0.0069344999441655775, 68: 0.006717983866242892, 69: 0.00826344321591652, 70: 0.00694225470616554, 71: 0.006814609634250256, 72: 0.003981281593359616, 73: 0.005016964311539513, 74: 0.006097294367647093}","[94, 92, 91, 89, 89, 88, 88, 87, 86, 86, 85, 85, 85, 85, 84, 84, 84, 84, 83, 83, 83, 83, 82, 82, 81, 81, 81, 81, 80, 80, 80, 80, 80, 79, 79, 79, 79, 79, 79, 78, 78, 78, 78, 77, 77, 77, 77, 76, 75, 75, 75, 74, 74, 74, 73, 72, 72, 71, 71, 71, 71, 71, 70, 69, 69, 69, 67, 67, 66, 65, 65, 64, 63, 61, 60]","dict_values([39, 44, 36, 43, 38, 46, 36, 34, 46, 46, 50, 48, 39, 43, 46, 40, 44, 41, 45, 44, 37, 43, 35, 40, 43, 47, 51, 42, 43, 45, 43, 46, 44, 49, 34, 33, 44, 46, 39, 37, 37, 39, 41, 42, 38, 48, 49, 40, 30, 43, 31, 43, 40, 43, 37, 45, 38, 39, 49, 43, 34, 30, 39, 44, 38, 45, 43, 36, 35, 36, 41, 48, 41, 50, 44])",0.04952240290212394
51,77.81333333333333,0.5306288308346064,"{0: 0.00858350797179015, 1: 0.008560850905870027, 2: 0.0065224389631548235, 3: 0.0034762053372955925, 4: 0.005758555698988592, 5: 0.005857307079244663, 6: 0.006751086825588299, 7: 0.004773065396099437, 8: 0.007324488038201773, 9: 0.0031727650726116256, 10: 0.006367682475251832, 11: 0.005230683709921251, 12: 0.007422532202335758, 13: 0.005348095411032353, 14: 0.009818934955665534, 15: 0.004599675666116855, 16: 0.006851378580121321, 17: 0.004892478710500232, 18: 0.006979414454945921, 19: 0.00624469418786082, 20: 0.007786304543447508, 21: 0.00679561106947972, 22: 0.006534841982529902, 23: 0.0071625493000314865, 24: 0.004470013066853249, 25: 0.006095021226461027, 26: 0.005415822798302537, 27: 0.006737114309190768, 28: 0.005874433951142851, 29: 0.0055415652802163085, 30: 0.005691347443727695, 31: 0.007746714910377921, 32: 0.009792971667377854, 33: 0.004714447047082146, 34: 0.008526761234141889, 35: 0.008019239842684144, 36: 0.009167497252204573, 37: 0.005021566150558299, 38: 0.007618645035145944, 39: 0.006307520851172322, 40: 0.007544473934216029, 41: 0.008314499928801422, 42: 0.0051112700659915085, 43: 0.006363525012597732, 44: 0.008543102889759747, 45: 0.005795130151717338, 46: 0.008013446358445073, 47: 0.004556511005811095, 48: 0.006188402853435742, 49: 0.005543776627634128, 50: 0.006829292773421285, 51: 0.004580022587582021, 52: 0.00863040983763278, 53: 0.0047015338620256565, 54: 0.008996307944399826, 55: 0.006568420387867572, 56: 0.0064455467023747355, 57: 0.0046395005502754124, 58: 0.0050430984847655135, 59: 0.008185070252586524, 60: 0.005392465915449239, 61: 0.006476569767452868, 62: 0.006632098509261813, 63: 0.006131194686236097, 64: 0.006115001345398468, 65: 0.0068792591183412174, 66: 0.008460569851691154, 67: 0.0067028716801111644, 68: 0.007201932962644435, 69: 0.008025214076327314, 70: 0.006870073595085592, 71: 0.0065253357002610915, 72: 0.004157440854381993, 73: 0.005112254842003179, 74: 0.0063954972596658435}","[94, 92, 91, 89, 89, 88, 88, 86, 86, 86, 86, 86, 86, 85, 85, 84, 84, 84, 84, 83, 83, 82, 82, 82, 82, 81, 81, 80, 80, 80, 80, 80, 80, 80, 80, 79, 79, 78, 78, 78, 78, 78, 78, 77, 77, 76, 76, 76, 75, 75, 75, 75, 74, 74, 74, 73, 72, 72, 72, 71, 71, 71, 71, 69, 69, 68, 68, 67, 66, 66, 65, 64, 63, 60, 59]","dict_values([39, 44, 36, 43, 38, 46, 36, 34, 46, 46, 50, 48, 39, 43, 46, 40, 44, 41, 45, 44, 37, 43, 35, 40, 43, 47, 51, 42, 43, 45, 43, 46, 44, 49, 34, 33, 44, 46, 39, 37, 37, 39, 41, 42, 38, 48, 49, 40, 30, 43, 31, 43, 40, 43, 37, 45, 38, 39, 49, 43, 34, 30, 39, 44, 38, 45, 43, 36, 35, 36, 41, 48, 41, 50, 44])",0.04516881580659572
51,77.89333333333333,0.5311739179431831,"{0: 0.008457752527977945, 1: 0.008543406984795011, 2: 0.0067803899656741435, 3: 0.00347977076850059, 4: 0.006056733423255691, 5: 0.0058295934711432235, 6: 0.006791929193368079, 7: 0.004862915947569742, 8: 0.007454403846592251, 9: 0.0031827403930289743, 10: 0.006292795439002877, 11: 0.005152185472752021, 12: 0.007435594479726712, 13: 0.005162258703343575, 14: 0.009951494384119849, 15: 0.004515083338889563, 16: 0.00684343673431445, 17: 0.00478337428662926, 18: 0.007096718094696749, 19: 0.006436833747702419, 20: 0.00791353789455177, 21: 0.006446950782932871, 22: 0.0064948026850446495, 23: 0.007035861524540805, 24: 0.004449247420315124, 25: 0.0060960788712041475, 26: 0.005393498395979666, 27: 0.007086421198619465, 28: 0.005837898955850195, 29: 0.005425255056196943, 30: 0.005583699306571606, 31: 0.007906869682509437, 32: 0.009881058077609738, 33: 0.005066208777040841, 34: 0.008513175615426766, 35: 0.007837911134560664, 36: 0.00879778905674165, 37: 0.004892917605042945, 38: 0.00796708936958924, 39: 0.005946216304995117, 40: 0.007475780003999947, 41: 0.008027319085225438, 42: 0.005061025135351516, 43: 0.006317190783478839, 44: 0.008649061861703288, 45: 0.0058281367181421675, 46: 0.007902213635766684, 47: 0.0044930565507679205, 48: 0.006216208457887715, 49: 0.005306874169032414, 50: 0.006813742798083459, 51: 0.004690527812909388, 52: 0.008732131768958302, 53: 0.0049853048913473, 54: 0.00883177454313115, 55: 0.006753468531923485, 56: 0.006422399758030428, 57: 0.004728801654026429, 58: 0.005057909255068618, 59: 0.008515355422066375, 60: 0.0052860416758221595, 61: 0.006638648711796897, 62: 0.006361591775538551, 63: 0.006163540341453314, 64: 0.006013697687990028, 65: 0.00657396720699027, 66: 0.008442203695462804, 67: 0.00644762528074083, 68: 0.007488364050943772, 69: 0.007710387682839585, 70: 0.006885027510096456, 71: 0.006657045980964426, 72: 0.004228257622312134, 73: 0.005086330834464333, 74: 0.006198691297236077}","[94, 92, 90, 90, 89, 89, 87, 86, 86, 86, 86, 86, 86, 85, 85, 85, 85, 83, 83, 83, 83, 83, 83, 81, 81, 81, 81, 81, 80, 80, 80, 80, 80, 80, 79, 79, 79, 79, 79, 79, 78, 78, 77, 77, 77, 77, 76, 76, 76, 75, 75, 74, 73, 73, 73, 73, 72, 72, 72, 71, 71, 71, 71, 70, 69, 69, 68, 67, 67, 67, 66, 65, 63, 60, 59]","dict_values([39, 44, 36, 43, 38, 46, 36, 34, 46, 46, 50, 48, 39, 43, 46, 40, 44, 41, 45, 44, 37, 43, 35, 40, 43, 47, 51, 42, 43, 45, 43, 46, 44, 49, 34, 33, 44, 46, 39, 37, 37, 39, 41, 42, 38, 48, 49, 40, 30, 43, 31, 43, 40, 43, 37, 45, 38, 39, 49, 43, 34, 30, 39, 44, 38, 45, 43, 36, 35, 36, 41, 48, 41, 50, 44])",0.04621529091829453
51,78.10666666666667,0.5325952510655952,"{0: 0.008390497001676184, 1: 0.008422518548989408, 2: 0.006848604472000698, 3: 0.0036286514120582036, 4: 0.005942871427094978, 5: 0.005625146399064747, 6: 0.006962527923256479, 7: 0.004757187319770531, 8: 0.00777097107561772, 9: 0.0032034227646613, 10: 0.00641980229123338, 11: 0.005026585716745737, 12: 0.007358155943478555, 13: 0.005083260752761241, 14: 0.010130441557195164, 15: 0.004328844647166942, 16: 0.006901795258399662, 17: 0.004953867244183417, 18: 0.006745140272981767, 19: 0.006604844909348215, 20: 0.007850825204495097, 21: 0.006345931769167114, 22: 0.006364293645229164, 23: 0.006975141375386772, 24: 0.004096440456449717, 25: 0.005886821609005189, 26: 0.0053904676765136345, 27: 0.007005785868058232, 28: 0.0056394979990790454, 29: 0.005390668900618085, 30: 0.005572034171628881, 31: 0.007955922739407999, 32: 0.00980753161960827, 33: 0.005567175487385296, 34: 0.008612143739809522, 35: 0.007784216217693573, 36: 0.008185789926679968, 37: 0.005085387697200966, 38: 0.007693792754937412, 39: 0.005707438027704516, 40: 0.007140131422518225, 41: 0.008180125077875869, 42: 0.004820906594207162, 43: 0.006199689494081395, 44: 0.008791859535017096, 45: 0.006068778868255704, 46: 0.007697183303326171, 47: 0.004457477360231679, 48: 0.006666893110327287, 49: 0.005086855973738446, 50: 0.006774784633521797, 51: 0.004631760092530129, 52: 0.008525558691376417, 53: 0.004997495133285212, 54: 0.008915373675547334, 55: 0.006571617802816467, 56: 0.00657582474452664, 57: 0.0050842207032282, 58: 0.005239923060554137, 59: 0.008614526942784632, 60: 0.005116014612833709, 61: 0.0067806298511041635, 62: 0.006471324618138271, 63: 0.006485437682190809, 64: 0.006117583855376801, 65: 0.006639826989522499, 66: 0.008020903086319121, 67: 0.006753831510030329, 68: 0.007492253109173718, 69: 0.007551243753565494, 70: 0.00655828783118943, 71: 0.006671081898120501, 72: 0.004040274116440408, 73: 0.005078688101383388, 74: 0.006349859063295544}","[94, 93, 91, 91, 89, 89, 88, 87, 86, 86, 86, 86, 85, 85, 85, 85, 84, 84, 83, 83, 83, 83, 82, 82, 82, 81, 81, 81, 80, 80, 80, 80, 80, 80, 80, 80, 79, 79, 79, 79, 79, 78, 78, 78, 77, 77, 77, 76, 76, 76, 74, 74, 73, 73, 72, 72, 72, 72, 72, 72, 72, 71, 71, 71, 71, 70, 69, 69, 67, 67, 65, 64, 61, 61, 60]","dict_values([39, 44, 36, 43, 38, 46, 36, 34, 46, 46, 50, 48, 39, 43, 46, 40, 44, 41, 45, 44, 37, 43, 35, 40, 43, 47, 51, 42, 43, 45, 43, 46, 44, 49, 34, 33, 44, 46, 39, 37, 37, 39, 41, 42, 38, 48, 49, 40, 30, 43, 31, 43, 40, 43, 37, 45, 38, 39, 49, 43, 34, 30, 39, 44, 38, 45, 43, 36, 35, 36, 41, 48, 41, 50, 44])",0.05270775603007383
49,78.08,0.5324786460831867,"{0: 0.008340288173879223, 1: 0.008260985462006178, 2: 0.006663129398808496, 3: 0.003801544562779255, 4: 0.005776483314710309, 5: 0.005700411928709432, 6: 0.006975035799788495, 7: 0.005019470673997059, 8: 0.008210595345593649, 9: 0.0033371214137830458, 10: 0.006277140933129764, 11: 0.00511675963773371, 12: 0.007164227087324539, 13: 0.0047325956931566745, 14: 0.010223553706989833, 15: 0.004251307172826073, 16: 0.006781645768127979, 17: 0.0048501969365017245, 18: 0.0066747776229768895, 19: 0.006313125136921786, 20: 0.007802231463644821, 21: 0.006703880121014378, 22: 0.006382688512523014, 23: 0.006935280361783774, 24: 0.0040180481388627995, 25: 0.006150286873003879, 26: 0.00563903484567888, 27: 0.0068863547558574096, 28: 0.005720578593188012, 29: 0.00549853614647539, 30: 0.005576059631764808, 31: 0.007499941158020196, 32: 0.009365940829104108, 33: 0.005484491641826221, 34: 0.008859936296508256, 35: 0.007946212724476508, 36: 0.008034539622734219, 37: 0.005273341799362357, 38: 0.008058534218259144, 39: 0.005426224844587247, 40: 0.0073602254662364355, 41: 0.007934361718241764, 42: 0.004574367452917415, 43: 0.006451232926533501, 44: 0.00874461276321448, 45: 0.005937554892511684, 46: 0.007724947670317949, 47: 0.004314104542528984, 48: 0.0068386386576966595, 49: 0.005285140951061295, 50: 0.0068249303091297685, 51: 0.004702756036708282, 52: 0.008374255487896765, 53: 0.005024572560462833, 54: 0.008772766789423823, 55: 0.006336698769625875, 56: 0.006722905616577714, 57: 0.004979925957809534, 58: 0.005193683990095569, 59: 0.008183544520571524, 60: 0.0051556779127001386, 61: 0.007013086171022844, 62: 0.006778682120727823, 63: 0.006227902720044258, 64: 0.006406366344790869, 65: 0.006660421707401535, 66: 0.00811775097368897, 67: 0.007065409805632164, 68: 0.007763024627934599, 69: 0.007748087661216144, 70: 0.006521477805073272, 71: 0.006795183444838426, 72: 0.0038644627711972262, 73: 0.005057344311296771, 74: 0.006187142940103347}","[93, 92, 92, 90, 89, 88, 88, 87, 86, 86, 86, 86, 86, 86, 86, 85, 84, 84, 83, 83, 83, 83, 82, 82, 82, 82, 81, 81, 81, 81, 80, 80, 80, 80, 80, 80, 79, 79, 79, 78, 78, 78, 78, 78, 78, 78, 77, 76, 76, 75, 74, 74, 74, 73, 73, 72, 72, 72, 72, 71, 71, 71, 71, 70, 70, 70, 70, 68, 67, 66, 64, 63, 62, 61, 60]","dict_values([39, 44, 36, 43, 38, 46, 36, 34, 46, 46, 50, 48, 39, 43, 46, 40, 44, 41, 45, 44, 37, 43, 35, 40, 43, 47, 51, 42, 43, 45, 43, 46, 44, 49, 34, 33, 44, 46, 39, 37, 37, 39, 41, 42, 38, 48, 49, 40, 30, 43, 31, 43, 40, 43, 37, 45, 38, 39, 49, 43, 34, 30, 39, 44, 38, 45, 43, 36, 35, 36, 41, 48, 41, 50, 44])",0.04529997256561856
49,78.13333333333334,0.5330883092240859,"{0: 0.008247973096712935, 1: 0.008264315084166583, 2: 0.0067134592120593325, 3: 0.003727829082741812, 4: 0.005711486250624974, 5: 0.005726152500874061, 6: 0.006976600555890759, 7: 0.004877464149859228, 8: 0.008450511186807615, 9: 0.0036295342326391317, 10: 0.006171159911118636, 11: 0.00496245732379662, 12: 0.00686485175869634, 13: 0.005003671707168713, 14: 0.01024644857481009, 15: 0.004436684086498952, 16: 0.0066897346168456485, 17: 0.005009249080939287, 18: 0.006389162360518719, 19: 0.006542621619442176, 20: 0.007795700654720903, 21: 0.0063102703443513744, 22: 0.006477646933295489, 23: 0.007085267981958092, 24: 0.0038828842894869384, 25: 0.006066474952607406, 26: 0.005667014507123955, 27: 0.007042592836404203, 28: 0.00608666026272263, 29: 0.0057590275360532945, 30: 0.005602110955250942, 31: 0.0075046890184074545, 32: 0.00960466122057518, 33: 0.005193906511149542, 34: 0.008716255998304473, 35: 0.008187832033644434, 36: 0.007797038291097933, 37: 0.005102905281467774, 38: 0.008363615666348525, 39: 0.005392845843658917, 40: 0.007359176979284378, 41: 0.00805701687120512, 42: 0.004556168869422849, 43: 0.006326858326587798, 44: 0.008476569405163363, 45: 0.006059202319525654, 46: 0.007398770150783876, 47: 0.004315551507764469, 48: 0.007103806752430851, 49: 0.005383615720291627, 50: 0.006671069601267511, 51: 0.004878890149857195, 52: 0.008576084841889998, 53: 0.0050093001940263865, 54: 0.008664372677255417, 55: 0.0062816587770060635, 56: 0.006551382346187528, 57: 0.004640630399261695, 58: 0.005065252956234462, 59: 0.008091953662409713, 60: 0.005147713209866763, 61: 0.006998993304083927, 62: 0.0068992187418307075, 63: 0.006073368261341966, 64: 0.006378972671845458, 65: 0.006755431344701401, 66: 0.007598775220741104, 67: 0.0072448761891912, 68: 0.007723399101250861, 69: 0.007436104244203923, 70: 0.006478915587076761, 71: 0.007121041138855503, 72: 0.0038816975153206723, 73: 0.005143157989649011, 74: 0.006375788960047909}","[93, 92, 92, 90, 90, 89, 88, 87, 87, 87, 86, 86, 86, 85, 85, 85, 84, 84, 83, 82, 82, 82, 82, 82, 82, 82, 81, 81, 81, 81, 80, 80, 80, 80, 80, 80, 79, 79, 79, 79, 79, 79, 79, 78, 78, 77, 77, 76, 75, 75, 75, 74, 74, 74, 73, 72, 72, 72, 72, 72, 71, 71, 71, 70, 69, 69, 69, 69, 68, 66, 65, 64, 63, 60, 59]","dict_values([39, 44, 36, 43, 38, 46, 36, 34, 46, 46, 50, 48, 39, 43, 46, 40, 44, 41, 45, 44, 37, 43, 35, 40, 43, 47, 51, 42, 43, 45, 43, 46, 44, 49, 34, 33, 44, 46, 39, 37, 37, 39, 41, 42, 38, 48, 49, 40, 30, 43, 31, 43, 40, 43, 37, 45, 38, 39, 49, 43, 34, 30, 39, 44, 38, 45, 43, 36, 35, 36, 41, 48, 41, 50, 44])",0.05182494845600999
49,78.21333333333334,0.5339392349056746,"{0: 0.008297642905634485, 1: 0.008579940278707295, 2: 0.006720521425521279, 3: 0.0038486705229142442, 4: 0.00566922454977901, 5: 0.00582358674074195, 6: 0.006776966253990159, 7: 0.005114894464781786, 8: 0.008440405999063752, 9: 0.0034866263661495057, 10: 0.006345711654289045, 11: 0.0051115775989355235, 12: 0.006896604452630958, 13: 0.004833369511600706, 14: 0.010691088909293274, 15: 0.004678216314150109, 16: 0.006605590088743997, 17: 0.00518631315839815, 18: 0.006436433598387177, 19: 0.006495850458353209, 20: 0.007945986157484007, 21: 0.006197896353589597, 22: 0.006608985854897141, 23: 0.006964966069113874, 24: 0.0038670245661869694, 25: 0.005868986442447861, 26: 0.005685082665696175, 27: 0.0068627829036315025, 28: 0.006095579951628252, 29: 0.0058214641043619515, 30: 0.005761453636820912, 31: 0.007642590570807446, 32: 0.009454975500662289, 33: 0.004982270065031242, 34: 0.008708295671881375, 35: 0.008214372683904852, 36: 0.007771521731207293, 37: 0.004964012656484956, 38: 0.008115633372126674, 39: 0.005212475774973312, 40: 0.007379357865948366, 41: 0.0076815517080355495, 42: 0.004320149753309975, 43: 0.00620644337105186, 44: 0.008585483912656981, 45: 0.0061661154328084625, 46: 0.007058743857214632, 47: 0.004319116079403858, 48: 0.0073253817958607885, 49: 0.005181495683476185, 50: 0.006582524726200178, 51: 0.004927610513007923, 52: 0.00868523821436247, 53: 0.005068271127867004, 54: 0.008672312075747268, 55: 0.0064131367217763234, 56: 0.006662864241314602, 57: 0.004509543908963564, 58: 0.0050703784226648835, 59: 0.008199103893527921, 60: 0.005081678060698227, 61: 0.006988604311389684, 62: 0.007001154415315573, 63: 0.006058377413816901, 64: 0.006331896346965719, 65: 0.006788502372311893, 66: 0.007423576122295114, 67: 0.007233298117110768, 68: 0.007603064464699057, 69: 0.007115618671792671, 70: 0.0067188773083064245, 71: 0.006940053376831345, 72: 0.0038359260033756734, 73: 0.00517075194887639, 74: 0.006358409404298316}","[94, 93, 92, 91, 90, 90, 88, 87, 87, 87, 87, 86, 85, 85, 85, 84, 84, 83, 83, 83, 83, 82, 82, 82, 82, 82, 82, 81, 81, 81, 80, 80, 80, 80, 80, 79, 79, 79, 79, 79, 79, 79, 78, 78, 77, 77, 77, 76, 76, 76, 75, 74, 74, 74, 73, 73, 73, 72, 72, 72, 71, 71, 70, 70, 70, 69, 68, 68, 68, 67, 66, 63, 63, 61, 59]","dict_values([39, 44, 36, 43, 38, 46, 36, 34, 46, 46, 50, 48, 39, 43, 46, 40, 44, 41, 45, 44, 37, 43, 35, 40, 43, 47, 51, 42, 43, 45, 43, 46, 44, 49, 34, 33, 44, 46, 39, 37, 37, 39, 41, 42, 38, 48, 49, 40, 30, 43, 31, 43, 40, 43, 37, 45, 38, 39, 49, 43, 34, 30, 39, 44, 38, 45, 43, 36, 35, 36, 41, 48, 41, 50, 44])",0.05011049708985389
49,78.26666666666667,0.5344503705355651,"{0: 0.008544159646195195, 1: 0.008743673413161424, 2: 0.006893795112419297, 3: 0.00386127665184279, 4: 0.005784299511295084, 5: 0.005622419007896067, 6: 0.00668569857443447, 7: 0.004966970882970103, 8: 0.00826939347613672, 9: 0.0035135914007461415, 10: 0.0063699515357247384, 11: 0.005061721833344171, 12: 0.006773919448238716, 13: 0.005001698545669574, 14: 0.010642477904889473, 15: 0.004616812983528526, 16: 0.006703803434183959, 17: 0.005226241169687515, 18: 0.006430311389725084, 19: 0.006447612910140756, 20: 0.007971926370768023, 21: 0.005935116841314315, 22: 0.006603820715488812, 23: 0.007274877472161553, 24: 0.0038733004453877446, 25: 0.005497694459000808, 26: 0.00570105868483893, 27: 0.006974453982302404, 28: 0.006051574510693822, 29: 0.005693157396043568, 30: 0.006040870224020481, 31: 0.007571771912091122, 32: 0.009439001538331927, 33: 0.005217966864096086, 34: 0.00873475007517115, 35: 0.008052972563884618, 36: 0.007965155953579703, 37: 0.005087144308751341, 38: 0.007905401605580507, 39: 0.005598851439453567, 40: 0.007319581977377024, 41: 0.008043348140229173, 42: 0.00415608531460667, 43: 0.005956315078301915, 44: 0.008744539597857395, 45: 0.005824855526889366, 46: 0.006831593245831857, 47: 0.004713828645557929, 48: 0.007189248922421973, 49: 0.005487507785273614, 50: 0.006632074633940392, 51: 0.004789401204201412, 52: 0.008415562363573301, 53: 0.0052734264839969175, 54: 0.00883367025523044, 55: 0.006308827232166942, 56: 0.006415100381306126, 57: 0.004477904387589912, 58: 0.0048178128604804814, 59: 0.007944124381043862, 60: 0.005151705914642045, 61: 0.007027000753191969, 62: 0.007326798320794438, 63: 0.005945812382774082, 64: 0.006376913366592708, 65: 0.006748880674830422, 66: 0.0073996433842332, 67: 0.007296683195053498, 68: 0.007551360601314828, 69: 0.007119614080658919, 70: 0.006771334472476495, 71: 0.00678337954546806, 72: 0.0037121159740138125, 73: 0.004873315126756554, 74: 0.006469907975472224}","[94, 94, 92, 91, 91, 90, 87, 87, 87, 86, 86, 86, 86, 86, 85, 85, 84, 83, 83, 83, 83, 83, 83, 82, 82, 82, 81, 81, 81, 80, 80, 80, 80, 80, 80, 80, 80, 79, 79, 79, 79, 79, 78, 78, 77, 77, 76, 76, 76, 76, 75, 74, 74, 74, 74, 73, 73, 72, 72, 72, 71, 71, 70, 70, 69, 69, 68, 68, 67, 67, 67, 64, 63, 61, 59]","dict_values([39, 44, 36, 43, 38, 46, 36, 34, 46, 46, 50, 48, 39, 43, 46, 40, 44, 41, 45, 44, 37, 43, 35, 40, 43, 47, 51, 42, 43, 45, 43, 46, 44, 49, 34, 33, 44, 46, 39, 37, 37, 39, 41, 42, 38, 48, 49, 40, 30, 43, 31, 43, 40, 43, 37, 45, 38, 39, 49, 43, 34, 30, 39, 44, 38, 45, 43, 36, 35, 36, 41, 48, 41, 50, 44])",0.052852810322460766
49,78.10666666666667,0.5333117569092227,"{0: 0.008750543945418236, 1: 0.0087367606646122, 2: 0.006765286802664316, 3: 0.003793823592049682, 4: 0.005675926675893229, 5: 0.00550619450184785, 6: 0.006294260874388609, 7: 0.004853573952284299, 8: 0.008152002122411107, 9: 0.0035004543240565733, 10: 0.006250192570431987, 11: 0.0051098014119208175, 12: 0.006829192359189716, 13: 0.005045296807027156, 14: 0.010801539075138209, 15: 0.004701406408175572, 16: 0.006755924214499049, 17: 0.005534076222986332, 18: 0.006621751629726556, 19: 0.00628823180136912, 20: 0.007826575202134799, 21: 0.00588220253974235, 22: 0.0065932652606296915, 23: 0.007081183257294148, 24: 0.004105540026806007, 25: 0.0056708250806452205, 26: 0.006022030950703031, 27: 0.007271302506074542, 28: 0.006156173157521186, 29: 0.0058948902359650685, 30: 0.006225761431579976, 31: 0.007481087490859806, 32: 0.009104267163175275, 33: 0.0052011442862141535, 34: 0.009170401642760038, 35: 0.007765014854976797, 36: 0.008596610244745662, 37: 0.004923648507704549, 38: 0.007746175579646629, 39: 0.005560825321960689, 40: 0.007126621889444073, 41: 0.00785760577490341, 42: 0.004367419117453506, 43: 0.006368395356091682, 44: 0.00879424824614918, 45: 0.005750469460719265, 46: 0.006953124491002432, 47: 0.004586980005134931, 48: 0.007265176291479114, 49: 0.005402239563257198, 50: 0.006654442972527204, 51: 0.004852923484268553, 52: 0.008392947218995276, 53: 0.005460222085461286, 54: 0.008730547719171849, 55: 0.00624826296684821, 56: 0.006465789085802848, 57: 0.004437472892303995, 58: 0.004659580104139905, 59: 0.007953895188467968, 60: 0.005321724447707314, 61: 0.007269443744948259, 62: 0.0071923848058584264, 63: 0.005847096355922484, 64: 0.006497564668243954, 65: 0.00664647940585429, 66: 0.007442436693289109, 67: 0.0071979536552793716, 68: 0.007543169108156569, 69: 0.007129960276801198, 70: 0.00666913718983788, 71: 0.006863945717675598, 72: 0.003712163167454865, 73: 0.004808196702572103, 74: 0.0064754855717234295}","[95, 94, 91, 91, 91, 90, 89, 87, 86, 86, 86, 86, 85, 85, 85, 84, 84, 84, 84, 83, 82, 82, 82, 82, 82, 81, 81, 80, 80, 80, 80, 80, 80, 80, 80, 79, 79, 79, 79, 79, 78, 78, 78, 78, 78, 77, 77, 76, 76, 75, 75, 75, 75, 74, 73, 73, 72, 72, 72, 72, 71, 70, 70, 69, 69, 68, 68, 68, 67, 67, 67, 63, 63, 61, 60]","dict_values([39, 44, 36, 43, 38, 46, 36, 34, 46, 46, 50, 48, 39, 43, 46, 40, 44, 41, 45, 44, 37, 43, 35, 40, 43, 47, 51, 42, 43, 45, 43, 46, 44, 49, 34, 33, 44, 46, 39, 37, 37, 39, 41, 42, 38, 48, 49, 40, 30, 43, 31, 43, 40, 43, 37, 45, 38, 39, 49, 43, 34, 30, 39, 44, 38, 45, 43, 36, 35, 36, 41, 48, 41, 50, 44])",0.05273549805858255
49,78.0,0.5329073253649053,"{0: 0.008773393907405488, 1: 0.008930814659229822, 2: 0.006768973172053545, 3: 0.003997385237031968, 4: 0.005555031359677162, 5: 0.005482301485159475, 6: 0.006239847637201112, 7: 0.004857493768302923, 8: 0.007754266698220166, 9: 0.003555346159374368, 10: 0.006218871100541397, 11: 0.005120729304180661, 12: 0.006821408092674403, 13: 0.004837023167776273, 14: 0.011007741034787136, 15: 0.004863125145391562, 16: 0.0066093435431118855, 17: 0.005701456209358079, 18: 0.00653496519923372, 19: 0.005983062051082302, 20: 0.008055285356805067, 21: 0.006078864307674519, 22: 0.0066383768344058566, 23: 0.006908174631114657, 24: 0.0041465394168097094, 25: 0.0054893935216847965, 26: 0.0060268851647952626, 27: 0.007320053306030843, 28: 0.006265654976628993, 29: 0.005992119141075721, 30: 0.006262332500721215, 31: 0.007480954849360099, 32: 0.008909410234696834, 33: 0.005239248703148045, 34: 0.00915233377665229, 35: 0.007578833954710703, 36: 0.008377005393596317, 37: 0.00486427446476002, 38: 0.007681442955467999, 39: 0.0055076200729364, 40: 0.007261129485870502, 41: 0.007895112409119966, 42: 0.004351149740484043, 43: 0.006361155105387698, 44: 0.008874248545192, 45: 0.0056034890568432884, 46: 0.006510909879034786, 47: 0.004492100710910178, 48: 0.0075962595287292975, 49: 0.005272211819253957, 50: 0.00670139354126865, 51: 0.00468484500049737, 52: 0.008368482550572938, 53: 0.005245505453398286, 54: 0.008932009311600743, 55: 0.006204678036628712, 56: 0.006528147165082907, 57: 0.004676554123199305, 58: 0.004576646469934672, 59: 0.00841084767751689, 60: 0.005489450425330502, 61: 0.007393812610026288, 62: 0.007198592425782553, 63: 0.005866258837726157, 64: 0.006956973145286627, 65: 0.006625444739471578, 66: 0.0072944221963023295, 67: 0.00699973376539671, 68: 0.0076507973210323005, 69: 0.007506999187493734, 70: 0.006525094734503424, 71: 0.007170925885610077, 72: 0.003587858583140038, 73: 0.00500830781761289, 74: 0.006522206835957932}","[96, 94, 92, 92, 90, 90, 89, 88, 87, 87, 86, 86, 85, 85, 84, 84, 84, 84, 84, 83, 83, 82, 82, 82, 82, 81, 81, 81, 80, 80, 80, 80, 79, 79, 79, 79, 79, 79, 79, 78, 78, 78, 77, 77, 77, 77, 77, 76, 75, 75, 75, 74, 74, 74, 73, 72, 72, 72, 71, 71, 71, 70, 70, 69, 68, 68, 68, 68, 68, 67, 66, 63, 62, 62, 60]","dict_values([39, 44, 36, 43, 38, 46, 36, 34, 46, 46, 50, 48, 39, 43, 46, 40, 44, 41, 45, 44, 37, 43, 35, 40, 43, 47, 51, 42, 43, 45, 43, 46, 44, 49, 34, 33, 44, 46, 39, 37, 37, 39, 41, 42, 38, 48, 49, 40, 30, 43, 31, 43, 40, 43, 37, 45, 38, 39, 49, 43, 34, 30, 39, 44, 38, 45, 43, 36, 35, 36, 41, 48, 41, 50, 44])",0.05219373219373221
49,77.84,0.5329509590045133,"{0: 0.008556840646560926, 1: 0.009187290208407145, 2: 0.006417127368918667, 3: 0.0035348726009211615, 4: 0.005619146199830113, 5: 0.005415641961704012, 6: 0.005731577945699108, 7: 0.005545731963051884, 8: 0.007834175412698825, 9: 0.003344794849066965, 10: 0.005962991174554506, 11: 0.005175719409891475, 12: 0.006842048167677714, 13: 0.004818376290698943, 14: 0.011215831264646973, 15: 0.004525191974548368, 16: 0.006378685271463692, 17: 0.0057867155582317685, 18: 0.006627989419497858, 19: 0.00623342740933734, 20: 0.007952921429190612, 21: 0.005982003086660138, 22: 0.006629908834069259, 23: 0.0070046118106841, 24: 0.004223967324662851, 25: 0.005620020137612063, 26: 0.005899585644697111, 27: 0.007233853234032323, 28: 0.006294416246195352, 29: 0.0058541025736549256, 30: 0.0063258561588408315, 31: 0.007146358548563047, 32: 0.009081045007436601, 33: 0.005141292440089509, 34: 0.009331815080205653, 35: 0.007202547831107074, 36: 0.008500678070524773, 37: 0.004605221992706446, 38: 0.007849345990929114, 39: 0.005256046895580951, 40: 0.007525219190413475, 41: 0.0078116423044988885, 42: 0.004203138348971309, 43: 0.0069552122819174665, 44: 0.009079305633718128, 45: 0.005584714219018152, 46: 0.007032636971438353, 47: 0.004442279579408737, 48: 0.007546960339688302, 49: 0.005547043025034318, 50: 0.006844049235527135, 51: 0.004738390960177903, 52: 0.008254111554353044, 53: 0.005478716905571791, 54: 0.0087497666102508, 55: 0.005894818311959729, 56: 0.0066501776611977035, 57: 0.004675484359365919, 58: 0.004538275707790955, 59: 0.009182172481117697, 60: 0.005182314065937595, 61: 0.007303671769085024, 62: 0.0073385212974072835, 63: 0.005913731618063203, 64: 0.007242907164254083, 65: 0.006217110601091439, 66: 0.007543769200589251, 67: 0.007281021075322661, 68: 0.008025889248991546, 69: 0.007849492836023939, 70: 0.006408925938196567, 71: 0.007222482415173917, 72: 0.0035875145740804806, 73: 0.0050166047940136994, 74: 0.006283990642404187}","[96, 95, 93, 92, 91, 90, 89, 89, 87, 86, 86, 86, 86, 86, 85, 84, 84, 84, 83, 83, 82, 82, 82, 82, 81, 81, 81, 81, 80, 80, 80, 80, 80, 79, 79, 79, 79, 78, 78, 78, 77, 77, 77, 77, 77, 76, 76, 76, 75, 75, 74, 74, 74, 74, 73, 72, 72, 71, 71, 71, 71, 71, 69, 69, 68, 68, 68, 67, 67, 66, 66, 62, 61, 60, 59]","dict_values([39, 44, 36, 43, 38, 46, 36, 34, 46, 46, 50, 48, 39, 43, 46, 40, 44, 41, 45, 44, 37, 43, 35, 40, 43, 47, 51, 42, 43, 45, 43, 46, 44, 49, 34, 33, 44, 46, 39, 37, 37, 39, 41, 42, 38, 48, 49, 40, 30, 43, 31, 43, 40, 43, 37, 45, 38, 39, 49, 43, 34, 30, 39, 44, 38, 45, 43, 36, 35, 36, 41, 48, 41, 50, 44])",0.050458649377664186
49,78.21333333333334,0.5351665364248154,"{0: 0.008231326722321861, 1: 0.009148444889402224, 2: 0.006162747535350152, 3: 0.0035605187637831504, 4: 0.005812585094628506, 5: 0.005506514678314014, 6: 0.005823282120980672, 7: 0.005598932631042541, 8: 0.007755394872460854, 9: 0.003396362290893379, 10: 0.005676969497986412, 11: 0.005367949545600406, 12: 0.006734156977716612, 13: 0.005113660680016929, 14: 0.01101031434659152, 15: 0.0042813621451788745, 16: 0.006457451035527027, 17: 0.005475712181443488, 18: 0.006547581020536258, 19: 0.006117090954124541, 20: 0.008376763143297888, 21: 0.006288835945051525, 22: 0.006580144673721661, 23: 0.00720476165680389, 24: 0.004131065600651003, 25: 0.005414455884894561, 26: 0.005745730280277874, 27: 0.006737190929871231, 28: 0.006354145746586887, 29: 0.005940004763363135, 30: 0.006490706223732959, 31: 0.007130318995221043, 32: 0.009085065439590354, 33: 0.005096315150582856, 34: 0.009033146250758555, 35: 0.007061061946243112, 36: 0.008506551431627034, 37: 0.004554389152678547, 38: 0.007740185332454457, 39: 0.005177897554328163, 40: 0.007175898834366191, 41: 0.007812408886982202, 42: 0.004123970362409722, 43: 0.00692531342939825, 44: 0.009097661841154106, 45: 0.005477652518030362, 46: 0.006809619369073452, 47: 0.004564601158804032, 48: 0.0073758498411442795, 49: 0.0059647717210900035, 50: 0.006787665673263367, 51: 0.004731879211585744, 52: 0.007848445086834651, 53: 0.005619118840431977, 54: 0.008719831619234874, 55: 0.005862345513342178, 56: 0.006530649629230422, 57: 0.004694171114688767, 58: 0.00428080893931565, 59: 0.008792697671982493, 60: 0.0051689523441017715, 61: 0.00724884709932178, 62: 0.007545196699819871, 63: 0.005732133828287813, 64: 0.0074656905648816845, 65: 0.00617769264076906, 66: 0.007078382357261117, 67: 0.007659820524535666, 68: 0.00813643960013202, 69: 0.008088022891653997, 70: 0.006342713531111178, 71: 0.007099476214687223, 72: 0.003636435115993108, 73: 0.005093230878531522, 74: 0.006354713989199134}","[96, 95, 94, 93, 92, 89, 88, 88, 88, 88, 88, 86, 86, 85, 85, 85, 85, 84, 84, 84, 82, 82, 82, 82, 82, 81, 81, 81, 81, 81, 81, 80, 80, 79, 79, 79, 79, 79, 79, 78, 78, 78, 78, 77, 77, 76, 76, 76, 76, 76, 75, 75, 74, 74, 73, 73, 73, 72, 72, 71, 71, 70, 70, 69, 69, 68, 67, 67, 67, 66, 66, 63, 62, 60, 60]","dict_values([39, 44, 36, 43, 38, 46, 36, 34, 46, 46, 50, 48, 39, 43, 46, 40, 44, 41, 45, 44, 37, 43, 35, 40, 43, 47, 51, 42, 43, 45, 43, 46, 44, 49, 34, 33, 44, 46, 39, 37, 37, 39, 41, 42, 38, 48, 49, 40, 30, 43, 31, 43, 40, 43, 37, 45, 38, 39, 49, 43, 34, 30, 39, 44, 38, 45, 43, 36, 35, 36, 41, 48, 41, 50, 44])",0.045936472572066046
49,78.53333333333333,0.5377423477427321,"{0: 0.008262261206502771, 1: 0.00927557436173115, 2: 0.006248298853356378, 3: 0.0035348403617272385, 4: 0.0055515827244329895, 5: 0.00521322679471199, 6: 0.00568422563825583, 7: 0.005500672965474836, 8: 0.007636046819157988, 9: 0.0033360086082928836, 10: 0.005583726436592168, 11: 0.005155749795994006, 12: 0.00667128374707072, 13: 0.00515974998789112, 14: 0.010890733796275243, 15: 0.0043851091322021024, 16: 0.006277813920264638, 17: 0.005531704700223895, 18: 0.006724945879546842, 19: 0.0060207864891423145, 20: 0.008260558682347211, 21: 0.006462661742007372, 22: 0.006580487099570949, 23: 0.006958628284892357, 24: 0.004127924391566615, 25: 0.00535577441017996, 26: 0.005921450077507099, 27: 0.006736840030277972, 28: 0.006447682203671353, 29: 0.005721927911490099, 30: 0.006474134244431607, 31: 0.007232649927868427, 32: 0.008713467111021467, 33: 0.0046446557844933446, 34: 0.008951930909854152, 35: 0.007320010428563818, 36: 0.008668164211006671, 37: 0.004510063563883578, 38: 0.007877438027890456, 39: 0.005053876958945281, 40: 0.007154394265623892, 41: 0.007812460365705545, 42: 0.004337576442427866, 43: 0.007208121792930492, 44: 0.009661883716282956, 45: 0.005377021050968244, 46: 0.0068646220560860255, 47: 0.0045883234116370075, 48: 0.007624368281240462, 49: 0.005908998835916077, 50: 0.006952566069847642, 51: 0.004763619985852671, 52: 0.007443154232723118, 53: 0.005769755975646335, 54: 0.008607389129595163, 55: 0.005982497636093954, 56: 0.006251576225869662, 57: 0.00437451646894035, 58: 0.004351353192521725, 59: 0.008560677667046818, 60: 0.005219892632858378, 61: 0.007212107857919539, 62: 0.007504699188285053, 63: 0.005919042161170791, 64: 0.007330138616035689, 65: 0.006343580361669498, 66: 0.006972569307126274, 67: 0.007591813058298044, 68: 0.007972177940036941, 69: 0.008009852639309948, 70: 0.006279086459195143, 71: 0.006864682167084307, 72: 0.0035095707602951567, 73: 0.004811574865513768, 74: 0.006428471108540953}","[97, 96, 95, 93, 91, 89, 88, 88, 88, 88, 87, 87, 86, 86, 86, 86, 85, 84, 84, 84, 84, 83, 82, 82, 82, 82, 82, 82, 81, 81, 81, 81, 80, 80, 80, 80, 80, 80, 79, 79, 79, 78, 78, 78, 77, 76, 76, 76, 76, 76, 75, 75, 74, 74, 74, 74, 73, 72, 72, 71, 71, 71, 69, 69, 68, 68, 68, 68, 68, 67, 66, 63, 61, 60, 60]","dict_values([39, 44, 36, 43, 38, 46, 36, 34, 46, 46, 50, 48, 39, 43, 46, 40, 44, 41, 45, 44, 37, 43, 35, 40, 43, 47, 51, 42, 43, 45, 43, 46, 44, 49, 34, 33, 44, 46, 39, 37, 37, 39, 41, 42, 38, 48, 49, 40, 30, 43, 31, 43, 40, 43, 37, 45, 38, 39, 49, 43, 34, 30, 39, 44, 38, 45, 43, 36, 35, 36, 41, 48, 41, 50, 44])",0.048205210984633394
49,78.50666666666666,0.5370467020811902,"{0: 0.008143567257189963, 1: 0.009221941175670089, 2: 0.006226283448381241, 3: 0.0035472266457855805, 4: 0.005556755561381256, 5: 0.005216963787354269, 6: 0.005762982364548718, 7: 0.005315771446756943, 8: 0.007459382094880226, 9: 0.0033943603826361835, 10: 0.005520593340401297, 11: 0.005269935529396179, 12: 0.006397455502315181, 13: 0.005420811032916319, 14: 0.010766726237833662, 15: 0.00429007234096616, 16: 0.006297308774598601, 17: 0.005449386599400812, 18: 0.006630772119996835, 19: 0.005909530840553505, 20: 0.007785212240508924, 21: 0.006530057021269209, 22: 0.006723958525513499, 23: 0.006916298282499285, 24: 0.004202239249314674, 25: 0.005537024646649109, 26: 0.005575870495559359, 27: 0.00687132862083134, 28: 0.0064283656128151035, 29: 0.005876803179825689, 30: 0.006479015039700044, 31: 0.0072403426661899134, 32: 0.008638587242882426, 33: 0.004767920203057659, 34: 0.008867872870237973, 35: 0.007281953275746478, 36: 0.008940702607583744, 37: 0.004610845454057824, 38: 0.007752553980975519, 39: 0.005251240036974475, 40: 0.0071739666932849515, 41: 0.0076295974669808924, 42: 0.004456371048499251, 43: 0.00721629851450537, 44: 0.009600485478078756, 45: 0.005330064199339675, 46: 0.007478336211749093, 47: 0.00460071306228953, 48: 0.007842989364886217, 49: 0.005993165023382753, 50: 0.007063070217028973, 51: 0.004629686107754774, 52: 0.007971241632466715, 53: 0.00564478703785911, 54: 0.00850315262929187, 55: 0.006220396103854829, 56: 0.0064535027854724335, 57: 0.004272055693108572, 58: 0.004204359053551624, 59: 0.008523936747349067, 60: 0.005523383843181399, 61: 0.00720496034042027, 62: 0.007629551724166734, 63: 0.005803333354907074, 64: 0.007311943137224585, 65: 0.006304392369174546, 66: 0.006986769188499831, 67: 0.007330794054456576, 68: 0.007713108113454522, 69: 0.008043480068595316, 70: 0.006203423835717253, 71: 0.007063363560429478, 72: 0.003657358473438938, 73: 0.00466154916909705, 74: 0.006092316731431872}","[96, 96, 94, 92, 91, 89, 89, 88, 88, 87, 87, 87, 87, 86, 85, 85, 85, 85, 85, 84, 83, 83, 83, 82, 82, 82, 81, 81, 81, 81, 81, 81, 81, 80, 80, 80, 80, 79, 79, 79, 79, 79, 78, 78, 77, 77, 77, 77, 76, 76, 75, 75, 75, 74, 73, 73, 73, 73, 71, 71, 71, 71, 70, 68, 68, 68, 67, 67, 67, 67, 66, 64, 62, 60, 60]","dict_values([39, 44, 36, 43, 38, 46, 36, 34, 46, 46, 50, 48, 39, 43, 46, 40, 44, 41, 45, 44, 37, 43, 35, 40, 43, 47, 51, 42, 43, 45, 43, 46, 44, 49, 34, 33, 44, 46, 39, 37, 37, 39, 41, 42, 38, 48, 49, 40, 30, 43, 31, 43, 40, 43, 37, 45, 38, 39, 49, 43, 34, 30, 39, 44, 38, 45, 43, 36, 35, 36, 41, 48, 41, 50, 44])",0.05356971437854442
50,78.61333333333333,0.5373669292482536,"{0: 0.008212028966872918, 1: 0.008413356003032831, 2: 0.006352083349190408, 3: 0.0035483578485608486, 4: 0.005682387190085659, 5: 0.0052945790590585426, 6: 0.005545616912786573, 7: 0.005124220053388858, 8: 0.0076106481830941946, 9: 0.0033607434897096763, 10: 0.005569404985560188, 11: 0.005147019287962582, 12: 0.006434909829362407, 13: 0.005361905432738963, 14: 0.010407330867571386, 15: 0.0044332996070843315, 16: 0.006027933810160367, 17: 0.005263022845675191, 18: 0.0069737998052285515, 19: 0.005879906971585322, 20: 0.008573380500612588, 21: 0.006314553139296817, 22: 0.006649930283178114, 23: 0.006844741656023235, 24: 0.00415697757216324, 25: 0.005483565781812743, 26: 0.005414702434260126, 27: 0.006576394817051544, 28: 0.006706261866095273, 29: 0.0058782597070229795, 30: 0.00635797954494535, 31: 0.007164473712982268, 32: 0.008688748590518398, 33: 0.005025642455596162, 34: 0.008816405348544666, 35: 0.00742290424445324, 36: 0.009233554878361113, 37: 0.004923924944502186, 38: 0.007647120867534651, 39: 0.005622067006884221, 40: 0.007139284413671438, 41: 0.007490718893659735, 42: 0.004623336777360177, 43: 0.00717713016255743, 44: 0.009158502339585543, 45: 0.005089329101524737, 46: 0.0074995669965120335, 47: 0.0046319178687814315, 48: 0.007610823413604004, 49: 0.005917824431281122, 50: 0.006922861957277713, 51: 0.004759302334607754, 52: 0.007923760951619412, 53: 0.0053612939728401275, 54: 0.009076580611827522, 55: 0.006157413158286687, 56: 0.006113682748440776, 57: 0.004545513509086577, 58: 0.004029201298611524, 59: 0.008544447960948649, 60: 0.005506446906399354, 61: 0.007206572592910875, 62: 0.007802016487404022, 63: 0.005729834871768136, 64: 0.007269622566666817, 65: 0.006452403108596201, 66: 0.007065733590551706, 67: 0.007673346471650328, 68: 0.0074998567590134025, 69: 0.008193446413541541, 70: 0.006054821877980174, 71: 0.006970604316687859, 72: 0.003560259274191973, 73: 0.004782962586260292, 74: 0.005988889699938222}","[95, 95, 94, 91, 90, 90, 89, 89, 89, 88, 88, 86, 86, 86, 86, 86, 85, 85, 84, 84, 84, 83, 83, 83, 83, 82, 82, 82, 81, 81, 81, 81, 80, 80, 80, 79, 79, 79, 79, 79, 79, 79, 78, 78, 78, 77, 77, 77, 77, 76, 75, 74, 74, 74, 73, 73, 73, 72, 72, 71, 70, 70, 70, 69, 69, 69, 69, 68, 68, 67, 66, 64, 62, 61, 60]","dict_values([39, 44, 36, 43, 38, 46, 36, 34, 46, 46, 50, 48, 39, 43, 46, 40, 44, 41, 45, 44, 37, 43, 35, 40, 43, 47, 51, 42, 43, 45, 43, 46, 44, 49, 34, 33, 44, 46, 39, 37, 37, 39, 41, 42, 38, 48, 49, 40, 30, 43, 31, 43, 40, 43, 37, 45, 38, 39, 49, 43, 34, 30, 39, 44, 38, 45, 43, 36, 35, 36, 41, 48, 41, 50, 44])",0.049710702378081215
49,78.37333333333333,0.5357590933504901,"{0: 0.008500546528008907, 1: 0.008515418364939374, 2: 0.006217676171893567, 3: 0.0034913507218471596, 4: 0.005583682715861347, 5: 0.005344597460756937, 6: 0.005693926646794012, 7: 0.00501223901396083, 8: 0.007620401662838083, 9: 0.0034175262257889836, 10: 0.00532973297135689, 11: 0.0052755107595456865, 12: 0.00659446638582238, 13: 0.005235870658458534, 14: 0.010245292947724078, 15: 0.0047191619671824265, 16: 0.006076933861991771, 17: 0.005387562351155407, 18: 0.006792429299080028, 19: 0.005947594933691141, 20: 0.00909381702801159, 21: 0.005806791869352665, 22: 0.006787323726741533, 23: 0.006929748359412439, 24: 0.004012485210783656, 25: 0.005459755468912489, 26: 0.005192420609508764, 27: 0.006617735800370987, 28: 0.006626253722283545, 29: 0.00602963467355752, 30: 0.006413699883793197, 31: 0.007089705502821315, 32: 0.008439005078811696, 33: 0.004794079995979861, 34: 0.00916211640269976, 35: 0.007511798563717938, 36: 0.009522283543397988, 37: 0.004926247142946451, 38: 0.0076873662180903255, 39: 0.005896269604485621, 40: 0.0076253601665760085, 41: 0.007369046437129054, 42: 0.004870793938539766, 43: 0.0072392080210145005, 44: 0.009250036639735944, 45: 0.004973783929153137, 46: 0.0074984955259666, 47: 0.004658014849553088, 48: 0.007959285160791781, 49: 0.005693702807669896, 50: 0.006667529009456456, 51: 0.004684128188487373, 52: 0.007917575964352917, 53: 0.005489685163457892, 54: 0.008748993496653779, 55: 0.006478585941373297, 56: 0.006297184217859545, 57: 0.004548756610582346, 58: 0.003962328657041624, 59: 0.008939261968306892, 60: 0.005581419107633153, 61: 0.007226467425994428, 62: 0.007846302272149998, 63: 0.005587454729805596, 64: 0.007044059424714073, 65: 0.006648766525411073, 66: 0.006866482856153039, 67: 0.007849906715102046, 68: 0.007479670859216996, 69: 0.007795441845490571, 70: 0.005967911934365521, 71: 0.007042731772595573, 72: 0.0035902905316674842, 73: 0.004857174474331405, 74: 0.006083206664739364}","[94, 94, 93, 92, 90, 90, 90, 89, 89, 89, 87, 87, 87, 86, 86, 86, 85, 85, 83, 83, 83, 83, 83, 83, 82, 82, 82, 81, 81, 81, 80, 80, 80, 80, 80, 80, 80, 79, 79, 79, 79, 78, 78, 78, 77, 77, 77, 77, 76, 75, 74, 74, 73, 73, 73, 73, 72, 72, 71, 71, 70, 70, 70, 69, 69, 68, 68, 68, 67, 67, 65, 64, 62, 61, 59]","dict_values([39, 44, 36, 43, 38, 46, 36, 34, 46, 46, 50, 48, 39, 43, 46, 40, 44, 41, 45, 44, 37, 43, 35, 40, 43, 47, 51, 42, 43, 45, 43, 46, 44, 49, 34, 33, 44, 46, 39, 37, 37, 39, 41, 42, 38, 48, 49, 40, 30, 43, 31, 43, 40, 43, 37, 45, 38, 39, 49, 43, 34, 30, 39, 44, 38, 45, 43, 36, 35, 36, 41, 48, 41, 50, 44])",0.04653380214526495
51,78.16,0.5340504458469065,"{0: 0.008341589874461269, 1: 0.00857067200666171, 2: 0.006296057274335555, 3: 0.0034143527711597106, 4: 0.005491648287227043, 5: 0.005107930057573068, 6: 0.005724427432213791, 7: 0.004849905295380924, 8: 0.00731903754250278, 9: 0.0035450489040120227, 10: 0.005067488961305778, 11: 0.00536128698467802, 12: 0.006501585585219452, 13: 0.005294723080472245, 14: 0.010273110958671892, 15: 0.004753915334246594, 16: 0.006268055745692246, 17: 0.005428828088128415, 18: 0.006806936847483316, 19: 0.00607450254516052, 20: 0.009065171823028576, 21: 0.0058789156222987075, 22: 0.006421554806414098, 23: 0.0067865821457364145, 24: 0.004162240040488637, 25: 0.005414611298398768, 26: 0.005074603322458986, 27: 0.006819833182594179, 28: 0.006648647488501917, 29: 0.006111968154249425, 30: 0.006502894951038703, 31: 0.0071358982548818135, 32: 0.008456567338269686, 33: 0.004980340867072717, 34: 0.009725587980347861, 35: 0.007552637562315228, 36: 0.010093166312372694, 37: 0.004890430921290611, 38: 0.007496037165905169, 39: 0.0062151593895243855, 40: 0.007902032221325135, 41: 0.007336742468289983, 42: 0.004968422441148645, 43: 0.007553394231796741, 44: 0.009096318347417186, 45: 0.00484386842021502, 46: 0.0069944051765270954, 47: 0.004619691190419141, 48: 0.007759625114747737, 49: 0.005718126663992172, 50: 0.0068389067964690995, 51: 0.005017545519502494, 52: 0.007968353484234716, 53: 0.005435797909168317, 54: 0.00879610421120738, 55: 0.006470820743043806, 56: 0.00618744243200579, 57: 0.004590128357351115, 58: 0.004210672236185857, 59: 0.008658961293895722, 60: 0.0056414066607264985, 61: 0.007401863151297912, 62: 0.007872323795790358, 63: 0.005926910500444908, 64: 0.007183800478167469, 65: 0.006820213099477828, 66: 0.0070007039099892, 67: 0.00767055980300333, 68: 0.007332150975347518, 69: 0.007699447754355188, 70: 0.006024263171745994, 71: 0.006938500564122039, 72: 0.0035766304426997275, 73: 0.005102272119593443, 74: 0.005738078985751896}","[94, 93, 93, 91, 91, 91, 90, 90, 89, 89, 88, 86, 86, 85, 85, 85, 85, 84, 84, 83, 83, 83, 82, 82, 81, 81, 81, 81, 81, 81, 81, 80, 80, 80, 80, 79, 79, 79, 79, 78, 78, 78, 78, 77, 77, 77, 77, 76, 75, 75, 75, 74, 73, 73, 73, 73, 71, 71, 70, 70, 70, 70, 70, 69, 68, 68, 68, 68, 67, 67, 66, 65, 62, 60, 60]","dict_values([39, 44, 36, 43, 38, 46, 36, 34, 46, 46, 50, 48, 39, 43, 46, 40, 44, 41, 45, 44, 37, 43, 35, 40, 43, 47, 51, 42, 43, 45, 43, 46, 44, 49, 34, 33, 44, 46, 39, 37, 37, 39, 41, 42, 38, 48, 49, 40, 30, 43, 31, 43, 40, 43, 37, 45, 38, 39, 49, 43, 34, 30, 39, 44, 38, 45, 43, 36, 35, 36, 41, 48, 41, 50, 44])",0.04587905541779129
52,78.16,0.5344220654329247,"{0: 0.008499931547823468, 1: 0.00869060772758317, 2: 0.006463171647860865, 3: 0.0035293786409449643, 4: 0.005491399801660499, 5: 0.005187447317851554, 6: 0.006026272351898929, 7: 0.004508157278876622, 8: 0.007355602130178538, 9: 0.003551945462096081, 10: 0.004990619899379315, 11: 0.005795848375362629, 12: 0.006507051818562272, 13: 0.005275090948138717, 14: 0.00999323534251857, 15: 0.004863859834996202, 16: 0.006275245489166796, 17: 0.005336644725183742, 18: 0.006593719683359874, 19: 0.006229138513688379, 20: 0.00941439270185765, 21: 0.005805198764467343, 22: 0.006379943473325806, 23: 0.006755516764801861, 24: 0.004231378209257474, 25: 0.005448854965658005, 26: 0.004890129881049982, 27: 0.006600505317781584, 28: 0.006401508393557864, 29: 0.006055974423694232, 30: 0.006389698476314078, 31: 0.007147103983662043, 32: 0.008389960719040895, 33: 0.004951062536538086, 34: 0.01031763081201091, 35: 0.007387036349797247, 36: 0.010283189177788993, 37: 0.004721179290933872, 38: 0.007481140370841548, 39: 0.006621022272589419, 40: 0.00787584077277015, 41: 0.007119129503094392, 42: 0.005241762178032814, 43: 0.007830492302909482, 44: 0.00912692848075387, 45: 0.004713892450283468, 46: 0.007043051182392047, 47: 0.004305694143381351, 48: 0.0075631548819030765, 49: 0.005663715955641081, 50: 0.007173769804440943, 51: 0.004852417245860781, 52: 0.007951604835809964, 53: 0.005326768100581034, 54: 0.008556799119188562, 55: 0.006484317640880337, 56: 0.006120081956662642, 57: 0.004366065726086485, 58: 0.003999178096593042, 59: 0.008630304400959606, 60: 0.005352704779290748, 61: 0.007231493809102278, 62: 0.008034027137513906, 63: 0.0059444192716504385, 64: 0.007584902903965295, 65: 0.006684088760216937, 66: 0.007261935489921777, 67: 0.007852875792158874, 68: 0.007289496970591922, 69: 0.0076839295377561685, 70: 0.006037797707464568, 71: 0.0070159575211516546, 72: 0.003610924519985167, 73: 0.005027350433457748, 74: 0.005426768040678693}","[94, 93, 93, 93, 92, 91, 90, 89, 89, 89, 88, 87, 86, 86, 85, 85, 85, 84, 83, 83, 83, 83, 82, 82, 82, 82, 82, 82, 82, 81, 81, 80, 80, 80, 80, 79, 79, 79, 78, 78, 78, 78, 78, 78, 77, 77, 77, 76, 75, 75, 74, 74, 73, 73, 72, 72, 72, 72, 70, 70, 70, 69, 69, 69, 68, 68, 67, 67, 67, 65, 65, 64, 62, 61, 60]","dict_values([39, 44, 36, 43, 38, 46, 36, 34, 46, 46, 50, 48, 39, 43, 46, 40, 44, 41, 45, 44, 37, 43, 35, 40, 43, 47, 51, 42, 43, 45, 43, 46, 44, 49, 34, 33, 44, 46, 39, 37, 37, 39, 41, 42, 38, 48, 49, 40, 30, 43, 31, 43, 40, 43, 37, 45, 38, 39, 49, 43, 34, 30, 39, 44, 38, 45, 43, 36, 35, 36, 41, 48, 41, 50, 44])",0.04494048897414326
51,78.13333333333334,0.5335424919700693,"{0: 0.008281578711939875, 1: 0.008448824012945357, 2: 0.006692361900772572, 3: 0.003549088391852786, 4: 0.0055153728951003594, 5: 0.005407006921828337, 6: 0.006156359418149392, 7: 0.004461960484330925, 8: 0.007559188478964874, 9: 0.003425910614181962, 10: 0.005151278454822901, 11: 0.006095825702580587, 12: 0.006219180045107654, 13: 0.00559426354727742, 14: 0.009807062013328044, 15: 0.00486351530328967, 16: 0.006207667365494235, 17: 0.005123016911359926, 18: 0.006737759395806983, 19: 0.006464260285240764, 20: 0.00925353800474045, 21: 0.005644826057337264, 22: 0.006411221431803914, 23: 0.007015071141554569, 24: 0.004179521496893531, 25: 0.005399163670319152, 26: 0.0048977811678167565, 27: 0.006515940947175385, 28: 0.006174759850675549, 29: 0.005977653573643418, 30: 0.006308287995556162, 31: 0.00715879877703204, 32: 0.008056926709381526, 33: 0.005302034426660657, 34: 0.009912959150455668, 35: 0.007250603061629709, 36: 0.010391640119006946, 37: 0.004721086608191354, 38: 0.007335206381541048, 39: 0.006946995481689464, 40: 0.008089066850736576, 41: 0.007274854170854657, 42: 0.005258236653685108, 43: 0.007827104979731903, 44: 0.009083611907860419, 45: 0.005023246722707219, 46: 0.0068061212100334586, 47: 0.00439658318712519, 48: 0.007553823297703752, 49: 0.005603556722805601, 50: 0.007427381534055831, 51: 0.004830365704628655, 52: 0.00796064714080647, 53: 0.005142229466628063, 54: 0.008251979934358512, 55: 0.006771968841200906, 56: 0.006133044584000904, 57: 0.004610761506229254, 58: 0.0039125337192713015, 59: 0.008438281272749511, 60: 0.005388483354284934, 61: 0.007071159405112859, 62: 0.008035200874285556, 63: 0.006034042752667851, 64: 0.007489963277377527, 65: 0.00645657158132449, 66: 0.0075838468909196115, 67: 0.008047082595820128, 68: 0.0068799199265134545, 69: 0.0074097120300557345, 70: 0.005961660155904103, 71: 0.0075160476434970825, 72: 0.0035448043625085695, 73: 0.005228004721959545, 74: 0.005348157611820267}","[93, 93, 92, 92, 92, 89, 89, 89, 89, 88, 88, 86, 86, 85, 84, 84, 84, 84, 84, 84, 83, 83, 83, 83, 83, 83, 82, 82, 82, 81, 81, 80, 80, 79, 79, 79, 79, 79, 79, 78, 78, 78, 78, 78, 77, 77, 76, 76, 75, 75, 75, 74, 73, 73, 73, 72, 72, 71, 71, 70, 70, 70, 70, 69, 69, 69, 69, 68, 67, 64, 64, 64, 61, 61, 60]","dict_values([39, 44, 36, 43, 38, 46, 36, 34, 46, 46, 50, 48, 39, 43, 46, 40, 44, 41, 45, 44, 37, 43, 35, 40, 43, 47, 51, 42, 43, 45, 43, 46, 44, 49, 34, 33, 44, 46, 39, 37, 37, 39, 41, 42, 38, 48, 49, 40, 30, 43, 31, 43, 40, 43, 37, 45, 38, 39, 49, 43, 34, 30, 39, 44, 38, 45, 43, 36, 35, 36, 41, 48, 41, 50, 44])",0.04712809700753649
53,78.21333333333334,0.5338758213537373,"{0: 0.008056882371310815, 1: 0.008469428162520767, 2: 0.006430923767933741, 3: 0.0037557339130124064, 4: 0.005471173884334481, 5: 0.005546078697970792, 6: 0.006168620092700165, 7: 0.004425010339818328, 8: 0.007220497421853811, 9: 0.0033997836565233587, 10: 0.005210050889711816, 11: 0.006278907974145026, 12: 0.006209355500147475, 13: 0.005475208666052024, 14: 0.009591446729020098, 15: 0.005177331909795548, 16: 0.005926128265666895, 17: 0.005137512883088208, 18: 0.006721497533684976, 19: 0.006360605054522792, 20: 0.00954278197030313, 21: 0.0057703113705355235, 22: 0.006590062118912777, 23: 0.006998745053451452, 24: 0.004091204404527556, 25: 0.005369745909555503, 26: 0.004682473220561002, 27: 0.006354061199629535, 28: 0.005917532187128036, 29: 0.006187259861770231, 30: 0.006257417312606167, 31: 0.007492515328744311, 32: 0.0079201355237005, 33: 0.005078149376512643, 34: 0.010374311131536055, 35: 0.0071873058633387206, 36: 0.010286323994921066, 37: 0.004530116516724891, 38: 0.007218583133261758, 39: 0.006878795961554938, 40: 0.007853119345651785, 41: 0.007404318437307295, 42: 0.004919376748919472, 43: 0.007743111349539412, 44: 0.008777383788397373, 45: 0.005360590152039843, 46: 0.007075252901295963, 47: 0.004399884406562382, 48: 0.007595348688375997, 49: 0.005626402446343672, 50: 0.007206767429314453, 51: 0.004847333239744506, 52: 0.007945363128182777, 53: 0.0052974685637157196, 54: 0.007895159815379834, 55: 0.006816638141772379, 56: 0.006144212283511123, 57: 0.004775487525805604, 58: 0.0037618694384905682, 59: 0.007884813222419403, 60: 0.005179354865943386, 61: 0.007297132891474258, 62: 0.00818839914410494, 63: 0.005925205744916673, 64: 0.007634400900920355, 65: 0.007030224102508064, 66: 0.007373769293720304, 67: 0.008194731147902498, 68: 0.00705584235406756, 69: 0.007180476138513165, 70: 0.005826005915084555, 71: 0.007509096348647574, 72: 0.003899600812907718, 73: 0.005486482542618479, 74: 0.0055795712190973915}","[94, 94, 93, 92, 92, 89, 89, 88, 88, 88, 87, 86, 86, 85, 85, 85, 84, 84, 84, 84, 84, 83, 83, 83, 83, 83, 83, 82, 81, 81, 81, 80, 80, 79, 79, 79, 79, 78, 78, 78, 78, 78, 78, 78, 77, 77, 76, 76, 75, 75, 74, 74, 74, 74, 73, 72, 72, 71, 71, 71, 71, 70, 70, 69, 69, 69, 68, 68, 68, 64, 64, 63, 63, 62, 60]","dict_values([39, 44, 36, 43, 38, 46, 36, 34, 46, 46, 50, 48, 39, 43, 46, 40, 44, 41, 45, 44, 37, 43, 35, 40, 43, 47, 51, 42, 43, 45, 43, 46, 44, 49, 34, 33, 44, 46, 39, 37, 37, 39, 41, 42, 38, 48, 49, 40, 30, 43, 31, 43, 40, 43, 37, 45, 38, 39, 49, 43, 34, 30, 39, 44, 38, 45, 43, 36, 35, 36, 41, 48, 41, 50, 44])",0.04645992572614741
52,78.4,0.5343768281428274,"{0: 0.007943186330519944, 1: 0.008274823641929888, 2: 0.006643375930186826, 3: 0.004047505626482686, 4: 0.005817107780751279, 5: 0.005607406646899617, 6: 0.0065166814825699465, 7: 0.004292935882261407, 8: 0.007106836445831175, 9: 0.0036082020154067787, 10: 0.0052756880282050275, 11: 0.006095311462992553, 12: 0.005968981558640913, 13: 0.005085264864707219, 14: 0.009103077739624986, 15: 0.005371203696822926, 16: 0.006000505035887434, 17: 0.004910778143754455, 18: 0.006545242007642433, 19: 0.006561389643349389, 20: 0.009518388984344648, 21: 0.005687533352882439, 22: 0.006502599546618734, 23: 0.007210477551609596, 24: 0.004197092720642886, 25: 0.005293570265424697, 26: 0.004799045855507924, 27: 0.0061067272223562395, 28: 0.005809356089425913, 29: 0.00607845857891713, 30: 0.006194186732958203, 31: 0.007454828789748001, 32: 0.008040937362483947, 33: 0.005010011698981989, 34: 0.009984146836345001, 35: 0.007298768980676884, 36: 0.010101269505011438, 37: 0.004441304979816561, 38: 0.007371939089998586, 39: 0.0070434486030615424, 40: 0.007985383157985247, 41: 0.007318938603036612, 42: 0.005001539100804588, 43: 0.007298938819280871, 44: 0.008877762091861849, 45: 0.005335529705026499, 46: 0.007090436979148229, 47: 0.0045569258821277015, 48: 0.0073030752749657, 49: 0.005669927846574571, 50: 0.007133230206588462, 51: 0.0049798720775107485, 52: 0.007351709179170766, 53: 0.0053043372557446304, 54: 0.00830786233976745, 55: 0.006664255377809107, 56: 0.00623931966538094, 57: 0.004905450583681944, 58: 0.0036654766667763967, 59: 0.00751473610907367, 60: 0.005326062887701153, 61: 0.007353527424286415, 62: 0.008319316060875517, 63: 0.005914771001301526, 64: 0.007137498576812053, 65: 0.006957299867162391, 66: 0.007231196050424264, 67: 0.008511750346142873, 68: 0.007009355569276656, 69: 0.007272255998823916, 70: 0.006004439143099075, 71: 0.007495459116941426, 72: 0.004123897738262009, 73: 0.005681877059453454, 74: 0.00539137678981836}","[94, 93, 93, 93, 90, 90, 89, 89, 88, 88, 86, 86, 86, 85, 85, 85, 85, 85, 84, 84, 83, 83, 83, 83, 83, 83, 82, 82, 82, 81, 81, 81, 81, 81, 79, 79, 79, 79, 78, 78, 78, 78, 78, 77, 77, 77, 76, 76, 76, 75, 74, 74, 74, 73, 73, 72, 72, 72, 72, 72, 71, 71, 70, 69, 69, 69, 69, 69, 68, 65, 65, 64, 63, 62, 61]","dict_values([39, 44, 36, 43, 38, 46, 36, 34, 46, 46, 50, 48, 39, 43, 46, 40, 44, 41, 45, 44, 37, 43, 35, 40, 43, 47, 51, 42, 43, 45, 43, 46, 44, 49, 34, 33, 44, 46, 39, 37, 37, 39, 41, 42, 38, 48, 49, 40, 30, 43, 31, 43, 40, 43, 37, 45, 38, 39, 49, 43, 34, 30, 39, 44, 38, 45, 43, 36, 35, 36, 41, 48, 41, 50, 44])",0.04831146744412048
52,78.4,0.5351769873133807,"{0: 0.00787327603535705, 1: 0.008136300329669513, 2: 0.007295719598045058, 3: 0.00385885916685169, 4: 0.005789673802743063, 5: 0.005649554893316786, 6: 0.006558583371406472, 7: 0.004171713988776261, 8: 0.0071930938778734035, 9: 0.003742919291652243, 10: 0.005148800694546121, 11: 0.005891306958046847, 12: 0.006142950350227744, 13: 0.005076703449794584, 14: 0.008840188431449608, 15: 0.0053616192029955975, 16: 0.006112718087715703, 17: 0.004921235102673984, 18: 0.0064380683135700795, 19: 0.006691687807124997, 20: 0.009752534278521532, 21: 0.005388776613895289, 22: 0.0065693820850377055, 23: 0.006811294441466664, 24: 0.004309366643377454, 25: 0.005495751524798322, 26: 0.004951177803974112, 27: 0.006242981568310585, 28: 0.005695266607490412, 29: 0.0060536331318538665, 30: 0.006374837488199182, 31: 0.007422387322114208, 32: 0.008249067951421649, 33: 0.004967340258836492, 34: 0.010158052786371621, 35: 0.007404023968927707, 36: 0.010315245881975021, 37: 0.004424191668200558, 38: 0.007483660809484261, 39: 0.007142441394330845, 40: 0.008078520811195245, 41: 0.007254126473410366, 42: 0.004874607939184123, 43: 0.007464703119109475, 44: 0.00878216855816352, 45: 0.0050594601877368, 46: 0.006902440467598509, 47: 0.0047222036555404565, 48: 0.007465688320601699, 49: 0.005602067103745019, 50: 0.007218622396412555, 51: 0.005008894120407247, 52: 0.0070898386874586865, 53: 0.005098686334394427, 54: 0.007836100361293868, 55: 0.006663536630580587, 56: 0.006030830813190856, 57: 0.004677886867644404, 58: 0.00379639579822169, 59: 0.007340790462625227, 60: 0.004708863018174416, 61: 0.0073801116538966555, 62: 0.008373068919951567, 63: 0.005701148855579809, 64: 0.007187185586799063, 65: 0.007004709998092798, 66: 0.007419472472096231, 67: 0.00853531101852379, 68: 0.006943555518104891, 69: 0.007800863859972875, 70: 0.005622979907762555, 71: 0.00794311785844934, 72: 0.004128415320538776, 73: 0.005824516489275651, 74: 0.0055071106958188175}","[95, 94, 94, 93, 90, 89, 89, 88, 88, 88, 86, 86, 86, 86, 85, 85, 85, 85, 84, 84, 84, 84, 84, 83, 83, 83, 83, 83, 82, 82, 82, 81, 81, 80, 80, 79, 79, 79, 78, 78, 77, 77, 77, 76, 76, 76, 76, 76, 76, 75, 75, 74, 74, 74, 74, 72, 72, 71, 71, 71, 70, 70, 70, 69, 69, 69, 69, 68, 68, 65, 65, 63, 63, 62, 62]","dict_values([39, 44, 36, 43, 38, 46, 36, 34, 46, 46, 50, 48, 39, 43, 46, 40, 44, 41, 45, 44, 37, 43, 35, 40, 43, 47, 51, 42, 43, 45, 43, 46, 44, 49, 34, 33, 44, 46, 39, 37, 37, 39, 41, 42, 38, 48, 49, 40, 30, 43, 31, 43, 40, 43, 37, 45, 38, 39, 49, 43, 34, 30, 39, 44, 38, 45, 43, 36, 35, 36, 41, 48, 41, 50, 44])",0.053686195566662015
51,78.18666666666667,0.5336066400520673,"{0: 0.007945649933813161, 1: 0.008402742902273419, 2: 0.007496336573932027, 3: 0.003791623494285583, 4: 0.005963325175637843, 5: 0.005627884181915792, 6: 0.006799624601819462, 7: 0.004249633104777912, 8: 0.0073263728335857875, 9: 0.0037935449633661224, 10: 0.005171252905282173, 11: 0.0060373653982285945, 12: 0.006167502031640005, 13: 0.005178044183678111, 14: 0.008687451389261101, 15: 0.005465646739931794, 16: 0.006447768813124407, 17: 0.0049141279401364825, 18: 0.006489409821013055, 19: 0.0067621266863502295, 20: 0.009855154053955085, 21: 0.005406111354185708, 22: 0.0061151130258886984, 23: 0.006872185270546117, 24: 0.00438812777530844, 25: 0.005634312355765364, 26: 0.004930428211398665, 27: 0.006193922275258289, 28: 0.005493005303792559, 29: 0.005890516511587388, 30: 0.006330730728647714, 31: 0.007619285504181311, 32: 0.008579561357685889, 33: 0.00529758129947196, 34: 0.01015750568251782, 35: 0.006823315894641321, 36: 0.010433637727450928, 37: 0.004370710726659682, 38: 0.00754427077503772, 39: 0.0071757425906203084, 40: 0.00785636615015063, 41: 0.007338799587995684, 42: 0.005050869562926275, 43: 0.007566048216092839, 44: 0.008604338727190979, 45: 0.005126757552898011, 46: 0.007127946796903023, 47: 0.004482408260728097, 48: 0.007318610549183268, 49: 0.005713815426726037, 50: 0.007051027121052492, 51: 0.004777017448334012, 52: 0.006955688153375021, 53: 0.005281649010294971, 54: 0.007600880414719017, 55: 0.006575400840920801, 56: 0.006191036405027469, 57: 0.004525583427940157, 58: 0.0037997238200591357, 59: 0.007402994169832363, 60: 0.004882397544969633, 61: 0.007185912405821029, 62: 0.008313836690679722, 63: 0.005725489792255996, 64: 0.007285406046464447, 65: 0.006951024605241564, 66: 0.0074742409681962585, 67: 0.008400675545036766, 68: 0.007069604693254712, 69: 0.007507705364607783, 70: 0.005912544131585702, 71: 0.008075039372028253, 72: 0.004352683558510918, 73: 0.0059627789022078615, 74: 0.005360366889893666}","[95, 94, 94, 92, 91, 89, 88, 88, 88, 87, 86, 85, 85, 85, 85, 85, 85, 85, 84, 84, 84, 83, 83, 83, 83, 83, 82, 82, 82, 82, 82, 82, 81, 80, 80, 80, 78, 78, 78, 77, 77, 77, 76, 76, 76, 76, 76, 76, 75, 75, 75, 74, 74, 74, 73, 73, 72, 71, 71, 70, 70, 70, 70, 69, 69, 68, 68, 68, 67, 66, 65, 63, 62, 62, 62]","dict_values([39, 44, 36, 43, 38, 46, 36, 34, 46, 46, 50, 48, 39, 43, 46, 40, 44, 41, 45, 44, 37, 43, 35, 40, 43, 47, 51, 42, 43, 45, 43, 46, 44, 49, 34, 33, 44, 46, 39, 37, 37, 39, 41, 42, 38, 48, 49, 40, 30, 43, 31, 43, 40, 43, 37, 45, 38, 39, 49, 43, 34, 30, 39, 44, 38, 45, 43, 36, 35, 36, 41, 48, 41, 50, 44])",0.04747340351282088
50,78.37333333333333,0.5350978095723716,"{0: 0.007924069332162716, 1: 0.00836072776431538, 2: 0.0071115114280781355, 3: 0.003678690501484661, 4: 0.005954717859251813, 5: 0.005616932904359018, 6: 0.00678550672124462, 7: 0.00438877957975133, 8: 0.007246822443963387, 9: 0.003917307785377938, 10: 0.004870573943523047, 11: 0.00621142909843577, 12: 0.005907690771221133, 13: 0.005077759720414825, 14: 0.008586055622572954, 15: 0.005367173094010531, 16: 0.00653476032491132, 17: 0.004960498406920178, 18: 0.006123343704800215, 19: 0.007035027608109771, 20: 0.009697835255177506, 21: 0.005738256854070572, 22: 0.006047597660944754, 23: 0.006892694900875489, 24: 0.004475322892034334, 25: 0.0054308196039184195, 26: 0.005084869612936588, 27: 0.005997651488003756, 28: 0.005748758525155938, 29: 0.00625264933683121, 30: 0.00655794113703141, 31: 0.007690227819026879, 32: 0.007965078473747278, 33: 0.005007865292464306, 34: 0.00979116112952821, 35: 0.006042732606885356, 36: 0.010382496659252427, 37: 0.0044603101161095424, 38: 0.007445145360899359, 39: 0.007161390154861609, 40: 0.007828159869341942, 41: 0.007466377349695067, 42: 0.005300020287853709, 43: 0.007905636063901367, 44: 0.008896766459387313, 45: 0.005143481103358187, 46: 0.007058248752883952, 47: 0.004384961729511794, 48: 0.0074287269763674306, 49: 0.005630403043060438, 50: 0.007229526506214076, 51: 0.00470823330592877, 52: 0.006877801402749724, 53: 0.005297479872297476, 54: 0.007301049707489551, 55: 0.006874987248555196, 56: 0.006128583173244859, 57: 0.00451556353443455, 58: 0.0038158196640903004, 59: 0.007437719646770559, 60: 0.005017319083090314, 61: 0.0073899004758503795, 62: 0.00825311782493712, 63: 0.005803410793778951, 64: 0.007590585107157972, 65: 0.006617343712992316, 66: 0.007920237443171104, 67: 0.008368266650070079, 68: 0.006873271421782663, 69: 0.006983366708614488, 70: 0.005855655393054861, 71: 0.008042428774762753, 72: 0.004403876056958256, 73: 0.006070402672070476, 74: 0.00539059257735743}","[95, 94, 93, 93, 89, 89, 88, 88, 88, 86, 86, 86, 86, 86, 85, 85, 85, 85, 84, 84, 84, 84, 84, 84, 84, 83, 83, 83, 83, 82, 82, 81, 81, 80, 80, 80, 78, 78, 78, 78, 78, 77, 77, 77, 77, 77, 76, 76, 76, 74, 74, 74, 74, 74, 73, 73, 72, 71, 71, 70, 70, 70, 69, 69, 69, 69, 68, 68, 67, 67, 66, 63, 63, 63, 61]","dict_values([39, 44, 36, 43, 38, 46, 36, 34, 46, 46, 50, 48, 39, 43, 46, 40, 44, 41, 45, 44, 37, 43, 35, 40, 43, 47, 51, 42, 43, 45, 43, 46, 44, 49, 34, 33, 44, 46, 39, 37, 37, 39, 41, 42, 38, 48, 49, 40, 30, 43, 31, 43, 40, 43, 37, 45, 38, 39, 49, 43, 34, 30, 39, 44, 38, 45, 43, 36, 35, 36, 41, 48, 41, 50, 44])",0.049845902640291345
50,78.42666666666666,0.5357822403860568,"{0: 0.007706642270799445, 1: 0.008235910536786293, 2: 0.006899819972536801, 3: 0.0034723311101199058, 4: 0.006053749597970869, 5: 0.005332850279137836, 6: 0.007061552319681052, 7: 0.004400082749029732, 8: 0.007069777124357628, 9: 0.0037013889953513386, 10: 0.00473368084403676, 11: 0.005905818847888173, 12: 0.0059139304570405065, 13: 0.005145088504448463, 14: 0.008320633481690804, 15: 0.005109443770412785, 16: 0.006323960439155979, 17: 0.004925056827902514, 18: 0.006207686391874623, 19: 0.007047869040262513, 20: 0.010009693053813636, 21: 0.00560892627822564, 22: 0.006149800790531841, 23: 0.006782111304010135, 24: 0.004817888060158914, 25: 0.005522199896804881, 26: 0.005466602962424162, 27: 0.006318395588780443, 28: 0.006063832948311801, 29: 0.006378310988312273, 30: 0.006527214917676865, 31: 0.0074984469703322796, 32: 0.008165744000053671, 33: 0.004668766103541692, 34: 0.010063479697148608, 35: 0.00597798218297929, 36: 0.010427989693557647, 37: 0.0046367518088031605, 38: 0.007506318010855156, 39: 0.007422924505505001, 40: 0.00760317855538175, 41: 0.007560752488714212, 42: 0.00541499629365448, 43: 0.008083735293076778, 44: 0.00913932174545193, 45: 0.005398575941979918, 46: 0.006885293828079131, 47: 0.004533337675055246, 48: 0.007348251747595536, 49: 0.005181879215884948, 50: 0.007117810215307052, 51: 0.004714069558763267, 52: 0.006908517443101912, 53: 0.005243801815215073, 54: 0.007704302479434927, 55: 0.00712070146328542, 56: 0.006071431676095097, 57: 0.0044715418704255, 58: 0.0039582015539961655, 59: 0.0074939595196405395, 60: 0.004963693643201346, 61: 0.007284297815294836, 62: 0.008256899029118464, 63: 0.005767265977138708, 64: 0.007691690621577187, 65: 0.00669035141785085, 66: 0.007794781478488974, 67: 0.008091283177093343, 68: 0.006924877918994471, 69: 0.006561799236930494, 70: 0.0059259688913991405, 71: 0.007865628532317911, 72: 0.004435924713079146, 73: 0.005889989296807247, 74: 0.005290505188761391}","[96, 95, 94, 94, 90, 89, 88, 87, 87, 87, 86, 86, 85, 85, 85, 85, 85, 84, 84, 84, 84, 84, 84, 84, 84, 84, 83, 83, 83, 82, 82, 81, 81, 80, 80, 80, 79, 79, 78, 78, 78, 78, 77, 77, 77, 77, 76, 76, 75, 75, 75, 74, 73, 73, 73, 72, 71, 71, 71, 71, 70, 70, 70, 70, 69, 69, 68, 67, 67, 67, 65, 65, 64, 63, 59]","dict_values([39, 44, 36, 43, 38, 46, 36, 34, 46, 46, 50, 48, 39, 43, 46, 40, 44, 41, 45, 44, 37, 43, 35, 40, 43, 47, 51, 42, 43, 45, 43, 46, 44, 49, 34, 33, 44, 46, 39, 37, 37, 39, 41, 42, 38, 48, 49, 40, 30, 43, 31, 43, 40, 43, 37, 45, 38, 39, 49, 43, 34, 30, 39, 44, 38, 45, 43, 36, 35, 36, 41, 48, 41, 50, 44])",0.05165188524028203
50,78.48,0.5362191403959246,"{0: 0.007695612895748428, 1: 0.00803142907985353, 2: 0.006919315740049774, 3: 0.0034150224378497146, 4: 0.006022241363759813, 5: 0.005466489251928167, 6: 0.006983671347210036, 7: 0.004070431958442503, 8: 0.007266038572415931, 9: 0.003604026948320345, 10: 0.004775582268272477, 11: 0.0059120556311349414, 12: 0.0058577092221835415, 13: 0.005112864197587994, 14: 0.008365384509804813, 15: 0.005003828590903352, 16: 0.006459690706222671, 17: 0.005287343611965313, 18: 0.006185629385901765, 19: 0.006952865591114855, 20: 0.010429847667550578, 21: 0.005611387309303718, 22: 0.006158077695209955, 23: 0.006705122797797453, 24: 0.004800816974200924, 25: 0.0054830905349050356, 26: 0.00542583679496103, 27: 0.006565348558157351, 28: 0.005877208671415885, 29: 0.006514820493540685, 30: 0.0066679757624111, 31: 0.007816936144696767, 32: 0.008327765131879886, 33: 0.004514053886124112, 34: 0.009967036772424694, 35: 0.006089204632707074, 36: 0.010327747745760773, 37: 0.0050319189841389715, 38: 0.007685438834702334, 39: 0.007415876366526776, 40: 0.007504711448808602, 41: 0.0075833271269923255, 42: 0.005410385772642221, 43: 0.008216485786863147, 44: 0.009025462455546744, 45: 0.005403467454268656, 46: 0.00663878316524559, 47: 0.004355744132495964, 48: 0.007343143508058832, 49: 0.004872981453931166, 50: 0.0068245553105576095, 51: 0.004701485190774769, 52: 0.0069028043338446934, 53: 0.00545618859920968, 54: 0.007499229902613473, 55: 0.0071642126109739135, 56: 0.00573535807627966, 57: 0.004439019000710857, 58: 0.0038314148766181375, 59: 0.007365260037033425, 60: 0.004757158915765753, 61: 0.006934464548692361, 62: 0.008269719564188807, 63: 0.0058176674666207675, 64: 0.007688696256520598, 65: 0.006981262525437294, 66: 0.007577061203598977, 67: 0.008393649346680535, 68: 0.006830695407608806, 69: 0.006543630644202813, 70: 0.005873128895713629, 71: 0.00788743594398193, 72: 0.004575404851405153, 73: 0.005918304372096518, 74: 0.005473992138489474}","[98, 94, 94, 94, 91, 88, 88, 87, 86, 86, 86, 86, 86, 86, 85, 85, 85, 84, 84, 84, 84, 84, 84, 84, 84, 84, 83, 83, 82, 82, 82, 82, 81, 80, 80, 80, 79, 79, 79, 78, 78, 78, 77, 77, 77, 77, 76, 76, 76, 75, 75, 75, 74, 73, 73, 73, 72, 72, 71, 71, 70, 70, 70, 70, 69, 69, 68, 68, 67, 66, 65, 64, 63, 61, 59]","dict_values([39, 44, 36, 43, 38, 46, 36, 34, 46, 46, 50, 48, 39, 43, 46, 40, 44, 41, 45, 44, 37, 43, 35, 40, 43, 47, 51, 42, 43, 45, 43, 46, 44, 49, 34, 33, 44, 46, 39, 37, 37, 39, 41, 42, 38, 48, 49, 40, 30, 43, 31, 43, 40, 43, 37, 45, 38, 39, 49, 43, 34, 30, 39, 44, 38, 45, 43, 36, 35, 36, 41, 48, 41, 50, 44])",0.052463911382757855
50,78.56,0.5364038295921524,"{0: 0.007523015317887217, 1: 0.007724327082200935, 2: 0.006738747169843473, 3: 0.003368629192617204, 4: 0.005963975965675946, 5: 0.005607927746813034, 6: 0.0069666547854622925, 7: 0.004037331265878751, 8: 0.007413184839789058, 9: 0.0035926732193364876, 10: 0.004762814346477258, 11: 0.006032355255127416, 12: 0.005828241752611842, 13: 0.004987920976464307, 14: 0.008542334342228858, 15: 0.004946492511495621, 16: 0.0063051146011788165, 17: 0.005614744328366221, 18: 0.00645800776934786, 19: 0.00679764164079034, 20: 0.01060399628899051, 21: 0.005663352673812221, 22: 0.005992591298763142, 23: 0.006497675624478032, 24: 0.005030873153996085, 25: 0.005643469790454374, 26: 0.005605623676627132, 27: 0.007070805572031926, 28: 0.006131591078436966, 29: 0.006438549716549973, 30: 0.006567211599162974, 31: 0.007990525465612594, 32: 0.008242335308049076, 33: 0.004404509659109977, 34: 0.009844363861967138, 35: 0.006109537517976921, 36: 0.009971117108695332, 37: 0.005197979839670305, 38: 0.007575148505442905, 39: 0.007619611577771674, 40: 0.007737215931349172, 41: 0.007413389255112577, 42: 0.005399614186958611, 43: 0.008207430996760339, 44: 0.008823890379396066, 45: 0.005424797535229357, 46: 0.006332468736855999, 47: 0.00434444291527726, 48: 0.00733413691853111, 49: 0.004617193537985465, 50: 0.006806304674668073, 51: 0.004680947597596988, 52: 0.007270149158996982, 53: 0.005552895591954642, 54: 0.007263779294509913, 55: 0.007179222635208735, 56: 0.005759180896351354, 57: 0.004569622022810906, 58: 0.0037959472099470567, 59: 0.007197881356768641, 60: 0.004699507229647271, 61: 0.006918766467678151, 62: 0.00823511953637012, 63: 0.005876958326361194, 64: 0.007670825543796742, 65: 0.006897751085003749, 66: 0.00735680744067537, 67: 0.008236209710958776, 68: 0.006671440140460905, 69: 0.006347626317458133, 70: 0.005686330424923154, 71: 0.007969088432427423, 72: 0.004930383056145023, 73: 0.005750506790657388, 74: 0.005672852761114742}","[99, 94, 93, 93, 91, 88, 88, 88, 87, 86, 86, 86, 86, 85, 85, 85, 85, 85, 85, 84, 84, 84, 84, 83, 83, 83, 83, 82, 82, 82, 82, 81, 80, 80, 80, 80, 79, 79, 79, 78, 78, 78, 78, 77, 77, 77, 77, 77, 76, 76, 76, 75, 74, 74, 74, 73, 73, 72, 72, 71, 71, 71, 70, 70, 69, 68, 68, 68, 67, 66, 65, 64, 63, 61, 59]","dict_values([39, 44, 36, 43, 38, 46, 36, 34, 46, 46, 50, 48, 39, 43, 46, 40, 44, 41, 45, 44, 37, 43, 35, 40, 43, 47, 51, 42, 43, 45, 43, 46, 44, 49, 34, 33, 44, 46, 39, 37, 37, 39, 41, 42, 38, 48, 49, 40, 30, 43, 31, 43, 40, 43, 37, 45, 38, 39, 49, 43, 34, 30, 39, 44, 38, 45, 43, 36, 35, 36, 41, 48, 41, 50, 44])",0.0527330832560195
51,78.56,0.5363896322191638,"{0: 0.007507835708795053, 1: 0.008205715877399225, 2: 0.0066770447425950575, 3: 0.0034176389163490003, 4: 0.005983026340299443, 5: 0.005520180467421746, 6: 0.007096662270511331, 7: 0.003997305126533457, 8: 0.00719360232441492, 9: 0.0035868317781910116, 10: 0.004818317160764788, 11: 0.005977740539071934, 12: 0.0061118664929240216, 13: 0.004967735179070986, 14: 0.0086904529218171, 15: 0.004853652086785847, 16: 0.006537032415152198, 17: 0.005447296678596443, 18: 0.0062722033230086256, 19: 0.006567015642534358, 20: 0.010339765900557844, 21: 0.005728542879687888, 22: 0.005827878847748359, 23: 0.006645685398209627, 24: 0.004854291177541752, 25: 0.005634258243972277, 26: 0.005432229660121803, 27: 0.007044790857183899, 28: 0.006217480342268547, 29: 0.00659279645001863, 30: 0.006493040262117969, 31: 0.008001266307125613, 32: 0.008252872169451241, 33: 0.00463875859878685, 34: 0.010294400414390538, 35: 0.006073505915089921, 36: 0.010014445556801744, 37: 0.005282881733855074, 38: 0.0075997216608455495, 39: 0.007433570863383535, 40: 0.007270888341618176, 41: 0.007317804185291361, 42: 0.0052939110448269175, 43: 0.007777405672562862, 44: 0.008333527334068938, 45: 0.005530191312707449, 46: 0.006954582173990777, 47: 0.004363273739446079, 48: 0.007265936613630406, 49: 0.004967217063504629, 50: 0.00685930052795611, 51: 0.004554854753641987, 52: 0.007363225709822251, 53: 0.0055020627679523895, 54: 0.007218768421765417, 55: 0.007148319173793891, 56: 0.0060367200788800385, 57: 0.00446761044387345, 58: 0.0038681749346934037, 59: 0.007082710131396717, 60: 0.004770920515806948, 61: 0.006610407816317991, 62: 0.008030712962478785, 63: 0.005867561479581199, 64: 0.007648166511933996, 65: 0.007228592545653684, 66: 0.007400009388978077, 67: 0.007892459885740522, 68: 0.006989802317275274, 69: 0.006380255581044173, 70: 0.005586541966016471, 71: 0.008019646202532357, 72: 0.004916654164255387, 73: 0.005747493151816895, 74: 0.005946639376889355}","[98, 95, 93, 91, 91, 89, 89, 87, 87, 86, 86, 86, 85, 85, 85, 85, 85, 84, 84, 84, 83, 83, 83, 83, 83, 83, 83, 83, 82, 82, 82, 81, 81, 81, 81, 81, 80, 79, 79, 79, 79, 78, 78, 78, 77, 77, 77, 77, 76, 76, 75, 75, 74, 74, 74, 74, 72, 72, 71, 71, 71, 71, 70, 70, 70, 69, 68, 68, 66, 66, 65, 64, 63, 60, 59]","dict_values([39, 44, 36, 43, 38, 46, 36, 34, 46, 46, 50, 48, 39, 43, 46, 40, 44, 41, 45, 44, 37, 43, 35, 40, 43, 47, 51, 42, 43, 45, 43, 46, 44, 49, 34, 33, 44, 46, 39, 37, 37, 39, 41, 42, 38, 48, 49, 40, 30, 43, 31, 43, 40, 43, 37, 45, 38, 39, 49, 43, 34, 30, 39, 44, 38, 45, 43, 36, 35, 36, 41, 48, 41, 50, 44])",0.05196766508628497
51,78.90666666666667,0.5386339884115463,"{0: 0.007449856918933795, 1: 0.008408792246987658, 2: 0.006609605905889416, 3: 0.003359578738699447, 4: 0.005910599170419337, 5: 0.005392499792166624, 6: 0.007294968149304484, 7: 0.004021420594735357, 8: 0.00696023613079064, 9: 0.003628144314171922, 10: 0.004771936593047969, 11: 0.005888298889067976, 12: 0.006156246600671035, 13: 0.005101704673375471, 14: 0.00859917196290573, 15: 0.00479420997106468, 16: 0.006273658371015882, 17: 0.005562790542100332, 18: 0.006129067888924313, 19: 0.006372851493928318, 20: 0.01012484589313261, 21: 0.005516160661676254, 22: 0.005778438808340172, 23: 0.0063949479934571835, 24: 0.0048034481981853085, 25: 0.005776112423198662, 26: 0.0052019334260045465, 27: 0.00717079140203631, 28: 0.006104005672340804, 29: 0.0065557782708411, 30: 0.006193632501202863, 31: 0.008049076164900982, 32: 0.008341527468996815, 33: 0.004496842256186018, 34: 0.01029150179298476, 35: 0.005870372724387373, 36: 0.009690353762613716, 37: 0.005218918272334315, 38: 0.007381801842793837, 39: 0.007366364308847335, 40: 0.0072754310059041614, 41: 0.007208644335977896, 42: 0.005192828235675719, 43: 0.00781662956084641, 44: 0.008205601422149553, 45: 0.005558236867943265, 46: 0.007018666289750052, 47: 0.004549661874464545, 48: 0.007631825120127026, 49: 0.004850130397216876, 50: 0.0069181919496975565, 51: 0.004570273634153902, 52: 0.007443162097759861, 53: 0.005719689406283997, 54: 0.007210326598870831, 55: 0.0070425342273461, 56: 0.0060682180124580504, 57: 0.004608348700505606, 58: 0.003681004829469887, 59: 0.00720467427755341, 60: 0.004805757832883918, 61: 0.006820245760985152, 62: 0.007880021793134838, 63: 0.006011540870572131, 64: 0.0076956078231878045, 65: 0.007132494009704542, 66: 0.007325755523889414, 67: 0.008087160131069176, 68: 0.006910220939618669, 69: 0.0060801683294071564, 70: 0.005475536306045517, 71: 0.00803151312950052, 72: 0.005238912862334868, 73: 0.005679384596059099, 74: 0.005676279872784445}","[98, 96, 92, 92, 91, 90, 89, 88, 87, 87, 87, 87, 86, 86, 86, 85, 85, 85, 85, 84, 84, 84, 83, 83, 83, 83, 83, 83, 83, 83, 82, 81, 81, 81, 80, 80, 80, 80, 80, 79, 79, 78, 78, 78, 77, 77, 77, 76, 76, 76, 76, 75, 74, 74, 74, 74, 73, 73, 72, 72, 72, 71, 71, 71, 70, 70, 69, 69, 67, 65, 65, 65, 62, 61, 59]","dict_values([39, 44, 36, 43, 38, 46, 36, 34, 46, 46, 50, 48, 39, 43, 46, 40, 44, 41, 45, 44, 37, 43, 35, 40, 43, 47, 51, 42, 43, 45, 43, 46, 44, 49, 34, 33, 44, 46, 39, 37, 37, 39, 41, 42, 38, 48, 49, 40, 30, 43, 31, 43, 40, 43, 37, 45, 38, 39, 49, 43, 34, 30, 39, 44, 38, 45, 43, 36, 35, 36, 41, 48, 41, 50, 44])",0.052836895268340615
51,78.88,0.5388744110659637,"{0: 0.007239468569776324, 1: 0.008400855975674196, 2: 0.006247925494600429, 3: 0.0033952119495921154, 4: 0.005842552327216347, 5: 0.005244293460955985, 6: 0.007550378427858187, 7: 0.003949313228434503, 8: 0.0069903642861324005, 9: 0.003998757852752559, 10: 0.004828985523661697, 11: 0.005909111303928984, 12: 0.006272572698316649, 13: 0.005080882620204593, 14: 0.008730006033004284, 15: 0.004985392051540997, 16: 0.006311880286283578, 17: 0.005417977160185693, 18: 0.006115172077213964, 19: 0.006372749886319238, 20: 0.010216432347054601, 21: 0.005561979343484054, 22: 0.005967264988363947, 23: 0.006426812115939751, 24: 0.004659883853812371, 25: 0.006015265745991514, 26: 0.0049527147229854185, 27: 0.007234830353307525, 28: 0.006145888077400576, 29: 0.006766087437977124, 30: 0.006190562258814159, 31: 0.007697637739321875, 32: 0.008238373360788916, 33: 0.0046429093260456486, 34: 0.010555668453789085, 35: 0.005896002966913359, 36: 0.009604921476802438, 37: 0.005061057531031468, 38: 0.006745603534974683, 39: 0.0074713141787505774, 40: 0.007077933113110217, 41: 0.0068596504879014026, 42: 0.0052218448816251485, 43: 0.00804911680022392, 44: 0.007897532945643776, 45: 0.005712592043779359, 46: 0.007206517495544219, 47: 0.004752730723716111, 48: 0.007763797147356154, 49: 0.004904423236577497, 50: 0.0069363925746442475, 51: 0.004427208737505327, 52: 0.007231200247633017, 53: 0.005716292754952828, 54: 0.00718769725318776, 55: 0.0069973059625344025, 56: 0.0062690036013395, 57: 0.004632750588142084, 58: 0.003678215230281457, 59: 0.007050469631252564, 60: 0.005175314866757059, 61: 0.00708127851217167, 62: 0.008062037726611397, 63: 0.005866305512000315, 64: 0.007753690265415589, 65: 0.007157806593281666, 66: 0.007290260671198419, 67: 0.007916506228258277, 68: 0.006985976641718221, 69: 0.005920028861339678, 70: 0.005374273454721085, 71: 0.008367994043821186, 72: 0.005066298406155725, 73: 0.005597343601868577, 74: 0.0056994361719944625}","[99, 97, 91, 91, 90, 90, 90, 88, 88, 87, 87, 87, 86, 86, 86, 86, 86, 85, 85, 84, 84, 83, 83, 83, 83, 83, 83, 82, 82, 82, 81, 81, 81, 81, 81, 80, 80, 80, 79, 79, 78, 78, 78, 78, 78, 77, 77, 77, 76, 76, 76, 76, 74, 74, 73, 73, 73, 72, 72, 72, 71, 71, 71, 71, 71, 71, 70, 70, 67, 66, 66, 63, 62, 60, 58]","dict_values([39, 44, 36, 43, 38, 46, 36, 34, 46, 46, 50, 48, 39, 43, 46, 40, 44, 41, 45, 44, 37, 43, 35, 40, 43, 47, 51, 42, 43, 45, 43, 46, 44, 49, 34, 33, 44, 46, 39, 37, 37, 39, 41, 42, 38, 48, 49, 40, 30, 43, 31, 43, 40, 43, 37, 45, 38, 39, 49, 43, 34, 30, 39, 44, 38, 45, 43, 36, 35, 36, 41, 48, 41, 50, 44])",0.05416248941114293
51,79.04,0.5392995487554755,"{0: 0.0073421193275198466, 1: 0.008542753353639056, 2: 0.0059779244368073844, 3: 0.003614238296558691, 4: 0.005851674563022554, 5: 0.005599295853086137, 6: 0.007530932377621874, 7: 0.004140555487159486, 8: 0.007296112213226567, 9: 0.003918126761212877, 10: 0.004824509422234922, 11: 0.006320982672682403, 12: 0.006239382779891081, 13: 0.005001876065478544, 14: 0.008907415230027726, 15: 0.004796892801135012, 16: 0.0061340366848255164, 17: 0.005472597880564163, 18: 0.006030039730249667, 19: 0.006660474004037766, 20: 0.00971135447996205, 21: 0.005513556243213759, 22: 0.0059408775135139525, 23: 0.006539490096481954, 24: 0.004592001204937134, 25: 0.005912226886924701, 26: 0.005115618051624174, 27: 0.007237307202060802, 28: 0.006068980388801728, 29: 0.006861662278320463, 30: 0.005882191862200867, 31: 0.007781387809853356, 32: 0.008396165745992322, 33: 0.00463035275381467, 34: 0.010536927606317508, 35: 0.00600823615199927, 36: 0.009416664551936509, 37: 0.004840797569208983, 38: 0.006653833203978006, 39: 0.0074818781861415206, 40: 0.00719630308541702, 41: 0.006819217232517796, 42: 0.0051904359779135515, 43: 0.007814847426931048, 44: 0.007741203843434085, 45: 0.0056564614946027336, 46: 0.007229365872340459, 47: 0.004795742286297629, 48: 0.007809794084750231, 49: 0.005004203961492401, 50: 0.006744495209957413, 51: 0.0044409100839990796, 52: 0.007401756579111972, 53: 0.005619811176046501, 54: 0.006913730798575684, 55: 0.007143841771429422, 56: 0.006165301847146329, 57: 0.004840060100622657, 58: 0.0036235744730421975, 59: 0.0067459756128848795, 60: 0.005081794707647868, 61: 0.006869004534503195, 62: 0.008279722739335296, 63: 0.0059069530554753495, 64: 0.007276251714183498, 65: 0.006797212077467443, 66: 0.007292241754923263, 67: 0.00796626830576072, 68: 0.006866984388009519, 69: 0.0058842945006009565, 70: 0.005749598712972867, 71: 0.008145650411629091, 72: 0.005010749982525206, 73: 0.005666402685014203, 74: 0.005697976083802843}","[98, 98, 92, 91, 91, 90, 89, 89, 88, 88, 88, 87, 87, 86, 86, 86, 86, 85, 85, 84, 84, 84, 83, 83, 83, 83, 83, 82, 82, 81, 81, 81, 81, 81, 80, 80, 80, 80, 79, 79, 79, 79, 78, 78, 78, 77, 77, 77, 77, 76, 76, 76, 75, 74, 74, 74, 73, 73, 71, 71, 71, 71, 71, 71, 71, 71, 71, 70, 67, 66, 66, 63, 61, 61, 60]","dict_values([39, 44, 36, 43, 38, 46, 36, 34, 46, 46, 50, 48, 39, 43, 46, 40, 44, 41, 45, 44, 37, 43, 35, 40, 43, 47, 51, 42, 43, 45, 43, 46, 44, 49, 34, 33, 44, 46, 39, 37, 37, 39, 41, 42, 38, 48, 49, 40, 30, 43, 31, 43, 40, 43, 37, 45, 38, 39, 49, 43, 34, 30, 39, 44, 38, 45, 43, 36, 35, 36, 41, 48, 41, 50, 44])",0.051897739131385
51,78.90666666666667,0.5380648645147817,"{0: 0.0073694317588830225, 1: 0.008384843596055649, 2: 0.006025070064372947, 3: 0.003620847007662251, 4: 0.005576598425488244, 5: 0.005622443322532567, 6: 0.007734554910563038, 7: 0.004147296830945169, 8: 0.007362118957201239, 9: 0.004004722683088261, 10: 0.004822938931424086, 11: 0.006301681971829619, 12: 0.0064265198132073195, 13: 0.004940868422257763, 14: 0.009072054469811758, 15: 0.004714649139765313, 16: 0.006051816451584362, 17: 0.005374672300482949, 18: 0.006126884228311121, 19: 0.006844334603442253, 20: 0.009607395317231844, 21: 0.005382755408709602, 22: 0.006190167664467523, 23: 0.006393545076946832, 24: 0.004761398069447111, 25: 0.006122204193170276, 26: 0.005131382348806386, 27: 0.0070557848711518215, 28: 0.006297250963304465, 29: 0.006711901742389648, 30: 0.005965268051961766, 31: 0.00784294119569468, 32: 0.008427042285607448, 33: 0.004637319149590389, 34: 0.01052454018280955, 35: 0.0063579618160146895, 36: 0.009290981774734046, 37: 0.004876910189687137, 38: 0.006610502505389562, 39: 0.0075505161734857485, 40: 0.006931426598478373, 41: 0.006586935001429215, 42: 0.0052564300147932355, 43: 0.007958989576714525, 44: 0.007795259506064504, 45: 0.005747470216450025, 46: 0.007048716094527515, 47: 0.004726463840120184, 48: 0.007862420999370942, 49: 0.004855890478848185, 50: 0.00687401505874835, 51: 0.004523976148597037, 52: 0.007508408338664784, 53: 0.0055853974761329896, 54: 0.006970164755600593, 55: 0.007213998155679093, 56: 0.006341519393894309, 57: 0.004826483152679637, 58: 0.003781455975679639, 59: 0.007097388681080922, 60: 0.0050625342269128406, 61: 0.007187410184637578, 62: 0.008256066175901825, 63: 0.005773458312591385, 64: 0.007346276902743149, 65: 0.006615558111866604, 66: 0.0071542565026594205, 67: 0.007985270202065487, 68: 0.0069355243700048985, 69: 0.005689276500551234, 70: 0.005658104265985489, 71: 0.00783613966984556, 72: 0.005012487558778055, 73: 0.005665855138932689, 74: 0.005704026961453614}","[98, 97, 92, 92, 90, 90, 89, 88, 88, 88, 87, 87, 87, 86, 86, 85, 85, 85, 85, 84, 84, 84, 84, 83, 83, 82, 82, 82, 82, 82, 81, 81, 80, 80, 80, 80, 80, 80, 79, 79, 79, 78, 78, 78, 77, 77, 77, 77, 77, 76, 76, 76, 75, 75, 74, 73, 73, 73, 71, 71, 71, 71, 70, 70, 70, 70, 70, 70, 68, 67, 66, 64, 62, 61, 60]","dict_values([39, 44, 36, 43, 38, 46, 36, 34, 46, 46, 50, 48, 39, 43, 46, 40, 44, 41, 45, 44, 37, 43, 35, 40, 43, 47, 51, 42, 43, 45, 43, 46, 44, 49, 34, 33, 44, 46, 39, 37, 37, 39, 41, 42, 38, 48, 49, 40, 30, 43, 31, 43, 40, 43, 37, 45, 38, 39, 49, 43, 34, 30, 39, 44, 38, 45, 43, 36, 35, 36, 41, 48, 41, 50, 44])",0.050644261708483906
52,79.17333333333333,0.5395578617602016,"{0: 0.007258574957363989, 1: 0.00808472595802076, 2: 0.0061210280389624346, 3: 0.003991335610821308, 4: 0.005656133246420712, 5: 0.0056046238576687194, 6: 0.007571757247203563, 7: 0.004088915095375145, 8: 0.007519636498567694, 9: 0.003998243814721592, 10: 0.00464029464350889, 11: 0.006304165074917656, 12: 0.006516607544909837, 13: 0.004738596418526384, 14: 0.00877029107288234, 15: 0.004839136424156812, 16: 0.005968245032150223, 17: 0.005306137431124361, 18: 0.005889226144513158, 19: 0.007089285406943637, 20: 0.009337898566663574, 21: 0.005298885418940322, 22: 0.006457900615635703, 23: 0.006047188051325114, 24: 0.004817641681070107, 25: 0.006115900288393639, 26: 0.0052296882545942785, 27: 0.007003474705495095, 28: 0.0068031077880764115, 29: 0.006746026439632111, 30: 0.005922966152777809, 31: 0.007730327756919417, 32: 0.008400159978663582, 33: 0.004860995172986736, 34: 0.01059628856060657, 35: 0.006396291545906698, 36: 0.009423793767434959, 37: 0.004819295619469204, 38: 0.006713388220747929, 39: 0.0077475503028211065, 40: 0.0067352865301467954, 41: 0.006534711438102822, 42: 0.005296105305303722, 43: 0.008028843441526446, 44: 0.007973199747722285, 45: 0.005676148203497174, 46: 0.006802448167031253, 47: 0.004727415511475445, 48: 0.0077311380743744045, 49: 0.005030603299780433, 50: 0.006774160361331247, 51: 0.004566088453344694, 52: 0.007518430152193008, 53: 0.0053746960340500674, 54: 0.006909648068450273, 55: 0.006808403130393916, 56: 0.006123955434703785, 57: 0.004767946612302138, 58: 0.0038139876297506423, 59: 0.007114970858145244, 60: 0.004959725216978979, 61: 0.007182711278174348, 62: 0.008204566962613038, 63: 0.005639291749895896, 64: 0.006973252657230592, 65: 0.0066885453608008395, 66: 0.006872480028837255, 67: 0.007826671379878965, 68: 0.006818396218229329, 69: 0.00562519282853952, 70: 0.006077178220141651, 71: 0.007691130456233725, 72: 0.004998453972446276, 73: 0.005857465198578885, 74: 0.005637028794140785}","[99, 96, 92, 91, 91, 91, 89, 88, 88, 88, 87, 87, 87, 86, 86, 86, 85, 85, 84, 84, 84, 83, 83, 83, 83, 83, 83, 82, 82, 82, 82, 81, 81, 81, 81, 81, 80, 80, 79, 79, 79, 79, 78, 78, 78, 78, 78, 77, 77, 76, 76, 76, 76, 75, 75, 74, 73, 72, 72, 71, 71, 71, 71, 71, 71, 70, 69, 69, 68, 68, 67, 65, 63, 62, 61]","dict_values([39, 44, 36, 43, 38, 46, 36, 34, 46, 46, 50, 48, 39, 43, 46, 40, 44, 41, 45, 44, 37, 43, 35, 40, 43, 47, 51, 42, 43, 45, 43, 46, 44, 49, 34, 33, 44, 46, 39, 37, 37, 39, 41, 42, 38, 48, 49, 40, 30, 43, 31, 43, 40, 43, 37, 45, 38, 39, 49, 43, 34, 30, 39, 44, 38, 45, 43, 36, 35, 36, 41, 48, 41, 50, 44])",0.05000283041524515
52,79.17333333333333,0.5394241510414621,"{0: 0.007472688465407264, 1: 0.008106188548140478, 2: 0.006066384222511573, 3: 0.0038115380046621038, 4: 0.005663095127248394, 5: 0.005179355229016173, 6: 0.00785664453881113, 7: 0.003984043378640089, 8: 0.007780503283162582, 9: 0.004032919008215585, 10: 0.004954946721604069, 11: 0.006547157467342716, 12: 0.0065052445333710004, 13: 0.004296427016724368, 14: 0.008480710644983609, 15: 0.005098123239541671, 16: 0.0059004660713466075, 17: 0.005304132681025368, 18: 0.005888830934031122, 19: 0.006802536725765037, 20: 0.009045505882840523, 21: 0.0053802221968450295, 22: 0.006286464190125903, 23: 0.006020563205090531, 24: 0.004894194209008872, 25: 0.006298780430554977, 26: 0.005362987474776877, 27: 0.006901328298239493, 28: 0.0068051132647503195, 29: 0.006744982218787045, 30: 0.005785601009627457, 31: 0.007636110582490412, 32: 0.008216265413120455, 33: 0.005056973436657798, 34: 0.010646440944795957, 35: 0.006396634579227827, 36: 0.009444727747283539, 37: 0.004796092009105511, 38: 0.006591152599647289, 39: 0.007651767175528275, 40: 0.006715317874263286, 41: 0.00662382098200566, 42: 0.005127456651860481, 43: 0.007949014983625128, 44: 0.007900029633744452, 45: 0.005981846411878266, 46: 0.006456642524042332, 47: 0.004666820009038178, 48: 0.00771466757981974, 49: 0.00529246746916556, 50: 0.006736344914247317, 51: 0.004619830746937621, 52: 0.007863430313940455, 53: 0.005705659283812924, 54: 0.006755234521469429, 55: 0.007004929575046944, 56: 0.006080177670770843, 57: 0.004517515033025166, 58: 0.003937304218895462, 59: 0.007163891303948846, 60: 0.005070700717171533, 61: 0.006891350412847804, 62: 0.007976430385745583, 63: 0.005794415583631672, 64: 0.00680815600387986, 65: 0.006984701523959804, 66: 0.00638963745998701, 67: 0.0077954833052816825, 68: 0.00704307248587515, 69: 0.005599934492686732, 70: 0.006509685177912057, 71: 0.007938712729614642, 72: 0.004868369567847301, 73: 0.005997401902369059, 74: 0.00561170902286244}","[99, 95, 91, 91, 91, 90, 89, 88, 88, 88, 87, 87, 87, 87, 87, 87, 86, 84, 84, 84, 84, 83, 83, 83, 83, 83, 82, 82, 82, 82, 82, 82, 81, 81, 80, 80, 80, 80, 79, 79, 79, 79, 78, 78, 78, 78, 77, 77, 77, 77, 77, 76, 76, 76, 75, 74, 74, 72, 72, 72, 71, 71, 71, 71, 71, 70, 69, 68, 68, 68, 67, 65, 63, 62, 60]","dict_values([39, 44, 36, 43, 38, 46, 36, 34, 46, 46, 50, 48, 39, 43, 46, 40, 44, 41, 45, 44, 37, 43, 35, 40, 43, 47, 51, 42, 43, 45, 43, 46, 44, 49, 34, 33, 44, 46, 39, 37, 37, 39, 41, 42, 38, 48, 49, 40, 30, 43, 31, 43, 40, 43, 37, 45, 38, 39, 49, 43, 34, 30, 39, 44, 38, 45, 43, 36, 35, 36, 41, 48, 41, 50, 44])",0.04885478222762415
52,79.12,0.5392496815886804,"{0: 0.007534511165693693, 1: 0.007762983917643176, 2: 0.006014835941283035, 3: 0.00400792539820261, 4: 0.005697854483077103, 5: 0.005083972100943546, 6: 0.008152218071988154, 7: 0.0038952761595426543, 8: 0.007940552302241274, 9: 0.004136505105215486, 10: 0.004803145517816651, 11: 0.006279591497761033, 12: 0.00671337415378704, 13: 0.004680363266907221, 14: 0.007917553203798054, 15: 0.005034234626276939, 16: 0.00591208702408637, 17: 0.004812646025775004, 18: 0.0063275392247711506, 19: 0.007100646357770015, 20: 0.009331890511274568, 21: 0.005307253467164748, 22: 0.006223350625575103, 23: 0.006115557254366095, 24: 0.004874246417071536, 25: 0.006726283452349102, 26: 0.00535428373159003, 27: 0.007287925654900423, 28: 0.006805745308657572, 29: 0.006737424009395133, 30: 0.005930908616826484, 31: 0.007799047630146641, 32: 0.007915556111410657, 33: 0.004989872381936571, 34: 0.010407170286103225, 35: 0.006373071639421936, 36: 0.009426551640812153, 37: 0.004717687113838662, 38: 0.006369239838898963, 39: 0.007581960368954949, 40: 0.006755238409645294, 41: 0.00668101397018806, 42: 0.005106496430504398, 43: 0.007882933347141855, 44: 0.007893108982732797, 45: 0.006489115312504052, 46: 0.006376629928533209, 47: 0.004802939078380076, 48: 0.007681028609556066, 49: 0.005370124541603556, 50: 0.006682263973132352, 51: 0.004504596598466529, 52: 0.007657532117104569, 53: 0.005808096437108586, 54: 0.007029088071709673, 55: 0.006819727298597505, 56: 0.00575999368994328, 57: 0.004191231036830694, 58: 0.003933346804285421, 59: 0.007062624120235099, 60: 0.004729729583628462, 61: 0.006734908023969749, 62: 0.007761682282796879, 63: 0.00583107479352333, 64: 0.007122850971062435, 65: 0.006925318178769083, 66: 0.006376703896984685, 67: 0.008168429742323832, 68: 0.00710793659838369, 69: 0.005510833129438957, 70: 0.006741018139568483, 71: 0.007896686128716138, 72: 0.004923144492507372, 73: 0.005946823653756124, 74: 0.005809128451303975}","[98, 96, 91, 90, 90, 88, 88, 88, 88, 88, 88, 88, 87, 87, 87, 86, 85, 85, 84, 84, 84, 84, 84, 83, 83, 83, 83, 82, 82, 82, 82, 81, 81, 81, 81, 81, 80, 80, 80, 79, 79, 79, 79, 78, 78, 78, 77, 77, 77, 77, 77, 77, 77, 76, 75, 75, 73, 73, 71, 71, 70, 70, 70, 70, 70, 69, 69, 69, 68, 67, 67, 65, 63, 62, 59]","dict_values([39, 44, 36, 43, 38, 46, 36, 34, 46, 46, 50, 48, 39, 43, 46, 40, 44, 41, 45, 44, 37, 43, 35, 40, 43, 47, 51, 42, 43, 45, 43, 46, 44, 49, 34, 33, 44, 46, 39, 37, 37, 39, 41, 42, 38, 48, 49, 40, 30, 43, 31, 43, 40, 43, 37, 45, 38, 39, 49, 43, 34, 30, 39, 44, 38, 45, 43, 36, 35, 36, 41, 48, 41, 50, 44])",0.04856545242243945
51,79.33333333333333,0.5408893940952629,"{0: 0.007364431357752252, 1: 0.007715394273450812, 2: 0.006057322660673947, 3: 0.003849318352141157, 4: 0.005646660064549566, 5: 0.005050390957772706, 6: 0.008369578420734186, 7: 0.003957209224882939, 8: 0.008040625030507106, 9: 0.004255502953831252, 10: 0.004449217331411199, 11: 0.006417004450203644, 12: 0.006671403904755669, 13: 0.004410282918199749, 14: 0.008001140766432534, 15: 0.00512888399729123, 16: 0.005983213375551234, 17: 0.004849482641235092, 18: 0.006346426968966887, 19: 0.0069628038891015025, 20: 0.009482364594490955, 21: 0.005300686077418667, 22: 0.00636291415182651, 23: 0.0062013853604811426, 24: 0.004744300918654814, 25: 0.0069650566633708555, 26: 0.005223366480597933, 27: 0.007173519431134937, 28: 0.006544653230427768, 29: 0.006847694681116388, 30: 0.0055561644338636505, 31: 0.007747641998114892, 32: 0.0076707664239801104, 33: 0.004613685968879163, 34: 0.010128795893421845, 35: 0.0066452939415069644, 36: 0.009376469064502999, 37: 0.004617322056036311, 38: 0.006261575250505496, 39: 0.00761790296629545, 40: 0.006768872623580673, 41: 0.006510317148272559, 42: 0.005279733198529423, 43: 0.0076783169106456614, 44: 0.007733337364076022, 45: 0.0063131258378627516, 46: 0.006223809996497321, 47: 0.004952820751224306, 48: 0.00764370904093678, 49: 0.005521737574954313, 50: 0.006826633758093343, 51: 0.004600416807889442, 52: 0.00784471393754367, 53: 0.005610555910482634, 54: 0.0070996797042253215, 55: 0.006666577342500655, 56: 0.00591107292028545, 57: 0.004360501621044631, 58: 0.003935892715367245, 59: 0.006691271982140933, 60: 0.005259513532798931, 61: 0.006866760106974693, 62: 0.0077842438791398865, 63: 0.005772372857688938, 64: 0.007078779130234436, 65: 0.007095403242540477, 66: 0.006172001928486391, 67: 0.008080479083517224, 68: 0.006849985868209111, 69: 0.0054924563931702764, 70: 0.006594769455689034, 71: 0.008076032853932113, 72: 0.0049505780674503706, 73: 0.0060556623703667675, 74: 0.00576531640000542}","[97, 97, 91, 90, 89, 89, 89, 89, 89, 88, 88, 88, 88, 88, 87, 85, 85, 85, 84, 84, 84, 84, 84, 83, 83, 83, 83, 83, 83, 83, 82, 82, 81, 81, 81, 81, 80, 80, 80, 79, 79, 79, 79, 78, 78, 78, 78, 78, 77, 77, 77, 77, 77, 77, 75, 74, 74, 73, 73, 72, 72, 71, 71, 70, 70, 70, 69, 69, 68, 67, 65, 64, 63, 61, 60]","dict_values([39, 44, 36, 43, 38, 46, 36, 34, 46, 46, 50, 48, 39, 43, 46, 40, 44, 41, 45, 44, 37, 43, 35, 40, 43, 47, 51, 42, 43, 45, 43, 46, 44, 49, 34, 33, 44, 46, 39, 37, 37, 39, 41, 42, 38, 48, 49, 40, 30, 43, 31, 43, 40, 43, 37, 45, 38, 39, 49, 43, 34, 30, 39, 44, 38, 45, 43, 36, 35, 36, 41, 48, 41, 50, 44])",0.045190819857354673
52,79.44,0.5423120610036972,"{0: 0.007093718892701918, 1: 0.007587846647617557, 2: 0.006044851143758167, 3: 0.0038846699146973963, 4: 0.0057747807954725595, 5: 0.005218836908682247, 6: 0.008607251097537516, 7: 0.003857858206667078, 8: 0.008139955460230355, 9: 0.004190186992219386, 10: 0.004430830664440945, 11: 0.006261848736526609, 12: 0.006457030185778527, 13: 0.004316473970401397, 14: 0.007895829123021177, 15: 0.00497464615507673, 16: 0.006115944072609816, 17: 0.004904870312155317, 18: 0.006144739255899284, 19: 0.0067361992260822215, 20: 0.00910424239501792, 21: 0.005420904937896347, 22: 0.006069336192327042, 23: 0.006530466229277498, 24: 0.0046263570577783596, 25: 0.006991635507836829, 26: 0.005004784665217043, 27: 0.0069167216744643175, 28: 0.006450483264588726, 29: 0.0071302073805635715, 30: 0.005366870247312856, 31: 0.007536434788709306, 32: 0.00784374293104227, 33: 0.004606685853289939, 34: 0.009884421308180825, 35: 0.006638437313506162, 36: 0.00949795335209623, 37: 0.004593821207039173, 38: 0.006090412812009957, 39: 0.00767924193297114, 40: 0.006966943565634751, 41: 0.00627895688224816, 42: 0.005515349386765917, 43: 0.007899858498201635, 44: 0.007746734627358592, 45: 0.0064964734581255, 46: 0.0067183242753554, 47: 0.0051907735295672105, 48: 0.007374990522096341, 49: 0.00543359950459754, 50: 0.0074098857132329525, 51: 0.004605445103248053, 52: 0.007579624029203333, 53: 0.005619023547724154, 54: 0.006891300638834954, 55: 0.0063495641269637184, 56: 0.0062358445203005335, 57: 0.004339023858771151, 58: 0.003799655870118085, 59: 0.006677730324421316, 60: 0.005499555744766968, 61: 0.006963374223969445, 62: 0.007747788022248487, 63: 0.005782995495349023, 64: 0.007108746921085105, 65: 0.007390541855952163, 66: 0.0060979184132552615, 67: 0.007281564653601949, 68: 0.00679801812685978, 69: 0.00566863445830197, 70: 0.006701139956261993, 71: 0.007841544628831253, 72: 0.00506358937986309, 73: 0.0062103042795609706, 74: 0.006028491993159109}","[96, 95, 91, 91, 90, 90, 89, 89, 89, 89, 88, 88, 87, 87, 87, 86, 86, 86, 86, 85, 85, 84, 84, 84, 84, 83, 83, 83, 83, 82, 82, 82, 82, 81, 81, 80, 80, 79, 79, 79, 79, 79, 79, 79, 79, 79, 78, 78, 78, 78, 77, 77, 76, 76, 74, 74, 74, 74, 74, 73, 72, 72, 71, 70, 70, 70, 70, 69, 68, 66, 64, 63, 62, 62, 59]","dict_values([39, 44, 36, 43, 38, 46, 36, 34, 46, 46, 50, 48, 39, 43, 46, 40, 44, 41, 45, 44, 37, 43, 35, 40, 43, 47, 51, 42, 43, 45, 43, 46, 44, 49, 34, 33, 44, 46, 39, 37, 37, 39, 41, 42, 38, 48, 49, 40, 30, 43, 31, 43, 40, 43, 37, 45, 38, 39, 49, 43, 34, 30, 39, 44, 38, 45, 43, 36, 35, 36, 41, 48, 41, 50, 44])",0.04630139520900525
53,79.36,0.541853786500188,"{0: 0.0071333491959236104, 1: 0.007747825344673127, 2: 0.006255264027536198, 3: 0.003951783277452831, 4: 0.005781353502063077, 5: 0.00482572040171465, 6: 0.00874170716926226, 7: 0.0038827960776905857, 8: 0.008317338688130595, 9: 0.00429016008176006, 10: 0.004383586516636539, 11: 0.006283198637075562, 12: 0.006390414412602826, 13: 0.004411817859598083, 14: 0.007957311441487758, 15: 0.004949712130655906, 16: 0.006049716472221314, 17: 0.00490585962687861, 18: 0.006158676036717478, 19: 0.006726728286555498, 20: 0.008939657152962542, 21: 0.005286455133266535, 22: 0.006114004245589099, 23: 0.006557811981355615, 24: 0.004675139019185331, 25: 0.006700474522434209, 26: 0.005077953647226297, 27: 0.006959810941070537, 28: 0.006946078211165933, 29: 0.0070095387871812395, 30: 0.005258839094940141, 31: 0.007501099142263016, 32: 0.00790491358509409, 33: 0.004512170362239514, 34: 0.010527382742089374, 35: 0.0064664661686815615, 36: 0.0094838968980997, 37: 0.0046207427474269334, 38: 0.006386005575772935, 39: 0.007937485396286168, 40: 0.007122485610178066, 41: 0.006022138600289479, 42: 0.005579960942986657, 43: 0.007961195696830244, 44: 0.007586741881754288, 45: 0.006253034721465859, 46: 0.006898860065119699, 47: 0.005354666060497838, 48: 0.0072971185923039915, 49: 0.005318236815146663, 50: 0.007404545893152572, 51: 0.004585428218415943, 52: 0.007737665812060125, 53: 0.005634424763848219, 54: 0.006862896710078972, 55: 0.006244961253499282, 56: 0.006162511481329386, 57: 0.004353927672338141, 58: 0.003700005481912651, 59: 0.006685099438934277, 60: 0.005349860784193037, 61: 0.0070183506187615555, 62: 0.008008022799759896, 63: 0.005792156667745335, 64: 0.007083526957888647, 65: 0.007105501336575764, 66: 0.006155835514527711, 67: 0.007303033173002761, 68: 0.006780607212873178, 69: 0.00570235764321718, 70: 0.0067000366892442055, 71: 0.007496183771080925, 72: 0.005058247203814956, 73: 0.006176634715142567, 74: 0.005983683478018512}","[98, 94, 91, 91, 90, 90, 90, 90, 89, 89, 89, 89, 87, 87, 87, 86, 86, 85, 85, 85, 85, 84, 84, 84, 83, 83, 83, 82, 82, 82, 82, 82, 82, 82, 80, 80, 80, 79, 79, 79, 79, 79, 79, 79, 79, 78, 78, 78, 77, 77, 77, 77, 76, 75, 74, 74, 74, 74, 73, 72, 72, 72, 71, 71, 70, 70, 70, 69, 68, 66, 63, 63, 63, 61, 59]","dict_values([39, 44, 36, 43, 38, 46, 36, 34, 46, 46, 50, 48, 39, 43, 46, 40, 44, 41, 45, 44, 37, 43, 35, 40, 43, 47, 51, 42, 43, 45, 43, 46, 44, 49, 34, 33, 44, 46, 39, 37, 37, 39, 41, 42, 38, 48, 49, 40, 30, 43, 31, 43, 40, 43, 37, 45, 38, 39, 49, 43, 34, 30, 39, 44, 38, 45, 43, 36, 35, 36, 41, 48, 41, 50, 44])",0.048399629834373945
54,79.68,0.5444053345013443,"{0: 0.007103065007134091, 1: 0.007683059124583502, 2: 0.006253548746522269, 3: 0.003946661208592894, 4: 0.0056652213389681095, 5: 0.0048754532467347326, 6: 0.008997857581923077, 7: 0.003845364456125435, 8: 0.008241584831988774, 9: 0.00419219002325394, 10: 0.004447741366926962, 11: 0.006171602683021207, 12: 0.005981133202536264, 13: 0.004504300434715776, 14: 0.007857419944142626, 15: 0.004737017387546572, 16: 0.0059598456510313105, 17: 0.0047331878449221295, 18: 0.006021272837829848, 19: 0.006677749716281132, 20: 0.008801282895679002, 21: 0.005058784410021295, 22: 0.006298436737555759, 23: 0.006521386299543199, 24: 0.0045890413794055, 25: 0.0069553813747265745, 26: 0.004848838317069978, 27: 0.0069280811241077085, 28: 0.0073626138224943604, 29: 0.006830580944527203, 30: 0.005292229611364063, 31: 0.007476249197982385, 32: 0.007869665287704886, 33: 0.004604961649878887, 34: 0.010584471173557836, 35: 0.006368563593706735, 36: 0.009497183607828141, 37: 0.004584483724655766, 38: 0.0063598178085818875, 39: 0.007989316242205485, 40: 0.007055624712474266, 41: 0.005863112470904178, 42: 0.005484170436166282, 43: 0.007836516335064655, 44: 0.007612968103550185, 45: 0.006229696462321533, 46: 0.006814384114701306, 47: 0.005464041700879537, 48: 0.007349199832519063, 49: 0.0052519108345640405, 50: 0.007161755787233278, 51: 0.004480436094092626, 52: 0.007857176170034948, 53: 0.0055371582806479445, 54: 0.0066461213969702905, 55: 0.006325918211435098, 56: 0.006047090414470771, 57: 0.0044579943530928656, 58: 0.0035559947409905617, 59: 0.006694194774929363, 60: 0.005180680074280942, 61: 0.006724207585572698, 62: 0.007833464248021883, 63: 0.005985924540053185, 64: 0.0071385319357761805, 65: 0.007037359447769352, 66: 0.006311046198642184, 67: 0.007164113763267032, 68: 0.006694923929544004, 69: 0.005663909594258355, 70: 0.006930049062639659, 71: 0.007899789261620108, 72: 0.00501876963091884, 73: 0.006281833586935492, 74: 0.005962075413562488}","[99, 94, 93, 92, 91, 90, 90, 90, 90, 90, 89, 89, 88, 87, 87, 87, 86, 86, 86, 85, 85, 85, 85, 84, 84, 83, 83, 83, 82, 82, 82, 82, 81, 81, 81, 80, 80, 80, 80, 80, 80, 80, 79, 79, 79, 79, 78, 78, 78, 77, 77, 77, 76, 76, 74, 74, 74, 74, 73, 73, 72, 72, 71, 71, 70, 70, 70, 69, 68, 66, 64, 64, 63, 60, 59]","dict_values([39, 44, 36, 43, 38, 46, 36, 34, 46, 46, 50, 48, 39, 43, 46, 40, 44, 41, 45, 44, 37, 43, 35, 40, 43, 47, 51, 42, 43, 45, 43, 46, 44, 49, 34, 33, 44, 46, 39, 37, 37, 39, 41, 42, 38, 48, 49, 40, 30, 43, 31, 43, 40, 43, 37, 45, 38, 39, 49, 43, 34, 30, 39, 44, 38, 45, 43, 36, 35, 36, 41, 48, 41, 50, 44])",0.050099326354951276
54,79.68,0.5447959359013864,"{0: 0.0072055185416929485, 1: 0.007680011471272175, 2: 0.006458817025953295, 3: 0.0038338766982805414, 4: 0.0054803233360806, 5: 0.004946400473312826, 6: 0.008867477013444902, 7: 0.004263115415208012, 8: 0.008045788117319994, 9: 0.004323557966228976, 10: 0.00489206350428275, 11: 0.005861865008692104, 12: 0.005953667376030401, 13: 0.004837383309350106, 14: 0.008195657576342679, 15: 0.004493111489433142, 16: 0.006177439335308639, 17: 0.00460736586290834, 18: 0.005865906201337195, 19: 0.006512705705212052, 20: 0.009121770476292637, 21: 0.004788353345578642, 22: 0.006197714132985392, 23: 0.006642375898104905, 24: 0.004570591398342945, 25: 0.007201324275431764, 26: 0.004789194179114471, 27: 0.006766637014499388, 28: 0.007406505130636332, 29: 0.0069579965252456145, 30: 0.005272335983619615, 31: 0.007398047374953174, 32: 0.007699368045387503, 33: 0.004174737100369203, 34: 0.010694705358701206, 35: 0.006187660939718264, 36: 0.010041818525164548, 37: 0.0045819945430365765, 38: 0.006346637880518875, 39: 0.008238197141530129, 40: 0.006732061106202155, 41: 0.005839343206011201, 42: 0.0053327645230577475, 43: 0.008137118023561436, 44: 0.0075943088319584216, 45: 0.006365955298156838, 46: 0.006526818884794998, 47: 0.0058039908137335, 48: 0.007259164481125882, 49: 0.005225386000798274, 50: 0.007209172482492226, 51: 0.004203742526571882, 52: 0.007991807842627723, 53: 0.0056685103292946305, 54: 0.006583524537842521, 55: 0.006422680587846137, 56: 0.005757975390236971, 57: 0.00426899165713248, 58: 0.003359954860025363, 59: 0.0069512020520855035, 60: 0.005416816321019293, 61: 0.006845390101172189, 62: 0.007564669188392752, 63: 0.006004970036794713, 64: 0.007149748823047253, 65: 0.007054422512800902, 66: 0.006043513361050652, 67: 0.007193255312768531, 68: 0.006701187536240688, 69: 0.005654747965509311, 70: 0.006856558075688535, 71: 0.008084841556926365, 72: 0.005126334465786047, 73: 0.006199531016056035, 74: 0.0055583129315504775}","[100, 95, 94, 93, 91, 91, 91, 90, 90, 90, 89, 88, 88, 87, 87, 86, 86, 86, 86, 85, 85, 85, 85, 84, 84, 84, 84, 82, 82, 82, 82, 82, 81, 81, 80, 80, 80, 80, 80, 80, 80, 80, 80, 79, 79, 78, 78, 77, 77, 77, 76, 76, 75, 75, 75, 74, 74, 74, 73, 73, 73, 73, 72, 72, 71, 70, 68, 68, 67, 67, 63, 63, 62, 62, 59]","dict_values([39, 44, 36, 43, 38, 46, 36, 34, 46, 46, 50, 48, 39, 43, 46, 40, 44, 41, 45, 44, 37, 43, 35, 40, 43, 47, 51, 42, 43, 45, 43, 46, 44, 49, 34, 33, 44, 46, 39, 37, 37, 39, 41, 42, 38, 48, 49, 40, 30, 43, 31, 43, 40, 43, 37, 45, 38, 39, 49, 43, 34, 30, 39, 44, 38, 45, 43, 36, 35, 36, 41, 48, 41, 50, 44])",0.04578936002824328
55,79.70666666666666,0.5455922704227988,"{0: 0.007295782822180183, 1: 0.007807018745277055, 2: 0.006436792721766219, 3: 0.0037363275541321466, 4: 0.005424761564727842, 5: 0.004834033025798415, 6: 0.009302327568274866, 7: 0.003983761084030692, 8: 0.008228150233729418, 9: 0.004366947159540116, 10: 0.00492826140693243, 11: 0.006041889972567786, 12: 0.006122015746556953, 13: 0.005003006530494379, 14: 0.008156626348688625, 15: 0.004489928863856758, 16: 0.006202573544798202, 17: 0.004400014636164101, 18: 0.005802763756118249, 19: 0.006243685858171033, 20: 0.009368023835226301, 21: 0.0046111343693106014, 22: 0.006171651713772453, 23: 0.006568178159950932, 24: 0.004744096360708379, 25: 0.007288987441777986, 26: 0.005001294552603201, 27: 0.006589762596732921, 28: 0.0075463645579003326, 29: 0.0071390788635152455, 30: 0.005041433632272978, 31: 0.007265231229800306, 32: 0.00725709835668317, 33: 0.004045408707638781, 34: 0.010602160414896594, 35: 0.006183561371232794, 36: 0.010185044240670614, 37: 0.004361264964424147, 38: 0.006248137796901837, 39: 0.008108350804695618, 40: 0.0066987893893197216, 41: 0.005538057382151137, 42: 0.005278949202659277, 43: 0.008129909396753763, 44: 0.007361296752281016, 45: 0.006351307133361903, 46: 0.0064859016760167205, 47: 0.006473788150531666, 48: 0.007526890586245962, 49: 0.005271375991737458, 50: 0.007286283090479778, 51: 0.0043929337575134364, 52: 0.008067088116612262, 53: 0.005848883942422547, 54: 0.006304918321098412, 55: 0.006654990055224367, 56: 0.005813334779229484, 57: 0.004043940480592568, 58: 0.003319568530485092, 59: 0.007022289071412816, 60: 0.005466189936556735, 61: 0.0066518446170679, 62: 0.007727711629406115, 63: 0.005786845346777504, 64: 0.006980367752069771, 65: 0.006881351916606613, 66: 0.006023865901931775, 67: 0.007361524462088739, 68: 0.006926400211264007, 69: 0.005362270401424466, 70: 0.007070503420287537, 71: 0.007895182155726505, 72: 0.0050186385110878255, 73: 0.006448512340954507, 74: 0.005479035189909653}","[100, 96, 95, 95, 92, 91, 90, 90, 90, 90, 89, 88, 88, 87, 87, 87, 87, 87, 86, 86, 86, 85, 85, 84, 83, 83, 83, 83, 83, 82, 81, 81, 81, 81, 81, 81, 80, 80, 80, 80, 80, 79, 79, 79, 79, 78, 78, 78, 77, 77, 76, 76, 75, 74, 74, 74, 74, 74, 73, 73, 73, 72, 72, 72, 69, 69, 68, 68, 68, 67, 64, 63, 62, 61, 59]","dict_values([39, 44, 36, 43, 38, 46, 36, 34, 46, 46, 50, 48, 39, 43, 46, 40, 44, 41, 45, 44, 37, 43, 35, 40, 43, 47, 51, 42, 43, 45, 43, 46, 44, 49, 34, 33, 44, 46, 39, 37, 37, 39, 41, 42, 38, 48, 49, 40, 30, 43, 31, 43, 40, 43, 37, 45, 38, 39, 49, 43, 34, 30, 39, 44, 38, 45, 43, 36, 35, 36, 41, 48, 41, 50, 44])",0.04301743842511203
55,79.89333333333333,0.5469897898108459,"{0: 0.00747131014576521, 1: 0.007378291617894188, 2: 0.006787660197070164, 3: 0.003494827502247668, 4: 0.005631778022042765, 5: 0.004759915040460523, 6: 0.00929530762995765, 7: 0.0039046032636266257, 8: 0.007838616518030176, 9: 0.004194852620348481, 10: 0.004748682091812309, 11: 0.006188603234318828, 12: 0.0060406594009647955, 13: 0.0048094320163361475, 14: 0.008286187152357911, 15: 0.004306516632142744, 16: 0.005893007152058752, 17: 0.004578419015969637, 18: 0.00617606586754683, 19: 0.006485614099888346, 20: 0.009335424767937875, 21: 0.004635219685095071, 22: 0.006298677275015627, 23: 0.0064201596493785335, 24: 0.005204673493851531, 25: 0.007577437933849251, 26: 0.0051559992329711, 27: 0.006546858178882987, 28: 0.007290241402460915, 29: 0.007054473956619239, 30: 0.004794884878963854, 31: 0.007079231782117583, 32: 0.007170348836876227, 33: 0.004286178038969991, 34: 0.010707356736328718, 35: 0.006145168259671116, 36: 0.010157640044110771, 37: 0.004296132549533152, 38: 0.006076529338162939, 39: 0.008031763549725781, 40: 0.006639251144069872, 41: 0.005756919538411722, 42: 0.005010177650111392, 43: 0.007936872384090706, 44: 0.00723389931309373, 45: 0.006479548688540912, 46: 0.0063601200080282095, 47: 0.006371364470720373, 48: 0.007290555695090342, 49: 0.0051165709143671315, 50: 0.007712212529921383, 51: 0.004189650356271892, 52: 0.00817153402267184, 53: 0.00601521626314158, 54: 0.006552927100036254, 55: 0.0065809306624929655, 56: 0.005795775287327338, 57: 0.0037653152459672778, 58: 0.003333124792544811, 59: 0.00691470668920687, 60: 0.00547890284236797, 61: 0.006571988891091811, 62: 0.007660115192773181, 63: 0.00587252307975194, 64: 0.007046493405405051, 65: 0.006808606374210047, 66: 0.006236747480319203, 67: 0.007427543838201633, 68: 0.006996928823679022, 69: 0.005452931846648083, 70: 0.007181448653520437, 71: 0.00783544599878112, 72: 0.00496141475473709, 73: 0.0061853370390043075, 74: 0.005310006561540678}","[101, 96, 96, 95, 93, 91, 90, 90, 90, 89, 89, 88, 88, 88, 87, 87, 87, 87, 87, 86, 85, 85, 84, 84, 84, 83, 83, 83, 83, 83, 82, 82, 82, 81, 81, 81, 81, 81, 80, 80, 80, 80, 79, 79, 79, 79, 79, 78, 78, 78, 77, 76, 76, 75, 75, 74, 73, 73, 73, 73, 72, 72, 72, 71, 68, 68, 68, 67, 67, 67, 67, 64, 61, 61, 60]","dict_values([39, 44, 36, 43, 38, 46, 36, 34, 46, 46, 50, 48, 39, 43, 46, 40, 44, 41, 45, 44, 37, 43, 35, 40, 43, 47, 51, 42, 43, 45, 43, 46, 44, 49, 34, 33, 44, 46, 39, 37, 37, 39, 41, 42, 38, 48, 49, 40, 30, 43, 31, 43, 40, 43, 37, 45, 38, 39, 49, 43, 34, 30, 39, 44, 38, 45, 43, 36, 35, 36, 41, 48, 41, 50, 44])",0.05129937379790768
55,79.94666666666667,0.5473799890478656,"{0: 0.007698082785780574, 1: 0.006987020550969419, 2: 0.006576719804143946, 3: 0.003597889300168049, 4: 0.005534154937492503, 5: 0.004687303622834242, 6: 0.00926149467926772, 7: 0.003955625184966505, 8: 0.007841363726321493, 9: 0.004493115187576542, 10: 0.005049764468772102, 11: 0.006614892606193351, 12: 0.0058975978417022705, 13: 0.004470611714894998, 14: 0.008220601092326862, 15: 0.004332416867377011, 16: 0.0058772354296738084, 17: 0.004716502297804143, 18: 0.006239427480382319, 19: 0.006623301835539249, 20: 0.009523127930251686, 21: 0.004455191001842108, 22: 0.006421844150008361, 23: 0.0065363130704382795, 24: 0.005009114207811423, 25: 0.007516132158414723, 26: 0.005340460458922421, 27: 0.006354537220554863, 28: 0.007567706559504286, 29: 0.0070391450433745575, 30: 0.004911049968365153, 31: 0.007012435101841814, 32: 0.007385714644020152, 33: 0.004254821694535759, 34: 0.010711957857194967, 35: 0.005718234744549226, 36: 0.00988609454414062, 37: 0.004104244546415075, 38: 0.006221990988489762, 39: 0.007825835858982284, 40: 0.006602071303007292, 41: 0.005704985061269301, 42: 0.005056528083250447, 43: 0.007719913135293533, 44: 0.00741145113924539, 45: 0.006608586072011584, 46: 0.006252864456522007, 47: 0.006610887336458549, 48: 0.007582185978746063, 49: 0.005234395639084598, 50: 0.007515633726971673, 51: 0.004109735875322779, 52: 0.008060021981776992, 53: 0.006023835518320948, 54: 0.006104053799206917, 55: 0.006825939425404184, 56: 0.005798185214357901, 57: 0.003822371410603292, 58: 0.0031479766984986654, 59: 0.006902340649291287, 60: 0.0054637781187339505, 61: 0.006755238334090379, 62: 0.007540644272279181, 63: 0.006027698557423126, 64: 0.007016148932464795, 65: 0.006823816445213202, 66: 0.006093557309615466, 67: 0.007526012219663064, 68: 0.007028511828261191, 69: 0.005273858998760379, 70: 0.00706187709764262, 71: 0.007740591512144536, 72: 0.004806128935074753, 73: 0.006358318537277663, 74: 0.005336406335422266}","[101, 97, 95, 95, 92, 91, 91, 90, 89, 89, 88, 88, 88, 88, 88, 87, 87, 87, 87, 86, 85, 84, 84, 84, 84, 84, 84, 83, 83, 83, 82, 82, 82, 81, 81, 81, 81, 81, 80, 80, 80, 80, 80, 80, 79, 79, 78, 78, 77, 77, 77, 76, 76, 76, 76, 75, 74, 74, 73, 73, 73, 73, 72, 72, 69, 68, 67, 67, 66, 66, 66, 64, 62, 61, 59]","dict_values([39, 44, 36, 43, 38, 46, 36, 34, 46, 46, 50, 48, 39, 43, 46, 40, 44, 41, 45, 44, 37, 43, 35, 40, 43, 47, 51, 42, 43, 45, 43, 46, 44, 49, 34, 33, 44, 46, 39, 37, 37, 39, 41, 42, 38, 48, 49, 40, 30, 43, 31, 43, 40, 43, 37, 45, 38, 39, 49, 43, 34, 30, 39, 44, 38, 45, 43, 36, 35, 36, 41, 48, 41, 50, 44])",0.04941664467439044
55,80.08,0.5479271067234698,"{0: 0.007188481993021971, 1: 0.006966994262830922, 2: 0.006881124629096777, 3: 0.0034040187441210772, 4: 0.005765330113026516, 5: 0.00455867248799897, 6: 0.009240362517965115, 7: 0.0041189189826504454, 8: 0.007737463863258854, 9: 0.004465459216014433, 10: 0.005046852887901363, 11: 0.006336380019041059, 12: 0.005907859363370002, 13: 0.004263690099121472, 14: 0.008450753260023475, 15: 0.004335179433028882, 16: 0.006102351876121014, 17: 0.0049559879518539214, 18: 0.0062143755944321245, 19: 0.006587108162829065, 20: 0.009215362482602962, 21: 0.004254949578441286, 22: 0.005982847835765758, 23: 0.006668436416305485, 24: 0.005139335392129217, 25: 0.007497284209855316, 26: 0.0052869128988313205, 27: 0.006125293617459531, 28: 0.007567595337566648, 29: 0.00695222802898123, 30: 0.0048378212759662064, 31: 0.006779679410633327, 32: 0.0071780460231447765, 33: 0.004301411890133246, 34: 0.010349002705724886, 35: 0.005721193647407915, 36: 0.010034025477550204, 37: 0.0036595710671959007, 38: 0.006359717661756946, 39: 0.007708798492883303, 40: 0.006678533414745881, 41: 0.005744990836374753, 42: 0.005455906466161976, 43: 0.007910422014383064, 44: 0.007106322134603261, 45: 0.006538746008586944, 46: 0.006385653509770969, 47: 0.0063651048073104875, 48: 0.007699974261281616, 49: 0.00530018827820222, 50: 0.007493323857433936, 51: 0.004258575087036613, 52: 0.00813667557805465, 53: 0.0062613236538466375, 54: 0.006236654457682531, 55: 0.007289715763816478, 56: 0.0057420304195560014, 57: 0.003925485299283729, 58: 0.003131325053426969, 59: 0.006917278674544143, 60: 0.005820346234003681, 61: 0.006860630854930979, 62: 0.007530366580336335, 63: 0.006060556086018184, 64: 0.007169422753096327, 65: 0.006720252961271271, 66: 0.006057144431362037, 67: 0.007402549783797227, 68: 0.006940101248651731, 69: 0.005111755360836678, 70: 0.007016585857512167, 71: 0.007661560782010123, 72: 0.004771164331810234, 73: 0.006280149726379793, 74: 0.005364344509028118}","[100, 96, 96, 95, 92, 92, 90, 90, 89, 89, 89, 89, 88, 88, 88, 87, 87, 86, 86, 86, 86, 85, 85, 85, 84, 83, 83, 83, 83, 83, 83, 82, 82, 82, 81, 81, 81, 81, 80, 80, 80, 80, 80, 80, 79, 79, 78, 78, 78, 77, 77, 77, 76, 76, 76, 76, 75, 74, 74, 73, 73, 73, 72, 71, 71, 68, 67, 67, 67, 66, 65, 65, 62, 61, 59]","dict_values([39, 44, 36, 43, 38, 46, 36, 34, 46, 46, 50, 48, 39, 43, 46, 40, 44, 41, 45, 44, 37, 43, 35, 40, 43, 47, 51, 42, 43, 45, 43, 46, 44, 49, 34, 33, 44, 46, 39, 37, 37, 39, 41, 42, 38, 48, 49, 40, 30, 43, 31, 43, 40, 43, 37, 45, 38, 39, 49, 43, 34, 30, 39, 44, 38, 45, 43, 36, 35, 36, 41, 48, 41, 50, 44])",0.04483938749673014
55,80.08,0.5481003896884105,"{0: 0.0072388703647676515, 1: 0.007293792508890725, 2: 0.007010841028149755, 3: 0.0034437661950588705, 4: 0.005901325182371955, 5: 0.0048909190705528115, 6: 0.008891851754856989, 7: 0.004882403204516275, 8: 0.007832534464151431, 9: 0.004595894775783168, 10: 0.004818168389254994, 11: 0.006299759505393042, 12: 0.005774401739288609, 13: 0.004409897805304707, 14: 0.008728742086291156, 15: 0.004250612256775394, 16: 0.006099787935502217, 17: 0.005130356808096987, 18: 0.005928873812218008, 19: 0.0063847544236209745, 20: 0.009334840467579012, 21: 0.004369233589549329, 22: 0.005728517029667023, 23: 0.006721681420595552, 24: 0.004948617741723317, 25: 0.007623143296749162, 26: 0.005092661663636973, 27: 0.005988877046796988, 28: 0.007678253629475711, 29: 0.00672717683593294, 30: 0.004863961188669838, 31: 0.006572719077796982, 32: 0.007296909012926362, 33: 0.0040996447126541305, 34: 0.010366750060590317, 35: 0.0051793386701110035, 36: 0.01023625764310417, 37: 0.0036565030457382007, 38: 0.006491782067137685, 39: 0.007580906199053234, 40: 0.0066945272137229, 41: 0.006076538212511934, 42: 0.00521297899516328, 43: 0.007890520775272738, 44: 0.007225305743077084, 45: 0.006711725608184439, 46: 0.006443572618466054, 47: 0.006368122066449418, 48: 0.007871527767558662, 49: 0.005402289898700552, 50: 0.0074255620224560545, 51: 0.004365404600497917, 52: 0.00816618545613251, 53: 0.00605613439755419, 54: 0.0060815506016482605, 55: 0.007131657285739064, 56: 0.005725048957575797, 57: 0.0038830762322014604, 58: 0.0032763089711881663, 59: 0.006619106347963545, 60: 0.005847356356877838, 61: 0.006393699228179819, 62: 0.007406080558696403, 63: 0.0060154697771618625, 64: 0.006998557958054392, 65: 0.006640231894136971, 66: 0.005841732709718754, 67: 0.007577259062526004, 68: 0.007099418650423236, 69: 0.005508587755549706, 70: 0.006913120043547047, 71: 0.007633741638733222, 72: 0.00472656368433742, 73: 0.006644008553057878, 74: 0.005253740631792447}","[100, 97, 96, 94, 93, 92, 91, 90, 90, 89, 89, 89, 88, 88, 87, 87, 87, 87, 86, 86, 85, 85, 85, 85, 84, 83, 83, 83, 83, 83, 83, 83, 82, 82, 82, 81, 81, 80, 80, 80, 79, 79, 79, 79, 79, 79, 78, 78, 78, 78, 77, 76, 75, 75, 75, 75, 75, 74, 74, 74, 74, 72, 72, 72, 71, 68, 67, 66, 66, 66, 66, 66, 64, 61, 60]","dict_values([39, 44, 36, 43, 38, 46, 36, 34, 46, 46, 50, 48, 39, 43, 46, 40, 44, 41, 45, 44, 37, 43, 35, 40, 43, 47, 51, 42, 43, 45, 43, 46, 44, 49, 34, 33, 44, 46, 39, 37, 37, 39, 41, 42, 38, 48, 49, 40, 30, 43, 31, 43, 40, 43, 37, 45, 38, 39, 49, 43, 34, 30, 39, 44, 38, 45, 43, 36, 35, 36, 41, 48, 41, 50, 44])",0.045985205825365694
55,79.89333333333333,0.547344615296383,"{0: 0.007002015354760975, 1: 0.007274159525778058, 2: 0.006812780709070239, 3: 0.0032871799635048548, 4: 0.005747766030261537, 5: 0.005016694083291824, 6: 0.00923919113230779, 7: 0.004836337343184113, 8: 0.007892868477625789, 9: 0.004529349715215176, 10: 0.004837616577272163, 11: 0.00649556343493495, 12: 0.0058061543431892175, 13: 0.00457352760245874, 14: 0.008964733573189172, 15: 0.004201638622008963, 16: 0.00619744581457674, 17: 0.0047553752070390995, 18: 0.005873974802372142, 19: 0.006529938467571672, 20: 0.0090389660253467, 21: 0.0041552933644167026, 22: 0.005798307607369524, 23: 0.006854926656433878, 24: 0.0049895341117118484, 25: 0.007674916020963197, 26: 0.004950539153685012, 27: 0.005931928769185416, 28: 0.0075385882434792495, 29: 0.006541643333879006, 30: 0.004556694068250667, 31: 0.006744882513541784, 32: 0.007238668697287716, 33: 0.004038474055943362, 34: 0.010590210958272124, 35: 0.0052549277601078165, 36: 0.010330118855453495, 37: 0.003694523676722907, 38: 0.006459047888666643, 39: 0.007694272862615024, 40: 0.006999707287335599, 41: 0.006163351556111906, 42: 0.005206864919743004, 43: 0.00796972177158443, 44: 0.007236138765940759, 45: 0.006632705343206989, 46: 0.006629667876586, 47: 0.0065835928878171315, 48: 0.008239547959736075, 49: 0.005461573524978221, 50: 0.0070838268615144835, 51: 0.0045534499292454785, 52: 0.008376770231325454, 53: 0.006037893136629725, 54: 0.005918487174809642, 55: 0.007399620406919556, 56: 0.005613953984411451, 57: 0.0040249373119475166, 58: 0.0032701490253178086, 59: 0.00611441449867164, 60: 0.006001635586950125, 61: 0.0064177519698744205, 62: 0.007282885751825458, 63: 0.006086866041387805, 64: 0.006946207738824063, 65: 0.006720779886025554, 66: 0.005910757800047096, 67: 0.007449576182523643, 68: 0.0071008303902579326, 69: 0.005586265041696842, 70: 0.007007362263991826, 71: 0.007650093427453091, 72: 0.004951725325770405, 73: 0.006867189121380764, 74: 0.0053407799647129895}","[101, 97, 96, 95, 94, 93, 92, 91, 89, 89, 89, 88, 88, 87, 87, 87, 87, 86, 86, 86, 85, 85, 84, 84, 84, 83, 83, 83, 83, 83, 82, 82, 82, 82, 82, 81, 81, 81, 81, 80, 79, 79, 79, 79, 78, 78, 78, 78, 77, 77, 76, 76, 76, 75, 75, 75, 74, 74, 73, 73, 72, 72, 72, 70, 70, 69, 68, 67, 66, 66, 65, 65, 63, 60, 59]","dict_values([39, 44, 36, 43, 38, 46, 36, 34, 46, 46, 50, 48, 39, 43, 46, 40, 44, 41, 45, 44, 37, 43, 35, 40, 43, 47, 51, 42, 43, 45, 43, 46, 44, 49, 34, 33, 44, 46, 39, 37, 37, 39, 41, 42, 38, 48, 49, 40, 30, 43, 31, 43, 40, 43, 37, 45, 38, 39, 49, 43, 34, 30, 39, 44, 38, 45, 43, 36, 35, 36, 41, 48, 41, 50, 44])",0.045673046928615124
54,79.76,0.5466608784387968,"{0: 0.007392226639338536, 1: 0.0072131694272222725, 2: 0.006763702357532557, 3: 0.0033378068273851643, 4: 0.005815750977348475, 5: 0.005301466365116309, 6: 0.009593946690339868, 7: 0.00490392388500157, 8: 0.008199177665753647, 9: 0.00438721362176178, 10: 0.004908773442820257, 11: 0.006576534767833694, 12: 0.005804086756578857, 13: 0.004518289309476009, 14: 0.009090486822470501, 15: 0.004337795302850065, 16: 0.0062151548030008425, 17: 0.004597100761541355, 18: 0.006279453055377594, 19: 0.006477180663238103, 20: 0.009103150912490943, 21: 0.00432752449694342, 22: 0.005895545353346537, 23: 0.0065141438003018725, 24: 0.005052340838419138, 25: 0.0075770037158937155, 26: 0.005033961645390772, 27: 0.005841069066148769, 28: 0.0073922193261549175, 29: 0.006619918764290062, 30: 0.004528269431168413, 31: 0.006965503468071472, 32: 0.007412083619270931, 33: 0.004041693174884758, 34: 0.010353607951434527, 35: 0.005370686102658965, 36: 0.010495483800777635, 37: 0.003887475633963298, 38: 0.006061608591098237, 39: 0.007885547745084216, 40: 0.007310579474709495, 41: 0.0061017778758304655, 42: 0.00521831199474547, 43: 0.007556281451176523, 44: 0.007225990837873262, 45: 0.0066921773257021516, 46: 0.006619732101790452, 47: 0.006642912507626164, 48: 0.00835802225771393, 49: 0.005305259527977787, 50: 0.007113810370514451, 51: 0.004480587874791882, 52: 0.008246649063611604, 53: 0.005816298180914392, 54: 0.005757386008146616, 55: 0.0077942390155079965, 56: 0.005677079689148439, 57: 0.004390701678127314, 58: 0.0034566587017342523, 59: 0.006035321072862608, 60: 0.005859818852180424, 61: 0.006265703848925577, 62: 0.006870471651168329, 63: 0.006149980736236885, 64: 0.006973961838301226, 65: 0.0065064121802294195, 66: 0.005947714229043271, 67: 0.007357559152803277, 68: 0.007027273423796421, 69: 0.005562688342343045, 70: 0.006839067032528184, 71: 0.007529888878497913, 72: 0.004946017612515027, 73: 0.006827585735611738, 74: 0.00517744136239808}","[100, 98, 97, 95, 94, 93, 92, 92, 89, 89, 89, 88, 88, 87, 87, 87, 86, 86, 85, 85, 85, 85, 84, 83, 83, 83, 83, 83, 83, 82, 82, 82, 82, 82, 82, 81, 81, 81, 80, 79, 79, 79, 79, 79, 78, 78, 78, 77, 76, 76, 76, 76, 76, 75, 75, 75, 75, 73, 73, 72, 72, 71, 71, 71, 70, 69, 68, 67, 66, 66, 65, 65, 63, 61, 59]","dict_values([39, 44, 36, 43, 38, 46, 36, 34, 46, 46, 50, 48, 39, 43, 46, 40, 44, 41, 45, 44, 37, 43, 35, 40, 43, 47, 51, 42, 43, 45, 43, 46, 44, 49, 34, 33, 44, 46, 39, 37, 37, 39, 41, 42, 38, 48, 49, 40, 30, 43, 31, 43, 40, 43, 37, 45, 38, 39, 49, 43, 34, 30, 39, 44, 38, 45, 43, 36, 35, 36, 41, 48, 41, 50, 44])",0.04854013729587292
53,79.94666666666667,0.5476641193419441,"{0: 0.007205484187577686, 1: 0.006896439448892011, 2: 0.0066041546985035745, 3: 0.0033321993391583764, 4: 0.005747686002168351, 5: 0.005319187136915206, 6: 0.009273539923869195, 7: 0.005094813877610799, 8: 0.008154894068075126, 9: 0.004414450500902026, 10: 0.005140513852172353, 11: 0.006685315161287321, 12: 0.0056590742864927645, 13: 0.004452334373802013, 14: 0.009139987118277217, 15: 0.004079536320755604, 16: 0.006133845154205013, 17: 0.0048604925358932865, 18: 0.005967786060900414, 19: 0.00621423608695777, 20: 0.008924243257800162, 21: 0.004377964519755486, 22: 0.005940030289628735, 23: 0.006684635516976285, 24: 0.004766773944135303, 25: 0.007760126720030287, 26: 0.005131526586757109, 27: 0.005934434936263653, 28: 0.007374366526860838, 29: 0.006579776997489811, 30: 0.004784340566951221, 31: 0.006710511522868908, 32: 0.0070784762330625, 33: 0.004001613725773675, 34: 0.009932660232335267, 35: 0.005357177006329067, 36: 0.010391404687802776, 37: 0.0037066038817628708, 38: 0.006171182769828621, 39: 0.007813376285583694, 40: 0.0073641658980527725, 41: 0.006364387609671645, 42: 0.00511545216910341, 43: 0.007551989985199507, 44: 0.0074648290268014145, 45: 0.0066540903521271335, 46: 0.006531173869672731, 47: 0.006587709168127571, 48: 0.008324877472758783, 49: 0.005302550570909148, 50: 0.007415970265776158, 51: 0.0044615395419636975, 52: 0.008010208738126938, 53: 0.0057148098195635615, 54: 0.005434345219017319, 55: 0.007663076908899743, 56: 0.005788573719530252, 57: 0.00464936606716902, 58: 0.003436233608453369, 59: 0.006086402377206273, 60: 0.0057706617182068706, 61: 0.005941360886936798, 62: 0.0066651277031623615, 63: 0.006253376821951096, 64: 0.006949330003855218, 65: 0.006772111344919673, 66: 0.006014319323427257, 67: 0.0074356915355413365, 68: 0.007158983597397297, 69: 0.005532122629530736, 70: 0.0069901520696711746, 71: 0.00809730895257581, 72: 0.004861976931441066, 73: 0.006840455252552461, 74: 0.005415695600842632}","[99, 98, 96, 95, 94, 93, 92, 91, 91, 90, 89, 89, 88, 88, 88, 87, 87, 86, 86, 86, 84, 84, 84, 84, 83, 83, 82, 82, 82, 82, 82, 82, 82, 82, 81, 81, 81, 81, 81, 80, 80, 80, 80, 79, 78, 78, 78, 78, 77, 77, 77, 76, 76, 75, 75, 75, 74, 74, 73, 73, 72, 72, 72, 72, 72, 70, 68, 66, 66, 65, 65, 64, 63, 61, 59]","dict_values([39, 44, 36, 43, 38, 46, 36, 34, 46, 46, 50, 48, 39, 43, 46, 40, 44, 41, 45, 44, 37, 43, 35, 40, 43, 47, 51, 42, 43, 45, 43, 46, 44, 49, 34, 33, 44, 46, 39, 37, 37, 39, 41, 42, 38, 48, 49, 40, 30, 43, 31, 43, 40, 43, 37, 45, 38, 39, 49, 43, 34, 30, 39, 44, 38, 45, 43, 36, 35, 36, 41, 48, 41, 50, 44])",0.0498862706336134
53,79.94666666666667,0.5476036068319662,"{0: 0.007083761072049572, 1: 0.006945741034423341, 2: 0.006809165422158105, 3: 0.0033581569736229095, 4: 0.005918600408677903, 5: 0.005236283890267363, 6: 0.009223097662734455, 7: 0.005248711841132775, 8: 0.00866373952305301, 9: 0.004464844031835953, 10: 0.005155750125282302, 11: 0.006406233437193639, 12: 0.00558885332696861, 13: 0.004337641612697249, 14: 0.009240327671557864, 15: 0.004114482583634436, 16: 0.005785739385792068, 17: 0.004845856090562779, 18: 0.006092785827098932, 19: 0.006220667542481499, 20: 0.008663183605355692, 21: 0.0041688923676849645, 22: 0.006045340885610569, 23: 0.006752625716944515, 24: 0.004905542775140234, 25: 0.007786159377064843, 26: 0.0050339972384899, 27: 0.005767785623252033, 28: 0.0072399644745581755, 29: 0.006633890954572993, 30: 0.004802035038319939, 31: 0.006669294614176579, 32: 0.006962851983880566, 33: 0.0038580583082006266, 34: 0.009928617842501354, 35: 0.005381734601341712, 36: 0.010566839396746915, 37: 0.003692875091151781, 38: 0.006086941393003811, 39: 0.007544355317316381, 40: 0.007088666425226186, 41: 0.006507987492548441, 42: 0.005314193154694546, 43: 0.007790563082036291, 44: 0.007493637718758041, 45: 0.006715833187328014, 46: 0.006779460544531114, 47: 0.006607455573769231, 48: 0.008284765098083607, 49: 0.0054208415848048174, 50: 0.007468033037559158, 51: 0.004128200232312736, 52: 0.008189633298915037, 53: 0.005952351943587907, 54: 0.005424439377662719, 55: 0.007444993180474629, 56: 0.00573474081758162, 57: 0.004953484346065882, 58: 0.003609226633673759, 59: 0.005982112485065503, 60: 0.005904621526807695, 61: 0.005785559618444028, 62: 0.00657041333204943, 63: 0.006327421210560935, 64: 0.007186691271519473, 65: 0.006467949741968977, 66: 0.006011863058906937, 67: 0.007231187299935501, 68: 0.007197736509513637, 69: 0.005489226812634864, 70: 0.007067654767704959, 71: 0.007763629336565044, 72: 0.004880020374841312, 73: 0.0069556916124691075, 74: 0.005455911345415107}","[99, 98, 96, 94, 94, 94, 93, 92, 91, 90, 89, 88, 88, 87, 87, 86, 86, 86, 86, 86, 85, 84, 84, 83, 83, 83, 83, 82, 82, 82, 82, 82, 81, 81, 81, 81, 81, 80, 80, 80, 80, 80, 79, 79, 79, 79, 79, 78, 78, 76, 76, 76, 76, 76, 76, 76, 74, 74, 74, 73, 73, 73, 72, 72, 71, 70, 67, 66, 66, 65, 65, 64, 63, 62, 59]","dict_values([39, 44, 36, 43, 38, 46, 36, 34, 46, 46, 50, 48, 39, 43, 46, 40, 44, 41, 45, 44, 37, 43, 35, 40, 43, 47, 51, 42, 43, 45, 43, 46, 44, 49, 34, 33, 44, 46, 39, 37, 37, 39, 41, 42, 38, 48, 49, 40, 30, 43, 31, 43, 40, 43, 37, 45, 38, 39, 49, 43, 34, 30, 39, 44, 38, 45, 43, 36, 35, 36, 41, 48, 41, 50, 44])",0.04629192421365187
52,80.08,0.5477577036949716,"{0: 0.0070622786821042, 1: 0.007008142072807158, 2: 0.0067384910842178194, 3: 0.0037541107938597077, 4: 0.005803327605904585, 5: 0.005403787204515146, 6: 0.009366067085625002, 7: 0.005315916208923552, 8: 0.008316843659107415, 9: 0.004473329577664659, 10: 0.0054409308634331185, 11: 0.006334668097338109, 12: 0.005502569847045556, 13: 0.004556084696497153, 14: 0.009075433241726672, 15: 0.003989854176825213, 16: 0.005946994943740339, 17: 0.0050687080144714855, 18: 0.006225024156396403, 19: 0.0062115727695014515, 20: 0.008812164542473832, 21: 0.004427593999152468, 22: 0.006415752856228922, 23: 0.00647370108882011, 24: 0.0047590582646837385, 25: 0.007832466609312715, 26: 0.005093210990920782, 27: 0.006143352720348961, 28: 0.007136321209568453, 29: 0.006423817105060089, 30: 0.004831915183408427, 31: 0.006844721435334498, 32: 0.007047661975478738, 33: 0.00404855248417944, 34: 0.009652648499728241, 35: 0.005370680224626874, 36: 0.010190160703040947, 37: 0.0036246513624886238, 38: 0.0061584686923395054, 39: 0.007394614577495043, 40: 0.0069685909775581145, 41: 0.006292075089510209, 42: 0.005340942362314367, 43: 0.0076884074577534475, 44: 0.007361280295214966, 45: 0.00678882631136533, 46: 0.006742743486368387, 47: 0.006528464568335545, 48: 0.008401657988708325, 49: 0.0053729196589274554, 50: 0.00739251487714555, 51: 0.00406418442382505, 52: 0.00806204651138968, 53: 0.00577396417753761, 54: 0.005167770952342485, 55: 0.007158959558043087, 56: 0.005914028425132948, 57: 0.004826289695586133, 58: 0.0036057096600484915, 59: 0.006066530503383061, 60: 0.005919708668206126, 61: 0.005287322681126448, 62: 0.00676409614127124, 63: 0.006347502336249288, 64: 0.006933729365559738, 65: 0.006418957126900852, 66: 0.005898389879076407, 67: 0.007211213175453275, 68: 0.007165804031236965, 69: 0.005708049222717084, 70: 0.006958053752122679, 71: 0.0074679493941918204, 72: 0.0047691678419445405, 73: 0.007116256431867267, 74: 0.005732283650381549}","[98, 97, 97, 95, 95, 94, 92, 92, 91, 90, 89, 88, 87, 86, 86, 86, 86, 86, 86, 85, 85, 84, 84, 84, 84, 83, 83, 83, 82, 82, 82, 82, 82, 81, 81, 81, 81, 81, 81, 80, 80, 80, 80, 79, 79, 79, 78, 78, 78, 77, 77, 77, 77, 77, 76, 76, 74, 74, 74, 73, 73, 73, 72, 72, 71, 71, 67, 67, 66, 65, 64, 63, 63, 63, 61]","dict_values([39, 44, 36, 43, 38, 46, 36, 34, 46, 46, 50, 48, 39, 43, 46, 40, 44, 41, 45, 44, 37, 43, 35, 40, 43, 47, 51, 42, 43, 45, 43, 46, 44, 49, 34, 33, 44, 46, 39, 37, 37, 39, 41, 42, 38, 48, 49, 40, 30, 43, 31, 43, 40, 43, 37, 45, 38, 39, 49, 43, 34, 30, 39, 44, 38, 45, 43, 36, 35, 36, 41, 48, 41, 50, 44])",0.04494573026041558
52,80.24,0.5490150141282845,"{0: 0.006957480039031598, 1: 0.0066008408659669286, 2: 0.00652336872158147, 3: 0.0036566384092024703, 4: 0.005677667567841, 5: 0.0053191927557849, 6: 0.008992662388168845, 7: 0.005523059096930856, 8: 0.008197767552420028, 9: 0.004809985141319794, 10: 0.005413695794392393, 11: 0.006416872683181546, 12: 0.005647329743373423, 13: 0.00474753595845682, 14: 0.009458193623910904, 15: 0.004006212224780041, 16: 0.005950264623485385, 17: 0.005124701116948928, 18: 0.006564336420756821, 19: 0.006113069511617211, 20: 0.008546244067712346, 21: 0.004479598778946451, 22: 0.006463285015921973, 23: 0.006628765830985298, 24: 0.00443113184573382, 25: 0.007753913961874212, 26: 0.004980405163088977, 27: 0.006794508574746265, 28: 0.006886110346781317, 29: 0.0063619468826813215, 30: 0.0048093550370960836, 31: 0.006928156393407012, 32: 0.006818225242640454, 33: 0.004198774970039233, 34: 0.009695377301293969, 35: 0.006028997593764442, 36: 0.010220257023438546, 37: 0.003358636762588323, 38: 0.00611973467697205, 39: 0.007281521028265835, 40: 0.007062342555892831, 41: 0.006358119726938159, 42: 0.0049902120752794545, 43: 0.0074747975474286086, 44: 0.0075325427620817524, 45: 0.00646913879703528, 46: 0.006607444759451099, 47: 0.006410299132529454, 48: 0.0086171250595649, 49: 0.005162188478604021, 50: 0.007400259251820096, 51: 0.004295527292858551, 52: 0.007966094872921443, 53: 0.005990473382301799, 54: 0.004925875095021522, 55: 0.007298722010171997, 56: 0.005885464992414261, 57: 0.004931719377064249, 58: 0.003648426398758737, 59: 0.005959194008023366, 60: 0.005866762148148061, 61: 0.0053391028605100305, 62: 0.006658619499337805, 63: 0.006201631926251123, 64: 0.0069286834996403045, 65: 0.006335121699894071, 66: 0.005918338629544047, 67: 0.007309252230552746, 68: 0.007092049068721035, 69: 0.005928012668269147, 70: 0.00687027985720677, 71: 0.00721592767156498, 72: 0.0046359205020739406, 73: 0.007209497604674969, 74: 0.005400352064674045}","[99, 97, 97, 96, 95, 94, 92, 91, 91, 91, 88, 88, 88, 87, 86, 86, 86, 86, 85, 85, 85, 85, 84, 84, 84, 84, 83, 83, 82, 82, 82, 82, 82, 82, 81, 81, 81, 81, 81, 81, 80, 80, 80, 79, 79, 79, 79, 79, 79, 79, 78, 77, 77, 77, 77, 74, 74, 74, 73, 73, 72, 72, 72, 72, 72, 71, 69, 68, 67, 64, 64, 64, 63, 63, 60]","dict_values([39, 44, 36, 43, 38, 46, 36, 34, 46, 46, 50, 48, 39, 43, 46, 40, 44, 41, 45, 44, 37, 43, 35, 40, 43, 47, 51, 42, 43, 45, 43, 46, 44, 49, 34, 33, 44, 46, 39, 37, 37, 39, 41, 42, 38, 48, 49, 40, 30, 43, 31, 43, 40, 43, 37, 45, 38, 39, 49, 43, 34, 30, 39, 44, 38, 45, 43, 36, 35, 36, 41, 48, 41, 50, 44])",0.04409006281255932
52,80.26666666666667,0.548940379265667,"{0: 0.0069916546484905286, 1: 0.0067761039974261585, 2: 0.0061458861535731895, 3: 0.003674352171582052, 4: 0.005858989218940124, 5: 0.005299239229620785, 6: 0.008931050550389967, 7: 0.0056051822240986105, 8: 0.00802523016169757, 9: 0.004813185275646657, 10: 0.005371833261922601, 11: 0.006360810378186568, 12: 0.0056267669918506425, 13: 0.004619569770508154, 14: 0.009241366654935669, 15: 0.004047144993475867, 16: 0.0059692261740813424, 17: 0.005091964376077506, 18: 0.006507396124688949, 19: 0.006255565428214231, 20: 0.008494332397448026, 21: 0.004612313203309064, 22: 0.006734926563907413, 23: 0.006772348673872284, 24: 0.0042818430003482, 25: 0.00787785068174671, 26: 0.005031938896851819, 27: 0.006799698297107119, 28: 0.006925271019097022, 29: 0.006357332805760403, 30: 0.004772847281571438, 31: 0.0068656702115798525, 32: 0.006767275243108539, 33: 0.0041584734771864945, 34: 0.009840149976117025, 35: 0.00600580064581864, 36: 0.010253932454949122, 37: 0.0033660485906848877, 38: 0.0061432692321181665, 39: 0.007264564409380906, 40: 0.006791456075436173, 41: 0.005983769343392428, 42: 0.00534006300586471, 43: 0.007535788783478093, 44: 0.007517519254546895, 45: 0.006754069356633399, 46: 0.00670617092404075, 47: 0.006317463123742524, 48: 0.008793717236265881, 49: 0.005399641155265084, 50: 0.007537186982921508, 51: 0.004258995086426829, 52: 0.007838112991175782, 53: 0.005944095188523681, 54: 0.005031646937789371, 55: 0.007510246610292078, 56: 0.005752262530694017, 57: 0.005076700968473731, 58: 0.00383284617312025, 59: 0.005917241030531769, 60: 0.005750262927454764, 61: 0.005083179673952406, 62: 0.00663657519575315, 63: 0.006057308000017284, 64: 0.0069204430299224405, 65: 0.006360105258223701, 66: 0.006090032972081019, 67: 0.007003195460098568, 68: 0.006874715184542939, 69: 0.006023195423306518, 70: 0.006764615315793898, 71: 0.00700811234359432, 72: 0.0046235269395005305, 73: 0.007150442258628214, 74: 0.005473116032026148}","[99, 97, 96, 96, 96, 94, 91, 91, 91, 91, 89, 88, 87, 86, 86, 86, 86, 85, 85, 85, 85, 84, 84, 84, 84, 84, 83, 83, 83, 82, 82, 82, 82, 82, 82, 82, 81, 81, 81, 80, 80, 80, 80, 80, 79, 79, 79, 79, 78, 77, 77, 77, 77, 77, 76, 76, 75, 74, 74, 73, 73, 73, 73, 72, 72, 71, 69, 68, 67, 65, 64, 64, 63, 63, 60]","dict_values([39, 44, 36, 43, 38, 46, 36, 34, 46, 46, 50, 48, 39, 43, 46, 40, 44, 41, 45, 44, 37, 43, 35, 40, 43, 47, 51, 42, 43, 45, 43, 46, 44, 49, 34, 33, 44, 46, 39, 37, 37, 39, 41, 42, 38, 48, 49, 40, 30, 43, 31, 43, 40, 43, 37, 45, 38, 39, 49, 43, 34, 30, 39, 44, 38, 45, 43, 36, 35, 36, 41, 48, 41, 50, 44])",0.04529817551682655
52,80.50666666666666,0.5504172815067027,"{0: 0.007206231607277776, 1: 0.006692226657075317, 2: 0.00630935505967254, 3: 0.003700646708177656, 4: 0.005739673566980233, 5: 0.005127850908356263, 6: 0.008810730496620567, 7: 0.005739670806898828, 8: 0.007903167410445165, 9: 0.0047625161095005185, 10: 0.005505146589545711, 11: 0.006375221441869673, 12: 0.005893699836835396, 13: 0.004775651883308532, 14: 0.00957804564516857, 15: 0.0038292555999242, 16: 0.0058928940278943345, 17: 0.005071720251875439, 18: 0.006644023298595995, 19: 0.006240543955289832, 20: 0.008492055938190359, 21: 0.004372972478255799, 22: 0.006727731568898414, 23: 0.006164094752833443, 24: 0.0043964165073433785, 25: 0.007339975343159277, 26: 0.004976652124218918, 27: 0.006780071901886633, 28: 0.006855887352187214, 29: 0.006401279617893439, 30: 0.004813392432923319, 31: 0.006921198590376422, 32: 0.006594218402444205, 33: 0.004338705280848476, 34: 0.00981343271560563, 35: 0.006123020446786208, 36: 0.009982546853488749, 37: 0.003356339532117169, 38: 0.006098532036590469, 39: 0.007265979250277273, 40: 0.006469301291810343, 41: 0.006075428213255178, 42: 0.005291359012437973, 43: 0.007860846127293965, 44: 0.007480659804379825, 45: 0.006889582124084597, 46: 0.006506827909362631, 47: 0.0062319577847786325, 48: 0.00851523447104704, 49: 0.005417893531442059, 50: 0.00773828452700202, 51: 0.0042480940045652735, 52: 0.0077768236134007985, 53: 0.006013429447626335, 54: 0.005140235444352847, 55: 0.007465430659860134, 56: 0.0056975014821894505, 57: 0.005257002888475215, 58: 0.003759627867807058, 59: 0.005892456031916507, 60: 0.00590569038447002, 61: 0.005124130589298556, 62: 0.006604408960353173, 63: 0.006211475634457551, 64: 0.006816800355385366, 65: 0.006249406727633939, 66: 0.005785737910431821, 67: 0.006982383367129528, 68: 0.006864728371054027, 69: 0.006317590609497005, 70: 0.00654543655644075, 71: 0.00715420186582651, 72: 0.00425939358583482, 73: 0.007090705220222457, 74: 0.0052773326468653434}","[99, 97, 97, 96, 95, 94, 91, 91, 91, 90, 89, 89, 88, 87, 86, 86, 85, 85, 85, 85, 85, 85, 84, 84, 84, 84, 84, 83, 83, 83, 83, 82, 82, 82, 82, 82, 82, 81, 81, 81, 80, 80, 80, 80, 80, 79, 79, 79, 79, 78, 78, 78, 77, 77, 76, 76, 76, 75, 74, 74, 73, 73, 72, 72, 72, 71, 69, 69, 67, 65, 65, 64, 64, 63, 61]","dict_values([39, 44, 36, 43, 38, 46, 36, 34, 46, 46, 50, 48, 39, 43, 46, 40, 44, 41, 45, 44, 37, 43, 35, 40, 43, 47, 51, 42, 43, 45, 43, 46, 44, 49, 34, 33, 44, 46, 39, 37, 37, 39, 41, 42, 38, 48, 49, 40, 30, 43, 31, 43, 40, 43, 37, 45, 38, 39, 49, 43, 34, 30, 39, 44, 38, 45, 43, 36, 35, 36, 41, 48, 41, 50, 44])",0.0453677443761554
51,80.69333333333333,0.5517431274426717,"{0: 0.006968400419262987, 1: 0.0069940182642177304, 2: 0.006318253787503618, 3: 0.0037114223605411926, 4: 0.006021749898823079, 5: 0.005040923386462337, 6: 0.008836988705838282, 7: 0.0058010359832749055, 8: 0.007618523540558894, 9: 0.004909162529882482, 10: 0.005503825061674559, 11: 0.006508416661057839, 12: 0.005915170003007748, 13: 0.004729613382097381, 14: 0.009530590701259833, 15: 0.004029697519074004, 16: 0.0059274720457259825, 17: 0.005019439476759858, 18: 0.006582497062222027, 19: 0.006286752711911379, 20: 0.008185317654170538, 21: 0.004126446042746119, 22: 0.006816645571992356, 23: 0.006112301088296246, 24: 0.004389948584466494, 25: 0.007439602470075683, 26: 0.004928848134017062, 27: 0.006662967743328591, 28: 0.006309205680855573, 29: 0.006341862042103159, 30: 0.004921572548938092, 31: 0.00659619761639855, 32: 0.006751869358613451, 33: 0.004328507614328535, 34: 0.00983058032130745, 35: 0.006063871682087603, 36: 0.010210904295865169, 37: 0.003728743410540323, 38: 0.006218794577933623, 39: 0.0072633021155793995, 40: 0.006474619212820343, 41: 0.005967624650435289, 42: 0.005409968613900606, 43: 0.007597984739774239, 44: 0.007800073168258092, 45: 0.006614488605377432, 46: 0.006587705957470234, 47: 0.006164151864260538, 48: 0.008505662351799441, 49: 0.005213974765633177, 50: 0.0075843871348543635, 51: 0.0041038320975556085, 52: 0.007815921567276602, 53: 0.006123054426913252, 54: 0.004954350760821292, 55: 0.007190839450321587, 56: 0.005706274101074572, 57: 0.005487486566325823, 58: 0.0036679885562082002, 59: 0.005855307141000473, 60: 0.0059806714901344225, 61: 0.005232894353300974, 62: 0.006604761720807201, 63: 0.00616100735642822, 64: 0.006750517985887235, 65: 0.00604996539839067, 66: 0.005627989978309283, 67: 0.007008882763166395, 68: 0.006819442057518434, 69: 0.00638333751967982, 70: 0.006540790866253776, 71: 0.0071153617157245445, 72: 0.0042306969036157915, 73: 0.00701926024648994, 74: 0.005401639502728529}","[99, 99, 97, 97, 95, 93, 93, 91, 90, 89, 89, 88, 87, 87, 86, 86, 86, 86, 85, 85, 85, 84, 84, 84, 84, 84, 84, 84, 83, 83, 83, 83, 83, 83, 83, 82, 81, 81, 81, 81, 81, 81, 81, 80, 80, 80, 80, 79, 78, 78, 78, 78, 78, 78, 77, 77, 76, 75, 74, 74, 73, 73, 72, 72, 72, 71, 69, 69, 66, 66, 65, 64, 64, 64, 61]","dict_values([39, 44, 36, 43, 38, 46, 36, 34, 46, 46, 50, 48, 39, 43, 46, 40, 44, 41, 45, 44, 37, 43, 35, 40, 43, 47, 51, 42, 43, 45, 43, 46, 44, 49, 34, 33, 44, 46, 39, 37, 37, 39, 41, 42, 38, 48, 49, 40, 30, 43, 31, 43, 40, 43, 37, 45, 38, 39, 49, 43, 34, 30, 39, 44, 38, 45, 43, 36, 35, 36, 41, 48, 41, 50, 44])",0.04626722622925612
51,80.72,0.5523027251592204,"{0: 0.0070240094357777415, 1: 0.007195111898086683, 2: 0.006300047326934759, 3: 0.0036504152661277953, 4: 0.005892991382287342, 5: 0.005112733422777658, 6: 0.008781660941625268, 7: 0.005839073550025333, 8: 0.007815320580237784, 9: 0.0049820942502915464, 10: 0.005784382532848983, 11: 0.006279759747199783, 12: 0.0059889504243108745, 13: 0.004729522996056633, 14: 0.00943159209994015, 15: 0.004103980570823026, 16: 0.005967698271922278, 17: 0.00502133149625808, 18: 0.00641125943096865, 19: 0.00609297593744158, 20: 0.007883816614229728, 21: 0.003938653203250026, 22: 0.007147325406094074, 23: 0.0060828685911435585, 24: 0.0043805136217970565, 25: 0.007772384087698658, 26: 0.005099261374917014, 27: 0.006655455880295725, 28: 0.006536268520968556, 29: 0.006089762821112913, 30: 0.00493126621896129, 31: 0.006241928340601414, 32: 0.006709706084199911, 33: 0.004249226429295902, 34: 0.009987365915746093, 35: 0.00619196271594893, 36: 0.009726703882990649, 37: 0.0034267524067416563, 38: 0.006449175929343488, 39: 0.006837404353862562, 40: 0.006615820723235467, 41: 0.005940095222725844, 42: 0.005304368120922819, 43: 0.007698809662606243, 44: 0.007861339109772651, 45: 0.006800087191168539, 46: 0.006647661888371765, 47: 0.006060094361216787, 48: 0.008478215614246444, 49: 0.005210257018933891, 50: 0.007601825350335389, 51: 0.004243075506890256, 52: 0.007915219760424726, 53: 0.006239457329919491, 54: 0.005050162126530161, 55: 0.0069966492874089115, 56: 0.0056027907844716915, 57: 0.005553367980791851, 58: 0.0035068661256214932, 59: 0.006063386426364866, 60: 0.005662204572881555, 61: 0.0050788417451469, 62: 0.006850832777220174, 63: 0.00631921433895828, 64: 0.0068190452781996405, 65: 0.006199401557816409, 66: 0.005697343546940174, 67: 0.006399045996956544, 68: 0.006923976158034102, 69: 0.006396625117087831, 70: 0.006618413592830372, 71: 0.007271552448841685, 72: 0.004193680254793173, 73: 0.0070547175247186135, 74: 0.005432082558317875}","[100, 98, 97, 96, 95, 93, 92, 92, 91, 90, 90, 87, 87, 87, 87, 86, 86, 86, 86, 85, 85, 85, 85, 85, 85, 85, 84, 84, 83, 83, 83, 83, 82, 82, 82, 82, 82, 81, 81, 81, 81, 81, 80, 80, 80, 79, 79, 79, 79, 78, 78, 78, 78, 78, 78, 77, 76, 75, 75, 74, 73, 73, 73, 72, 72, 69, 69, 69, 67, 64, 64, 64, 64, 63, 61]","dict_values([39, 44, 36, 43, 38, 46, 36, 34, 46, 46, 50, 48, 39, 43, 46, 40, 44, 41, 45, 44, 37, 43, 35, 40, 43, 47, 51, 42, 43, 45, 43, 46, 44, 49, 34, 33, 44, 46, 39, 37, 37, 39, 41, 42, 38, 48, 49, 40, 30, 43, 31, 43, 40, 43, 37, 45, 38, 39, 49, 43, 34, 30, 39, 44, 38, 45, 43, 36, 35, 36, 41, 48, 41, 50, 44])",0.04479276861729729
51,80.56,0.5507820149527944,"{0: 0.0072744622044729375, 1: 0.007221679313256907, 2: 0.006587093457656696, 3: 0.0033724816128046287, 4: 0.005946719469583675, 5: 0.005200736285228068, 6: 0.008658311352401799, 7: 0.006041856368845489, 8: 0.008248579920513237, 9: 0.005005947245946345, 10: 0.005862603550542037, 11: 0.006274892077771196, 12: 0.005876772039413857, 13: 0.004804235180534414, 14: 0.009140924369432542, 15: 0.0044592436123273614, 16: 0.006010155851696685, 17: 0.0048538781342688025, 18: 0.006747981077849751, 19: 0.005834227387697081, 20: 0.007778239265454425, 21: 0.004066842389745523, 22: 0.006609657641115823, 23: 0.006236380365047326, 24: 0.004653613623032633, 25: 0.007711231882992053, 26: 0.005159927134799137, 27: 0.007199635381632174, 28: 0.006577350918208056, 29: 0.005844142908198343, 30: 0.0050373235845564135, 31: 0.006192073373904318, 32: 0.006387100450593108, 33: 0.004293899228745275, 34: 0.010004647758338224, 35: 0.006346557312592325, 36: 0.009967143863931162, 37: 0.00349863674591073, 38: 0.006109329191079225, 39: 0.0066577860687946615, 40: 0.006370601939172161, 41: 0.006082514475034509, 42: 0.0051527997105023935, 43: 0.00768765013797534, 44: 0.007953453065165168, 45: 0.006767867143284174, 46: 0.006400253426634459, 47: 0.006154835369336424, 48: 0.00848077515002909, 49: 0.005037064722758308, 50: 0.007407365079401285, 51: 0.004151451198674555, 52: 0.007999882445316962, 53: 0.00648326366764586, 54: 0.005074218045890895, 55: 0.007273507444019306, 56: 0.005576357353421974, 57: 0.005735803087562901, 58: 0.0035478970822267635, 59: 0.006038083589216461, 60: 0.005642550914924543, 61: 0.005347663338798505, 62: 0.006891075405027111, 63: 0.006503949194726898, 64: 0.0066833079494267415, 65: 0.0057461260568865535, 66: 0.005660787823194685, 67: 0.0061628456074740885, 68: 0.006509957327002101, 69: 0.006471844625462611, 70: 0.006749031628309361, 71: 0.007279892508687329, 72: 0.004369211571296983, 73: 0.007629082298109856, 74: 0.005382670779169682}","[100, 99, 95, 95, 94, 93, 93, 92, 91, 90, 90, 88, 88, 87, 87, 86, 86, 85, 85, 85, 85, 84, 84, 84, 84, 84, 84, 84, 83, 83, 83, 83, 82, 81, 81, 81, 81, 81, 80, 80, 80, 80, 80, 80, 80, 80, 79, 79, 79, 79, 79, 79, 78, 78, 77, 77, 75, 75, 75, 73, 73, 73, 73, 72, 71, 70, 70, 69, 66, 66, 65, 64, 64, 63, 60]","dict_values([39, 44, 36, 43, 38, 46, 36, 34, 46, 46, 50, 48, 39, 43, 46, 40, 44, 41, 45, 44, 37, 43, 35, 40, 43, 47, 51, 42, 43, 45, 43, 46, 44, 49, 34, 33, 44, 46, 39, 37, 37, 39, 41, 42, 38, 48, 49, 40, 30, 43, 31, 43, 40, 43, 37, 45, 38, 39, 49, 43, 34, 30, 39, 44, 38, 45, 43, 36, 35, 36, 41, 48, 41, 50, 44])",0.0464892064716136
51,80.45333333333333,0.5506447529169414,"{0: 0.0072859055382162655, 1: 0.007052384874034613, 2: 0.00657675493710585, 3: 0.0032269898657597074, 4: 0.005885005772397408, 5: 0.005188368189990914, 6: 0.008531813554005344, 7: 0.006062478619477399, 8: 0.007654181309956637, 9: 0.004880106578872744, 10: 0.005818748856483738, 11: 0.006452986611387377, 12: 0.005895841967441486, 13: 0.004807155813131662, 14: 0.00880649120660025, 15: 0.004425228637940105, 16: 0.005966303872199665, 17: 0.004872275855070947, 18: 0.006650123320232457, 19: 0.006399288402343087, 20: 0.00793237753530924, 21: 0.004274795550818978, 22: 0.006503158229807865, 23: 0.006267971352305548, 24: 0.004464684294123747, 25: 0.007572063094034944, 26: 0.005245024218994787, 27: 0.0074498453455428895, 28: 0.0066916123217442836, 29: 0.005716665703921788, 30: 0.005118445112184908, 31: 0.006292636260189461, 32: 0.006489950259209825, 33: 0.004319078814521522, 34: 0.009852538468023248, 35: 0.006531549506552262, 36: 0.010010643056738933, 37: 0.003530050341868487, 38: 0.006370312429471332, 39: 0.006496893216219592, 40: 0.006429052515114424, 41: 0.006220963764025052, 42: 0.00511476971734437, 43: 0.007670884170364698, 44: 0.007714768704664702, 45: 0.007033127598080369, 46: 0.006547258571450978, 47: 0.006294508499705453, 48: 0.00851270815402275, 49: 0.004831165419814117, 50: 0.007397220229000015, 51: 0.004093951935532371, 52: 0.00806683410519616, 53: 0.0065133700790085455, 54: 0.0050942170350149925, 55: 0.007222372199641292, 56: 0.005695040750135713, 57: 0.005643554652715537, 58: 0.003692517986815751, 59: 0.006039077695132427, 60: 0.00551254982122433, 61: 0.005375706489936809, 62: 0.007324701535376981, 63: 0.00682782153916248, 64: 0.006773034393715905, 65: 0.0055925612110101, 66: 0.005276363206919468, 67: 0.006357765682097086, 68: 0.006575171277872981, 69: 0.006532472429133051, 70: 0.006805630364184665, 71: 0.007503034091320641, 72: 0.0039688306344949666, 73: 0.00753766802809067, 74: 0.0055410038750205}","[99, 99, 94, 94, 94, 92, 92, 91, 91, 90, 89, 88, 88, 88, 88, 87, 86, 86, 86, 85, 85, 85, 84, 84, 84, 84, 84, 84, 84, 83, 83, 82, 82, 82, 82, 82, 81, 81, 81, 80, 80, 80, 80, 80, 80, 79, 79, 79, 79, 79, 78, 78, 78, 77, 76, 75, 75, 75, 74, 73, 73, 73, 73, 72, 72, 71, 69, 67, 66, 65, 64, 64, 64, 64, 59]","dict_values([39, 44, 36, 43, 38, 46, 36, 34, 46, 46, 50, 48, 39, 43, 46, 40, 44, 41, 45, 44, 37, 43, 35, 40, 43, 47, 51, 42, 43, 45, 43, 46, 44, 49, 34, 33, 44, 46, 39, 37, 37, 39, 41, 42, 38, 48, 49, 40, 30, 43, 31, 43, 40, 43, 37, 45, 38, 39, 49, 43, 34, 30, 39, 44, 38, 45, 43, 36, 35, 36, 41, 48, 41, 50, 44])",0.049464590719982604
51,80.34666666666666,0.549042259084337,"{0: 0.007521877160038121, 1: 0.006736065701331713, 2: 0.006816239086239168, 3: 0.0035812219561660074, 4: 0.005720670580524396, 5: 0.00523053747538517, 6: 0.008544065037404418, 7: 0.005925612539061627, 8: 0.007754285740373023, 9: 0.00476191547104498, 10: 0.006021855507529115, 11: 0.006529545444710846, 12: 0.005939746729918464, 13: 0.004515204724854848, 14: 0.008417167943396938, 15: 0.004309073432487247, 16: 0.0059130807197293606, 17: 0.004938627748296261, 18: 0.006731344969109328, 19: 0.006401546965966197, 20: 0.007892899383554652, 21: 0.004174600885865372, 22: 0.006406078563334789, 23: 0.00617736027265068, 24: 0.0045877332187412535, 25: 0.007851497783312617, 26: 0.005213718361051292, 27: 0.007389821585665225, 28: 0.006761139422063157, 29: 0.005778596188229448, 30: 0.004997347601451836, 31: 0.006807634217797256, 32: 0.0064732128500390755, 33: 0.004064028276987859, 34: 0.009943077915952923, 35: 0.006624385322122414, 36: 0.009870059547952836, 37: 0.003583672512623708, 38: 0.005979106961483898, 39: 0.0065421142402161655, 40: 0.006441138818764872, 41: 0.0065222547853585194, 42: 0.004990918511695722, 43: 0.007696342209476275, 44: 0.007664257684785886, 45: 0.0069577653817964125, 46: 0.006541212560952667, 47: 0.006568084579948322, 48: 0.00830953173971693, 49: 0.005170665277394496, 50: 0.00722828205304987, 51: 0.004119557616745658, 52: 0.00785561435162151, 53: 0.006508275923755784, 54: 0.005769254812719271, 55: 0.007224508489418982, 56: 0.005605842826503155, 57: 0.005653938421544146, 58: 0.00410385662055376, 59: 0.00602104645756423, 60: 0.00527280746941626, 61: 0.005494067733637748, 62: 0.007336600027483763, 63: 0.006859637453432853, 64: 0.00660025608043056, 65: 0.005759929897726521, 66: 0.005611128244087986, 67: 0.00634783801558148, 68: 0.006431325149972868, 69: 0.006500486901743681, 70: 0.006731584075833606, 71: 0.0073858238888523465, 72: 0.004245406918321746, 73: 0.00724009760562534, 74: 0.005443765120285884}","[99, 98, 94, 93, 92, 91, 91, 91, 91, 90, 90, 89, 88, 87, 87, 86, 85, 85, 85, 85, 85, 85, 84, 84, 84, 84, 84, 83, 83, 83, 83, 83, 82, 82, 82, 82, 81, 81, 81, 80, 80, 80, 80, 80, 80, 80, 80, 79, 79, 79, 78, 78, 78, 77, 76, 75, 74, 74, 74, 74, 73, 73, 73, 72, 71, 71, 68, 68, 66, 65, 65, 65, 64, 63, 61]","dict_values([39, 44, 36, 43, 38, 46, 36, 34, 46, 46, 50, 48, 39, 43, 46, 40, 44, 41, 45, 44, 37, 43, 35, 40, 43, 47, 51, 42, 43, 45, 43, 46, 44, 49, 34, 33, 44, 46, 39, 37, 37, 39, 41, 42, 38, 48, 49, 40, 30, 43, 31, 43, 40, 43, 37, 45, 38, 39, 49, 43, 34, 30, 39, 44, 38, 45, 43, 36, 35, 36, 41, 48, 41, 50, 44])",0.048139443096950466
51,80.24,0.5487225662620978,"{0: 0.007288665320021005, 1: 0.006583689348837459, 2: 0.0069172904902473015, 3: 0.003393220091267918, 4: 0.005542820576737057, 5: 0.005063066456861517, 6: 0.00831274138155487, 7: 0.005757105016755661, 8: 0.007715681081791479, 9: 0.0049924819030905156, 10: 0.006342789427806302, 11: 0.006560585241503665, 12: 0.005911273862136765, 13: 0.004350009147838989, 14: 0.00844230900999545, 15: 0.004174245810735055, 16: 0.005670854140259575, 17: 0.005057808225558013, 18: 0.0069571752760906195, 19: 0.006423616487466906, 20: 0.007841624955950737, 21: 0.004311947858531563, 22: 0.006499191299149897, 23: 0.006013520493267435, 24: 0.004688188415395695, 25: 0.008104486727924073, 26: 0.004986694767800352, 27: 0.007259036821724577, 28: 0.006779182266016225, 29: 0.005995144774106665, 30: 0.00500438102919607, 31: 0.00695312072916864, 32: 0.006302310656368633, 33: 0.004102755500159663, 34: 0.010024935628309167, 35: 0.00661220936348639, 36: 0.009647367907656608, 37: 0.0036707604395878678, 38: 0.006167317709898656, 39: 0.006526690806667025, 40: 0.006546829589969722, 41: 0.006758101107528734, 42: 0.005126590319238279, 43: 0.007737458874811976, 44: 0.0073487066985583474, 45: 0.006989576417305055, 46: 0.006583183088206278, 47: 0.00685332311429743, 48: 0.008176919656355556, 49: 0.005154155194455424, 50: 0.007221855870464917, 51: 0.0037340317072193352, 52: 0.00791627556063946, 53: 0.006582746180089799, 54: 0.005728668195492094, 55: 0.007413958649359351, 56: 0.005500218112327725, 57: 0.005466076751556359, 58: 0.004104137636914695, 59: 0.006431114768228097, 60: 0.0053142192014618925, 61: 0.005659675596245237, 62: 0.007391587521379204, 63: 0.006888163183053535, 64: 0.006483422096511248, 65: 0.005995277110281363, 66: 0.005664640179687335, 67: 0.006405078763120835, 68: 0.006287441933632949, 69: 0.006747250290819603, 70: 0.0069214934400843335, 71: 0.007459306750659005, 72: 0.004271875658583123, 73: 0.007259860565161812, 74: 0.005309824013731764}","[99, 96, 92, 92, 92, 91, 91, 91, 90, 90, 89, 89, 88, 87, 87, 86, 86, 85, 85, 85, 85, 85, 84, 84, 84, 84, 84, 84, 83, 83, 82, 82, 82, 82, 82, 82, 81, 81, 81, 81, 81, 81, 81, 81, 80, 80, 80, 79, 79, 79, 77, 77, 77, 77, 76, 75, 75, 74, 74, 74, 74, 73, 72, 72, 72, 72, 68, 67, 66, 65, 64, 64, 63, 63, 59]","dict_values([39, 44, 36, 43, 38, 46, 36, 34, 46, 46, 50, 48, 39, 43, 46, 40, 44, 41, 45, 44, 37, 43, 35, 40, 43, 47, 51, 42, 43, 45, 43, 46, 44, 49, 34, 33, 44, 46, 39, 37, 37, 39, 41, 42, 38, 48, 49, 40, 30, 43, 31, 43, 40, 43, 37, 45, 38, 39, 49, 43, 34, 30, 39, 44, 38, 45, 43, 36, 35, 36, 41, 48, 41, 50, 44])",0.046814690524637464
51,80.10666666666667,0.548252756531147,"{0: 0.007473109657553924, 1: 0.006466900145709246, 2: 0.007044568000428293, 3: 0.0034085518190063667, 4: 0.005527451183344426, 5: 0.005175263232726492, 6: 0.008422845123062152, 7: 0.005744876535108899, 8: 0.007692891184981379, 9: 0.005001301565652312, 10: 0.006652779332722184, 11: 0.007090306476061072, 12: 0.005784157126449856, 13: 0.004566771350442337, 14: 0.007986591632105017, 15: 0.00404901843190062, 16: 0.005723013934756415, 17: 0.0049567306723959795, 18: 0.007076239771043506, 19: 0.006535332011806421, 20: 0.007412623739632518, 21: 0.004316374220809252, 22: 0.006506299388141924, 23: 0.005801092230359908, 24: 0.004621307199980752, 25: 0.00813759434468004, 26: 0.004996600906944899, 27: 0.007534782185568465, 28: 0.006731509750076294, 29: 0.006209433766186559, 30: 0.004863146632486469, 31: 0.006735837870555217, 32: 0.006028264214909739, 33: 0.0041162364702988655, 34: 0.010022689535919659, 35: 0.006819596297591585, 36: 0.009750870648969744, 37: 0.003453440219004366, 38: 0.006008416216677189, 39: 0.0065044368829077544, 40: 0.006433000078170007, 41: 0.006962446446192502, 42: 0.004983008970148726, 43: 0.007690352565673727, 44: 0.007376229426124873, 45: 0.0071540381199894565, 46: 0.0066132342674095875, 47: 0.0072625705668237705, 48: 0.008202260838685957, 49: 0.005209736496413055, 50: 0.007250263108821391, 51: 0.003697582676310386, 52: 0.007851251495779657, 53: 0.006458663215486773, 54: 0.005990281372649824, 55: 0.007448609324162475, 56: 0.0054855360190712976, 57: 0.005495589186742043, 58: 0.0040943894779049824, 59: 0.006470314154573851, 60: 0.005483210821728308, 61: 0.0059211451316259515, 62: 0.007028687011960732, 63: 0.006942614725854421, 64: 0.006292087309980982, 65: 0.006153439517549128, 66: 0.005590189642478161, 67: 0.00613975351944501, 68: 0.006303192232515556, 69: 0.006904851043063772, 70: 0.006903254471350345, 71: 0.0073923190058891195, 72: 0.004616728249857927, 73: 0.007369630874510891, 74: 0.005187210087815151}","[99, 96, 92, 92, 91, 91, 91, 90, 90, 89, 89, 88, 88, 87, 87, 87, 86, 86, 85, 85, 85, 85, 85, 85, 84, 84, 83, 83, 83, 83, 83, 83, 83, 82, 82, 82, 82, 82, 81, 81, 81, 80, 80, 80, 79, 79, 79, 79, 79, 77, 77, 77, 77, 77, 76, 76, 75, 75, 74, 73, 73, 72, 72, 72, 72, 71, 70, 68, 66, 64, 63, 62, 62, 62, 59]","dict_values([39, 44, 36, 43, 38, 46, 36, 34, 46, 46, 50, 48, 39, 43, 46, 40, 44, 41, 45, 44, 37, 43, 35, 40, 43, 47, 51, 42, 43, 45, 43, 46, 44, 49, 34, 33, 44, 46, 39, 37, 37, 39, 41, 42, 38, 48, 49, 40, 30, 43, 31, 43, 40, 43, 37, 45, 38, 39, 49, 43, 34, 30, 39, 44, 38, 45, 43, 36, 35, 36, 41, 48, 41, 50, 44])",0.05333390366329137
51,79.97333333333333,0.5471137699150862,"{0: 0.007504679911876741, 1: 0.006374241306567973, 2: 0.007093948852014783, 3: 0.0036891021195365804, 4: 0.005846750018468856, 5: 0.005202661262902337, 6: 0.008003045910851435, 7: 0.005410263479833686, 8: 0.007712646562893281, 9: 0.00511662121299514, 10: 0.006931950261068455, 11: 0.006834032311008147, 12: 0.005864396269286552, 13: 0.004426258725678814, 14: 0.008231957842734046, 15: 0.003976074967442849, 16: 0.0056467725368279905, 17: 0.004983695354706688, 18: 0.007083747152446633, 19: 0.006475103485051536, 20: 0.007166350573199202, 21: 0.00428644479048005, 22: 0.00679831650492703, 23: 0.005389417186524564, 24: 0.00440723625875554, 25: 0.007869833842551624, 26: 0.004891546977921651, 27: 0.007458435724612506, 28: 0.006721576423232661, 29: 0.006242059019085395, 30: 0.005377094014153217, 31: 0.006684763008023095, 32: 0.006210466877750755, 33: 0.00430630537600294, 34: 0.010022793559844258, 35: 0.006902771295470659, 36: 0.009865230271152076, 37: 0.003376654241106468, 38: 0.005871786935618237, 39: 0.006445944728540235, 40: 0.006273754402697984, 41: 0.0070284329296871955, 42: 0.004971081239323182, 43: 0.007921055808532715, 44: 0.007675239013141389, 45: 0.007778512873423343, 46: 0.006542994666312012, 47: 0.007054411278787659, 48: 0.0085039228777352, 49: 0.005231484316692199, 50: 0.0074593861891546695, 51: 0.0037807374777088583, 52: 0.007780161149683088, 53: 0.006477893096231753, 54: 0.0061285523318745615, 55: 0.00716015939150789, 56: 0.005680335293435754, 57: 0.005461497797377883, 58: 0.0043587608916799145, 59: 0.006499602790264893, 60: 0.005346026352338388, 61: 0.006042532972677984, 62: 0.007060998464740627, 63: 0.006676130624990119, 64: 0.00611314680983051, 65: 0.005771537821370413, 66: 0.0056657617296066, 67: 0.0061629026965935385, 68: 0.006570306577475828, 69: 0.006905278872924701, 70: 0.006946055251279928, 71: 0.007211273669425539, 72: 0.004520356766709908, 73: 0.007452021149098786, 74: 0.005317223751622127}","[99, 96, 93, 91, 91, 91, 91, 90, 90, 90, 88, 88, 88, 87, 87, 86, 86, 86, 86, 85, 85, 85, 85, 84, 84, 83, 83, 83, 83, 83, 83, 82, 82, 82, 82, 82, 81, 81, 81, 80, 80, 80, 80, 79, 79, 79, 79, 78, 78, 78, 77, 77, 77, 77, 76, 76, 75, 75, 74, 74, 73, 73, 72, 71, 71, 71, 69, 67, 67, 64, 63, 62, 62, 61, 61]","dict_values([39, 44, 36, 43, 38, 46, 36, 34, 46, 46, 50, 48, 39, 43, 46, 40, 44, 41, 45, 44, 37, 43, 35, 40, 43, 47, 51, 42, 43, 45, 43, 46, 44, 49, 34, 33, 44, 46, 39, 37, 37, 39, 41, 42, 38, 48, 49, 40, 30, 43, 31, 43, 40, 43, 37, 45, 38, 39, 49, 43, 34, 30, 39, 44, 38, 45, 43, 36, 35, 36, 41, 48, 41, 50, 44])",0.054366015747607736
51,80.21333333333334,0.5487831796913419,"{0: 0.007570570516467664, 1: 0.006126010466356106, 2: 0.007027718978283329, 3: 0.003694591674724747, 4: 0.005908842849998086, 5: 0.005132248599371191, 6: 0.008095564009073155, 7: 0.005738904149643619, 8: 0.007943982135534638, 9: 0.00480252936423629, 10: 0.00667526535069492, 11: 0.006765283694413396, 12: 0.00599597552151402, 13: 0.004199157106208065, 14: 0.008212998687458636, 15: 0.003721941521576423, 16: 0.005151534808677907, 17: 0.00523534401041344, 18: 0.006750224534101934, 19: 0.006554197267436553, 20: 0.007091055753376176, 21: 0.004332683770435667, 22: 0.006661237638681801, 23: 0.00497049794084832, 24: 0.0043682838572188035, 25: 0.007895536905789946, 26: 0.004926611650774659, 27: 0.007790944928310541, 28: 0.00677113497095416, 29: 0.006191711148716436, 30: 0.005457586318953213, 31: 0.006750621254224372, 32: 0.006333690640832625, 33: 0.004411600213932232, 34: 0.00995790357967383, 35: 0.00683083540627383, 36: 0.009580116961150806, 37: 0.0033482500906362065, 38: 0.006025935615350556, 39: 0.006318637468833316, 40: 0.006152061801089029, 41: 0.007177962639389369, 42: 0.005149526813104599, 43: 0.008227302764072443, 44: 0.007700382366733258, 45: 0.0077062420755684615, 46: 0.006495265447282038, 47: 0.006883677328797757, 48: 0.008902999760275053, 49: 0.0053801509711659335, 50: 0.007465199335785545, 51: 0.0036424820268638374, 52: 0.007343258480696463, 53: 0.006745111739057819, 54: 0.005919793147952202, 55: 0.007284889295455645, 56: 0.005662149380616429, 57: 0.005689929218786212, 58: 0.004115427930167302, 59: 0.006459379738368936, 60: 0.005368147546672225, 61: 0.005841040269150008, 62: 0.007165846672204587, 63: 0.006267770232188638, 64: 0.006091565967659529, 65: 0.005679720799812522, 66: 0.005675603266749663, 67: 0.006263565310908299, 68: 0.006617081871944257, 69: 0.006977828963883083, 70: 0.006842105068798649, 71: 0.007037232954387494, 72: 0.004465171360030998, 73: 0.0074164046366117335, 74: 0.005436418324445097}","[99, 95, 95, 92, 92, 91, 91, 90, 90, 89, 89, 88, 88, 88, 87, 86, 86, 86, 86, 86, 86, 85, 85, 84, 84, 84, 84, 83, 83, 83, 83, 83, 82, 82, 82, 82, 81, 81, 81, 81, 80, 80, 80, 80, 79, 79, 79, 79, 79, 78, 78, 77, 76, 76, 76, 76, 75, 75, 75, 74, 74, 73, 73, 73, 73, 71, 69, 67, 66, 65, 63, 62, 61, 61, 61]","dict_values([39, 44, 36, 43, 38, 46, 36, 34, 46, 46, 50, 48, 39, 43, 46, 40, 44, 41, 45, 44, 37, 43, 35, 40, 43, 47, 51, 42, 43, 45, 43, 46, 44, 49, 34, 33, 44, 46, 39, 37, 37, 39, 41, 42, 38, 48, 49, 40, 30, 43, 31, 43, 40, 43, 37, 45, 38, 39, 49, 43, 34, 30, 39, 44, 38, 45, 43, 36, 35, 36, 41, 48, 41, 50, 44])",0.05448104699524672
51,80.32,0.5497296655002606,"{0: 0.007865916997368674, 1: 0.006284168244163532, 2: 0.007194027086110749, 3: 0.003810052555337323, 4: 0.006061467741383121, 5: 0.004993612956598594, 6: 0.007989835971129382, 7: 0.005687042909677684, 8: 0.007901476741388873, 9: 0.0048490166484661795, 10: 0.006652203381460726, 11: 0.00671934705464122, 12: 0.005962258904061788, 13: 0.004148294561061728, 14: 0.008404970132467065, 15: 0.003544613974124234, 16: 0.005067811317566942, 17: 0.005195784416397169, 18: 0.007121117332574397, 19: 0.0063250621474862136, 20: 0.007198321815930666, 21: 0.004614173223478937, 22: 0.006802541714579896, 23: 0.004938832711439462, 24: 0.004505752551813017, 25: 0.00797395782563656, 26: 0.004534200929871146, 27: 0.007244360782901481, 28: 0.00693380878735372, 29: 0.005977366343739382, 30: 0.005415000281653587, 31: 0.006866034046595139, 32: 0.006287175035180083, 33: 0.004363145626060753, 34: 0.009897801008551577, 35: 0.006820143612138013, 36: 0.009809489687378457, 37: 0.003521857003629078, 38: 0.006111832406311647, 39: 0.006472620556016348, 40: 0.005948139863390243, 41: 0.007213980604151228, 42: 0.005099526866155703, 43: 0.0077964098537927976, 44: 0.007665898616734492, 45: 0.007818423582795104, 46: 0.0066601388507845465, 47: 0.006654701561737485, 48: 0.00894847952039019, 49: 0.005143967010951479, 50: 0.007437243902159136, 51: 0.0036792228511164458, 52: 0.007231371238174011, 53: 0.007032859493075118, 54: 0.005927911546692612, 55: 0.007438675733876862, 56: 0.005618512938153706, 57: 0.00548974469006426, 58: 0.003906056155396101, 59: 0.006391012746320188, 60: 0.005168025762840509, 61: 0.005886149365238916, 62: 0.007171462770092607, 63: 0.006322965761512167, 64: 0.00592493563941115, 65: 0.005541185131988688, 66: 0.005775753845896488, 67: 0.005973982024346892, 68: 0.00657167454067894, 69: 0.0069304343077397175, 70: 0.006717445765243511, 71: 0.007182208631757379, 72: 0.004455368015394132, 73: 0.007198344849876086, 74: 0.005837279312282145}","[99, 96, 96, 92, 92, 91, 91, 91, 90, 90, 89, 89, 88, 88, 87, 87, 87, 86, 86, 86, 86, 85, 85, 85, 85, 84, 84, 84, 83, 83, 82, 82, 82, 82, 82, 82, 81, 81, 81, 81, 81, 81, 80, 80, 80, 79, 79, 79, 79, 78, 77, 76, 76, 76, 76, 76, 76, 75, 74, 74, 74, 74, 73, 73, 73, 69, 69, 67, 65, 64, 64, 62, 62, 62, 60]","dict_values([39, 44, 36, 43, 38, 46, 36, 34, 46, 46, 50, 48, 39, 43, 46, 40, 44, 41, 45, 44, 37, 43, 35, 40, 43, 47, 51, 42, 43, 45, 43, 46, 44, 49, 34, 33, 44, 46, 39, 37, 37, 39, 41, 42, 38, 48, 49, 40, 30, 43, 31, 43, 40, 43, 37, 45, 38, 39, 49, 43, 34, 30, 39, 44, 38, 45, 43, 36, 35, 36, 41, 48, 41, 50, 44])",0.055548941903920415
51,80.37333333333333,0.5497455380604482,"{0: 0.0076125414074573565, 1: 0.006488206941863683, 2: 0.0071241873070094774, 3: 0.003917096589974765, 4: 0.0060819068883374745, 5: 0.005676386305793231, 6: 0.007809794631177186, 7: 0.005574191788115306, 8: 0.008089360865549943, 9: 0.00471444527548888, 10: 0.007001903693558969, 11: 0.0068105730123534285, 12: 0.005832363471577516, 13: 0.0039694568377610625, 14: 0.008314083451365497, 15: 0.003522154436296729, 16: 0.004932469179241101, 17: 0.005036583974747958, 18: 0.00706147571993022, 19: 0.006275904510217212, 20: 0.00710598435936897, 21: 0.004567767648909322, 22: 0.007036898382203099, 23: 0.004626360004332361, 24: 0.004539971180775612, 25: 0.007840363071065237, 26: 0.004667194216894276, 27: 0.007342763176504621, 28: 0.0069481539482928074, 29: 0.0063710130597849635, 30: 0.005457561662062191, 31: 0.006791001347501993, 32: 0.006224523891769706, 33: 0.004299303746525724, 34: 0.009769495846878156, 35: 0.006487259714018193, 36: 0.009534455074182973, 37: 0.003556097542811551, 38: 0.006124871416211001, 39: 0.006389741566295414, 40: 0.0058272004859349835, 41: 0.007184314414570507, 42: 0.005033921181378191, 43: 0.007920888594988759, 44: 0.00733965204410438, 45: 0.007793003061783282, 46: 0.0065069814114584144, 47: 0.006670320686371888, 48: 0.009333485804974168, 49: 0.005063117989607315, 50: 0.007597650858466445, 51: 0.0039049960898988236, 52: 0.007275995372066347, 53: 0.007111714687864181, 54: 0.0059257814581325265, 55: 0.007233884293046018, 56: 0.005730158568725239, 57: 0.005574470992400254, 58: 0.003998784083182673, 59: 0.0063273681392868155, 60: 0.005508636219941351, 61: 0.006297420213904505, 62: 0.006864696254573619, 63: 0.006157173324846627, 64: 0.005981917924391331, 65: 0.005493657741133088, 66: 0.005909659335651, 67: 0.005695027558862764, 68: 0.006637925165781889, 69: 0.006886811688980567, 70: 0.0065631881809207916, 71: 0.007462484665244902, 72: 0.0043058048120650375, 73: 0.006859071578343435, 74: 0.005952725099902713}","[99, 98, 94, 93, 92, 92, 90, 90, 90, 89, 89, 89, 88, 87, 87, 87, 87, 86, 86, 85, 85, 85, 85, 85, 85, 84, 84, 84, 84, 83, 83, 83, 82, 82, 82, 82, 82, 81, 81, 81, 81, 81, 80, 80, 80, 80, 80, 79, 79, 79, 79, 77, 77, 76, 76, 75, 75, 75, 74, 74, 73, 73, 73, 73, 72, 70, 67, 67, 65, 64, 64, 64, 63, 62, 60]","dict_values([39, 44, 36, 43, 38, 46, 36, 34, 46, 46, 50, 48, 39, 43, 46, 40, 44, 41, 45, 44, 37, 43, 35, 40, 43, 47, 51, 42, 43, 45, 43, 46, 44, 49, 34, 33, 44, 46, 39, 37, 37, 39, 41, 42, 38, 48, 49, 40, 30, 43, 31, 43, 40, 43, 37, 45, 38, 39, 49, 43, 34, 30, 39, 44, 38, 45, 43, 36, 35, 36, 41, 48, 41, 50, 44])",0.05043220115462063
51,80.42666666666666,0.5506191544873531,"{0: 0.007665593632926009, 1: 0.006509419442478453, 2: 0.007313422992182872, 3: 0.003875371279139454, 4: 0.006189889065559146, 5: 0.005650239254458392, 6: 0.007765932123375069, 7: 0.005738412610501414, 8: 0.008299661960419178, 9: 0.0046090632561875886, 10: 0.007268871278648828, 11: 0.00686448460558436, 12: 0.005443728745703335, 13: 0.003851242695383663, 14: 0.008657205115720464, 15: 0.0036347472088378505, 16: 0.004874756977615618, 17: 0.005015763348591011, 18: 0.007805449257143774, 19: 0.006205132661549056, 20: 0.007105853568601542, 21: 0.0044063158807152, 22: 0.006994978471586574, 23: 0.004733999050677666, 24: 0.004381065421288314, 25: 0.0075271346738927354, 26: 0.004643147153028789, 27: 0.007355597342968359, 28: 0.006769029899540275, 29: 0.0064555270931835815, 30: 0.005298722844321957, 31: 0.006803007955059012, 32: 0.0062329948909028475, 33: 0.004145658626680438, 34: 0.009734114367921085, 35: 0.006498246204250354, 36: 0.009943615157736722, 37: 0.003454405500482172, 38: 0.0059962400403889525, 39: 0.0059333636544685086, 40: 0.005866551492843138, 41: 0.007103541140388154, 42: 0.005041497408150193, 43: 0.008090156923093015, 44: 0.007438757140498648, 45: 0.00784342200726837, 46: 0.00644703586852492, 47: 0.006514067144362283, 48: 0.008736115642806967, 49: 0.004819414365163608, 50: 0.007563717652512565, 51: 0.003918952422797662, 52: 0.007213235577134887, 53: 0.00728119992550182, 54: 0.005849009964695764, 55: 0.007357484596194054, 56: 0.005720780583954544, 57: 0.005401971071068041, 58: 0.004057776798621402, 59: 0.006387882591840258, 60: 0.005668457545131082, 61: 0.006126276146096801, 62: 0.0068082700297805035, 63: 0.0061867705570764495, 64: 0.006090841849432214, 65: 0.005375207043495929, 66: 0.005942979011947146, 67: 0.005549187036781287, 68: 0.006425335230505805, 69: 0.006556187040575726, 70: 0.0065919996863392115, 71: 0.007660555980452507, 72: 0.00435529204521941, 73: 0.007300690614134931, 74: 0.006143498435954508}","[99, 96, 95, 94, 93, 93, 90, 90, 90, 90, 89, 89, 88, 87, 87, 87, 86, 86, 86, 85, 85, 85, 85, 85, 85, 84, 84, 84, 84, 84, 84, 84, 83, 83, 82, 82, 81, 81, 81, 81, 81, 81, 80, 80, 80, 79, 79, 79, 79, 79, 79, 78, 77, 76, 76, 76, 75, 75, 74, 74, 73, 73, 73, 72, 72, 70, 68, 66, 65, 64, 64, 63, 63, 61, 61]","dict_values([39, 44, 36, 43, 38, 46, 36, 34, 46, 46, 50, 48, 39, 43, 46, 40, 44, 41, 45, 44, 37, 43, 35, 40, 43, 47, 51, 42, 43, 45, 43, 46, 44, 49, 34, 33, 44, 46, 39, 37, 37, 39, 41, 42, 38, 48, 49, 40, 30, 43, 31, 43, 40, 43, 37, 45, 38, 39, 49, 43, 34, 30, 39, 44, 38, 45, 43, 36, 35, 36, 41, 48, 41, 50, 44])",0.055912674401424084
51,80.48,0.5507653209192447,"{0: 0.0076106888127707205, 1: 0.006794756124297382, 2: 0.007511396069201201, 3: 0.004143413031796068, 4: 0.006306359596495605, 5: 0.005610350111907004, 6: 0.008206650430954218, 7: 0.005808319375960062, 8: 0.008367199470767226, 9: 0.004859708416886844, 10: 0.007321237622184907, 11: 0.006898006803769374, 12: 0.005512564211996699, 13: 0.003969392780126246, 14: 0.008476964453442273, 15: 0.0038847189926505994, 16: 0.0047612399406637895, 17: 0.004918682171717918, 18: 0.007045989271837965, 19: 0.006049679580062279, 20: 0.006857944851023504, 21: 0.004597336757649902, 22: 0.006768062000766368, 23: 0.004834144798562488, 24: 0.004150628930039989, 25: 0.00751219789816425, 26: 0.0046115580750484934, 27: 0.006810542226130193, 28: 0.006589837250474393, 29: 0.006286579750559452, 30: 0.005309974672009365, 31: 0.006749401013738754, 32: 0.0065822112015288025, 33: 0.004250760506721648, 34: 0.009952562231632574, 35: 0.006719102804191972, 36: 0.009832146039009663, 37: 0.0034811003908316856, 38: 0.005842125398192811, 39: 0.005940972074653521, 40: 0.005805034187441025, 41: 0.007119579236327264, 42: 0.005093382181502155, 43: 0.00799670332926247, 44: 0.0076232733156297505, 45: 0.007600390306047132, 46: 0.006519271598273273, 47: 0.006690825968591795, 48: 0.00820698958851075, 49: 0.004697714867105856, 50: 0.007566118122004766, 51: 0.0037762568259368584, 52: 0.007001594265416924, 53: 0.007319313446665851, 54: 0.0057526182716505295, 55: 0.007524404059083567, 56: 0.0057934640408298654, 57: 0.005282765671804308, 58: 0.0038142956323783204, 59: 0.00636810692969252, 60: 0.005501230419243012, 61: 0.006177840823527542, 62: 0.006916859718851951, 63: 0.006334255191895086, 64: 0.0064844221953576755, 65: 0.005258492352239276, 66: 0.005930996259164021, 67: 0.0057328501508620506, 68: 0.006799036073914705, 69: 0.0065393086190284905, 70: 0.0065700557645936115, 71: 0.0077794972176185645, 72: 0.004277924620381473, 73: 0.007140166065209726, 74: 0.0059837471766384575}","[100, 96, 95, 93, 93, 92, 91, 91, 91, 89, 89, 88, 88, 87, 87, 87, 87, 87, 86, 86, 86, 85, 85, 84, 84, 84, 84, 84, 84, 84, 83, 83, 83, 83, 82, 82, 82, 82, 82, 81, 81, 80, 80, 80, 80, 80, 79, 79, 78, 78, 78, 77, 77, 76, 76, 76, 75, 75, 75, 74, 74, 73, 73, 72, 71, 70, 68, 67, 65, 64, 64, 63, 63, 63, 62]","dict_values([39, 44, 36, 43, 38, 46, 36, 34, 46, 46, 50, 48, 39, 43, 46, 40, 44, 41, 45, 44, 37, 43, 35, 40, 43, 47, 51, 42, 43, 45, 43, 46, 44, 49, 34, 33, 44, 46, 39, 37, 37, 39, 41, 42, 38, 48, 49, 40, 30, 43, 31, 43, 40, 43, 37, 45, 38, 39, 49, 43, 34, 30, 39, 44, 38, 45, 43, 36, 35, 36, 41, 48, 41, 50, 44])",0.053433430782655514
50,80.50666666666666,0.5504307374837619,"{0: 0.007687712183792103, 1: 0.006838105317540472, 2: 0.007741356030731483, 3: 0.004004758052978003, 4: 0.006298574310450123, 5: 0.0055799538976387215, 6: 0.008373540368019428, 7: 0.0058382914144579825, 8: 0.008332255011338021, 9: 0.004910648864343807, 10: 0.006651000610590105, 11: 0.00682238716116468, 12: 0.005461811010891548, 13: 0.003922239227865982, 14: 0.008458343999339613, 15: 0.004187720531926815, 16: 0.004772458145173057, 17: 0.004920680709108995, 18: 0.007320214128767175, 19: 0.0059807226028326865, 20: 0.006874223586895882, 21: 0.004492936127903483, 22: 0.006604936898482529, 23: 0.0048400221812232806, 24: 0.004303761386352796, 25: 0.007529017543258099, 26: 0.004789072889940254, 27: 0.006781689385679563, 28: 0.006726484077660514, 29: 0.00623403151152322, 30: 0.005438246553813069, 31: 0.006554186556940462, 32: 0.0067490305582087705, 33: 0.004133300490462042, 34: 0.009840167946483376, 35: 0.006746908109183256, 36: 0.00979348549456562, 37: 0.0033782732266801133, 38: 0.005688355003004688, 39: 0.005723219938457375, 40: 0.005762725286768317, 41: 0.007082071158507275, 42: 0.005035739521957848, 43: 0.008047530082090127, 44: 0.007631350389439595, 45: 0.007558179789559605, 46: 0.006456437975899266, 47: 0.006650068303284718, 48: 0.008162472393690579, 49: 0.004546395745784472, 50: 0.007528571625964594, 51: 0.004204375280492368, 52: 0.007144238606671018, 53: 0.007316106709799504, 54: 0.006084959833900814, 55: 0.0073655497747037845, 56: 0.005498331622446048, 57: 0.005236521134812817, 58: 0.004055045553023065, 59: 0.006351009353601471, 60: 0.005675026936884109, 61: 0.006320762254364455, 62: 0.007168237130176756, 63: 0.005962453563521412, 64: 0.006409468766882666, 65: 0.00530915906695654, 66: 0.006065853919363512, 67: 0.005653250492431133, 68: 0.006686602036084484, 69: 0.006948664927757505, 70: 0.006509187947365995, 71: 0.007638322099836442, 72: 0.004369891687147359, 73: 0.006932234171334665, 74: 0.005839255821452545}","[99, 96, 94, 93, 93, 92, 92, 91, 90, 90, 89, 88, 88, 88, 88, 87, 87, 87, 87, 87, 86, 85, 85, 84, 84, 84, 84, 84, 83, 83, 83, 83, 83, 83, 83, 82, 82, 81, 81, 81, 80, 80, 80, 79, 79, 79, 79, 79, 78, 78, 78, 77, 77, 77, 77, 76, 76, 75, 74, 74, 74, 73, 72, 72, 72, 70, 69, 67, 66, 65, 64, 64, 64, 63, 61]","dict_values([39, 44, 36, 43, 38, 46, 36, 34, 46, 46, 50, 48, 39, 43, 46, 40, 44, 41, 45, 44, 37, 43, 35, 40, 43, 47, 51, 42, 43, 45, 43, 46, 44, 49, 34, 33, 44, 46, 39, 37, 37, 39, 41, 42, 38, 48, 49, 40, 30, 43, 31, 43, 40, 43, 37, 45, 38, 39, 49, 43, 34, 30, 39, 44, 38, 45, 43, 36, 35, 36, 41, 48, 41, 50, 44])",0.05207594915320995
49,80.74666666666667,0.5511599086663884,"{0: 0.007477195988916355, 1: 0.0064126917905070226, 2: 0.0074445001086483695, 3: 0.004083860465003164, 4: 0.006094226572830741, 5: 0.005777131837494092, 6: 0.008339006527603079, 7: 0.005668162078566284, 8: 0.008606276335651584, 9: 0.004744052555884366, 10: 0.00645327464839704, 11: 0.006766271744873619, 12: 0.005254613345364276, 13: 0.003921055771263984, 14: 0.008354614537041024, 15: 0.004378689026734846, 16: 0.004874267852422884, 17: 0.004788136379281669, 18: 0.007122746513790758, 19: 0.006123052714055879, 20: 0.0071138326748378155, 21: 0.004704214268389548, 22: 0.006345216607327608, 23: 0.004821119488207277, 24: 0.004356448630971207, 25: 0.007243051457485918, 26: 0.005042567672865402, 27: 0.006722083310806047, 28: 0.00694506903955547, 29: 0.006139967241901959, 30: 0.005488257960959459, 31: 0.006287775334896451, 32: 0.007024120617239678, 33: 0.004396632309097097, 34: 0.009560174239797305, 35: 0.006558709375479147, 36: 0.009827306671817266, 37: 0.003480257727470405, 38: 0.005415458510561672, 39: 0.005653698323913728, 40: 0.005860960331991712, 41: 0.006926625466066873, 42: 0.005138834324306032, 43: 0.007893028400148007, 44: 0.0076020588643560035, 45: 0.0071351919966182245, 46: 0.0063511637941771285, 47: 0.0067463794568898994, 48: 0.007647488709603088, 49: 0.004573704465023623, 50: 0.007402429286600155, 51: 0.004324170747886133, 52: 0.007305586310093254, 53: 0.007608358987851813, 54: 0.0062610837084361, 55: 0.007752354884511677, 56: 0.005568994445729159, 57: 0.005292850119508279, 58: 0.0041273967606356874, 59: 0.006335731342464616, 60: 0.005843109858679948, 61: 0.006277285356836636, 62: 0.007379578045969827, 63: 0.006131698164447846, 64: 0.006124494815841955, 65: 0.005375527929934931, 66: 0.005982548764018414, 67: 0.005717408137907667, 68: 0.006472466382178736, 69: 0.007115134658652822, 70: 0.006407684524605963, 71: 0.007420318421087001, 72: 0.004296026246038863, 73: 0.006869249245866824, 74: 0.005787413185494574}","[98, 96, 95, 92, 92, 92, 91, 91, 91, 91, 90, 88, 88, 87, 87, 87, 87, 87, 87, 87, 86, 86, 86, 85, 85, 84, 84, 84, 84, 83, 83, 83, 83, 82, 82, 82, 82, 81, 81, 81, 80, 80, 80, 80, 80, 79, 79, 79, 78, 78, 78, 78, 78, 77, 77, 76, 76, 76, 75, 74, 73, 73, 73, 73, 72, 71, 69, 67, 67, 67, 65, 65, 65, 65, 62]","dict_values([39, 44, 36, 43, 38, 46, 36, 34, 46, 46, 50, 48, 39, 43, 46, 40, 44, 41, 45, 44, 37, 43, 35, 40, 43, 47, 51, 42, 43, 45, 43, 46, 44, 49, 34, 33, 44, 46, 39, 37, 37, 39, 41, 42, 38, 48, 49, 40, 30, 43, 31, 43, 40, 43, 37, 45, 38, 39, 49, 43, 34, 30, 39, 44, 38, 45, 43, 36, 35, 36, 41, 48, 41, 50, 44])",0.05056897403188909
50,80.53333333333333,0.5494773630708839,"{0: 0.007469502464902399, 1: 0.0064788653352533115, 2: 0.007796097568037865, 3: 0.0038915570727967993, 4: 0.006079047560201393, 5: 0.0057280569851457745, 6: 0.008080403699275937, 7: 0.005697362917977394, 8: 0.008629564874262627, 9: 0.004661551060512278, 10: 0.006502835805477596, 11: 0.006939129907866674, 12: 0.005307985297486357, 13: 0.00383780620722055, 14: 0.008139853732605349, 15: 0.004372263419347093, 16: 0.005017068440115253, 17: 0.004729935886005807, 18: 0.007074969968183012, 19: 0.006145820468064862, 20: 0.006901714293612396, 21: 0.004730930386331186, 22: 0.006168420103600982, 23: 0.00510440849023295, 24: 0.004664380002095115, 25: 0.007129071581560328, 26: 0.005067438663569948, 27: 0.006416534698685904, 28: 0.006798018040314166, 29: 0.00623869643239955, 30: 0.005383091689909008, 31: 0.006219585278472838, 32: 0.007061942184639311, 33: 0.004694751660555228, 34: 0.009537398840692095, 35: 0.0066499042334825014, 36: 0.009495933318600424, 37: 0.003560315094464171, 38: 0.005434884262052965, 39: 0.0056834608996441695, 40: 0.0059607403797475155, 41: 0.007115854773144844, 42: 0.005321679809628623, 43: 0.008114970325317616, 44: 0.007490779800192131, 45: 0.0073120276617136964, 46: 0.006482254802734353, 47: 0.006480077681085171, 48: 0.007738305945760845, 49: 0.004445414041707183, 50: 0.00719191555035831, 51: 0.00442583815518549, 52: 0.007869945110244431, 53: 0.007657165196842188, 54: 0.006498837084969069, 55: 0.007915857038253468, 56: 0.005687451202194995, 57: 0.005495880183722965, 58: 0.004360359697787567, 59: 0.006200339957934968, 60: 0.006006612684195386, 61: 0.006117419917465277, 62: 0.007299486598973064, 63: 0.006150774309227955, 64: 0.006266998193079857, 65: 0.00541514293838449, 66: 0.006000857446095249, 67: 0.005884169743278978, 68: 0.006464964718250603, 69: 0.0070161795051174435, 70: 0.006444551869408054, 71: 0.007253964265560397, 72: 0.00403775475602308, 73: 0.007051546004959362, 74: 0.005648381211955079}","[97, 95, 94, 93, 92, 92, 91, 91, 91, 90, 89, 88, 87, 87, 87, 87, 87, 86, 86, 86, 85, 85, 85, 85, 85, 85, 85, 84, 83, 82, 82, 82, 82, 82, 82, 81, 81, 81, 81, 81, 80, 80, 80, 79, 79, 79, 79, 79, 79, 78, 78, 78, 77, 77, 77, 77, 77, 76, 76, 74, 74, 73, 73, 72, 71, 70, 67, 67, 67, 67, 66, 66, 66, 64, 63]","dict_values([39, 44, 36, 43, 38, 46, 36, 34, 46, 46, 50, 48, 39, 43, 46, 40, 44, 41, 45, 44, 37, 43, 35, 40, 43, 47, 51, 42, 43, 45, 43, 46, 44, 49, 34, 33, 44, 46, 39, 37, 37, 39, 41, 42, 38, 48, 49, 40, 30, 43, 31, 43, 40, 43, 37, 45, 38, 39, 49, 43, 34, 30, 39, 44, 38, 45, 43, 36, 35, 36, 41, 48, 41, 50, 44])",0.05112911714398493
51,80.45333333333333,0.5486310609982422,"{0: 0.007356164810909651, 1: 0.006531382815763938, 2: 0.00793951170380802, 3: 0.003856482343530446, 4: 0.005889970094451303, 5: 0.005622626141812198, 6: 0.008201287167305116, 7: 0.005858529526151463, 8: 0.008694227141556807, 9: 0.0046687539315794, 10: 0.006376685887959937, 11: 0.006589007927159603, 12: 0.00509243154418113, 13: 0.003825143442290474, 14: 0.008015630660269205, 15: 0.004563404555083189, 16: 0.005161364996327583, 17: 0.004744381432324397, 18: 0.007296599094992462, 19: 0.006352017541773487, 20: 0.0073463618617813295, 21: 0.004493166979613426, 22: 0.006471403437175094, 23: 0.004875413602450608, 24: 0.004847021542188965, 25: 0.00697354484204124, 26: 0.004962267432735429, 27: 0.00652453896024467, 28: 0.007052266979092298, 29: 0.006222140434747215, 30: 0.005250492449880044, 31: 0.006324899773405354, 32: 0.006913397681116952, 33: 0.004520793004126239, 34: 0.009480165193076984, 35: 0.006566806897156107, 36: 0.009665150079354638, 37: 0.0038160695341710317, 38: 0.005706270277463489, 39: 0.00558171456441986, 40: 0.005754541824771542, 41: 0.007068555970346002, 42: 0.005257135714591623, 43: 0.00814899991753959, 44: 0.007329075813566967, 45: 0.007338161728242946, 46: 0.006455240669004598, 47: 0.006166556532938423, 48: 0.00753130477130141, 49: 0.004507519471518033, 50: 0.0071818166189609655, 51: 0.004259476149991214, 52: 0.0079596418511566, 53: 0.007714621296444426, 54: 0.0065739996136525295, 55: 0.007786285525345329, 56: 0.005831003942311568, 57: 0.005805899005698588, 58: 0.004569725780249279, 59: 0.006236586443067661, 60: 0.006014901872534421, 61: 0.006457879600654933, 62: 0.007085810876852969, 63: 0.006022975945783007, 64: 0.006286656652736354, 65: 0.005529118846712871, 66: 0.005728952437811992, 67: 0.005874053590898324, 68: 0.006482843971556601, 69: 0.006994353177362768, 70: 0.006336957574642583, 71: 0.007269051300957068, 72: 0.004529701337715042, 73: 0.006960979879938552, 74: 0.0056205332642440585}","[97, 95, 95, 93, 93, 92, 90, 90, 90, 89, 89, 87, 87, 87, 86, 86, 86, 86, 86, 86, 86, 86, 85, 85, 85, 84, 84, 84, 83, 83, 83, 83, 82, 82, 82, 81, 81, 81, 80, 80, 80, 80, 80, 79, 79, 79, 79, 78, 78, 78, 78, 77, 77, 77, 77, 76, 76, 76, 76, 75, 74, 73, 72, 72, 71, 71, 69, 68, 67, 67, 66, 66, 65, 65, 63]","dict_values([39, 44, 36, 43, 38, 46, 36, 34, 46, 46, 50, 48, 39, 43, 46, 40, 44, 41, 45, 44, 37, 43, 35, 40, 43, 47, 51, 42, 43, 45, 43, 46, 44, 49, 34, 33, 44, 46, 39, 37, 37, 39, 41, 42, 38, 48, 49, 40, 30, 43, 31, 43, 40, 43, 37, 45, 38, 39, 49, 43, 34, 30, 39, 44, 38, 45, 43, 36, 35, 36, 41, 48, 41, 50, 44])",0.04450188298789459
51,80.64,0.5491971870182101,"{0: 0.007452906929260482, 1: 0.006494218262218679, 2: 0.007681985187703696, 3: 0.00415355980395672, 4: 0.005823162709948471, 5: 0.005706547239918303, 6: 0.007942436569640832, 7: 0.005685485322473004, 8: 0.008539415573696071, 9: 0.004579287534890841, 10: 0.006099030244047797, 11: 0.006814006169338317, 12: 0.005043649325346778, 13: 0.0036891878080962215, 14: 0.008031269406414384, 15: 0.004491991787716606, 16: 0.005229510238807495, 17: 0.0048928277815574305, 18: 0.0073572242674525, 19: 0.00654822756674765, 20: 0.007337296670421924, 21: 0.004770554575847417, 22: 0.006329004097708343, 23: 0.0049950863061841745, 24: 0.004637522897001294, 25: 0.0069213993617624455, 26: 0.004943210863703583, 27: 0.006317057908522282, 28: 0.006796834774669499, 29: 0.005776337040462341, 30: 0.005229090220670807, 31: 0.00635231296926098, 32: 0.007319386722807692, 33: 0.004626116051195622, 34: 0.009433053788725991, 35: 0.0065120985384994135, 36: 0.00962694832527454, 37: 0.0038663058989865866, 38: 0.005656429557862542, 39: 0.0055174006550853544, 40: 0.005860075537859019, 41: 0.006717169607813659, 42: 0.00517327947416487, 43: 0.008449898760420198, 44: 0.006912876492805609, 45: 0.007367678731458114, 46: 0.006862153651676, 47: 0.005857976026278271, 48: 0.007166844247641404, 49: 0.004533321974077402, 50: 0.007189980467395599, 51: 0.004561683979050426, 52: 0.008230532171353345, 53: 0.0076033139079936555, 54: 0.006424625211442034, 55: 0.007711398915250409, 56: 0.005845153726128427, 57: 0.00571123562093069, 58: 0.0049372743278391015, 59: 0.006127135155426513, 60: 0.005930359453446747, 61: 0.006122952116918036, 62: 0.006992133692752185, 63: 0.006064388120129796, 64: 0.006561011838529727, 65: 0.005521191621444512, 66: 0.005648251275390514, 67: 0.005666822866409108, 68: 0.006476698837336771, 69: 0.007071828628172976, 70: 0.006530156838139581, 71: 0.007141436150808446, 72: 0.004582983213926263, 73: 0.007065027032802691, 74: 0.005766364265164911}","[97, 95, 95, 94, 93, 92, 91, 90, 89, 88, 88, 88, 87, 87, 87, 87, 86, 86, 86, 86, 86, 86, 86, 86, 85, 84, 84, 84, 84, 83, 83, 83, 82, 82, 81, 81, 81, 81, 80, 80, 80, 80, 79, 79, 79, 79, 79, 78, 78, 78, 78, 77, 77, 77, 77, 76, 76, 76, 76, 75, 74, 73, 73, 72, 72, 72, 70, 70, 68, 68, 66, 66, 66, 65, 65]","dict_values([39, 44, 36, 43, 38, 46, 36, 34, 46, 46, 50, 48, 39, 43, 46, 40, 44, 41, 45, 44, 37, 43, 35, 40, 43, 47, 51, 42, 43, 45, 43, 46, 44, 49, 34, 33, 44, 46, 39, 37, 37, 39, 41, 42, 38, 48, 49, 40, 30, 43, 31, 43, 40, 43, 37, 45, 38, 39, 49, 43, 34, 30, 39, 44, 38, 45, 43, 36, 35, 36, 41, 48, 41, 50, 44])",0.05584468869852469
51,80.69333333333333,0.5498727477084437,"{0: 0.007167876489871831, 1: 0.006419589700608935, 2: 0.007476233208150617, 3: 0.004020924540298317, 4: 0.006211971893746252, 5: 0.0057320418166317225, 6: 0.007976743059302615, 7: 0.00550997355969358, 8: 0.008916947402044977, 9: 0.004663375157473855, 10: 0.006018849346106453, 11: 0.0071527398151779685, 12: 0.005052384678438244, 13: 0.0036846468827632446, 14: 0.007817669875696723, 15: 0.004132075307982153, 16: 0.00577928555177694, 17: 0.004868922378318596, 18: 0.007103627392090976, 19: 0.0064996459419942925, 20: 0.0072967417752645685, 21: 0.00476715036840977, 22: 0.0063082722347896705, 23: 0.004998787902293641, 24: 0.004797215391977652, 25: 0.006709078200983572, 26: 0.004943655107765933, 27: 0.006321856608931991, 28: 0.006774852534997791, 29: 0.005921591481752772, 30: 0.005223242523443078, 31: 0.006171315436580921, 32: 0.007234462558585837, 33: 0.004701091266680496, 34: 0.009361949014648305, 35: 0.0063862320889205995, 36: 0.0098344068649668, 37: 0.0038301027987798957, 38: 0.005500531638399392, 39: 0.005722583864218483, 40: 0.005745042125194921, 41: 0.006694980220852525, 42: 0.005271541744069877, 43: 0.008137943687261607, 44: 0.0071256105202756066, 45: 0.007380758310591308, 46: 0.006775501110626579, 47: 0.005639098974081582, 48: 0.007121720421097319, 49: 0.0045927200785399105, 50: 0.0073651453715681756, 51: 0.004616704658259193, 52: 0.008427367088133198, 53: 0.007396931443393042, 54: 0.006467319152189538, 55: 0.0076290444176246915, 56: 0.005479096271867672, 57: 0.005443781903121616, 58: 0.005098996112138418, 59: 0.0060805526949284155, 60: 0.006027905703178, 61: 0.006241373073749226, 62: 0.007398180601649399, 63: 0.006047361933662521, 64: 0.006600331205773804, 65: 0.005275352203842101, 66: 0.005760928476093338, 67: 0.005727736611139609, 68: 0.006303100681362965, 69: 0.006962846974440666, 70: 0.006493112015411277, 71: 0.0070646378959076245, 72: 0.004588408449430015, 73: 0.007492068402981913, 74: 0.005750513450319438}","[98, 97, 96, 95, 93, 91, 90, 90, 89, 88, 88, 88, 88, 88, 88, 87, 87, 87, 86, 86, 86, 86, 85, 85, 85, 83, 83, 83, 83, 83, 83, 83, 82, 82, 81, 81, 81, 81, 80, 80, 80, 80, 80, 79, 79, 78, 78, 78, 78, 78, 78, 77, 77, 77, 77, 77, 77, 76, 76, 76, 74, 73, 72, 72, 72, 72, 71, 70, 69, 67, 67, 66, 65, 65, 65]","dict_values([39, 44, 36, 43, 38, 46, 36, 34, 46, 46, 50, 48, 39, 43, 46, 40, 44, 41, 45, 44, 37, 43, 35, 40, 43, 47, 51, 42, 43, 45, 43, 46, 44, 49, 34, 33, 44, 46, 39, 37, 37, 39, 41, 42, 38, 48, 49, 40, 30, 43, 31, 43, 40, 43, 37, 45, 38, 39, 49, 43, 34, 30, 39, 44, 38, 45, 43, 36, 35, 36, 41, 48, 41, 50, 44])",0.0483108717617616
51,80.66666666666667,0.5499697522731418,"{0: 0.007106584129827999, 1: 0.006157877265492867, 2: 0.0073773926040917, 3: 0.0039401544736445415, 4: 0.005825339858015993, 5: 0.005847331243426329, 6: 0.008364662871194372, 7: 0.005673359555012703, 8: 0.00897949635399515, 9: 0.004727334584822238, 10: 0.005915598655063032, 11: 0.006753575122136191, 12: 0.004999870432561295, 13: 0.0037480355744260495, 14: 0.008056820753797501, 15: 0.0040768356279600616, 16: 0.005908155032261396, 17: 0.004793251998484728, 18: 0.007142863754610468, 19: 0.00617083782830124, 20: 0.007234422031606728, 21: 0.004955602202659131, 22: 0.006116300712817105, 23: 0.005420512939557943, 24: 0.004973845088757046, 25: 0.006472545054689453, 26: 0.005090755259058006, 27: 0.006327645754366887, 28: 0.006568373202736252, 29: 0.005883957083822096, 30: 0.00517402413769037, 31: 0.0062166655812940196, 32: 0.007256435000573355, 33: 0.0046368094398523485, 34: 0.009153979117015097, 35: 0.006591928644415304, 36: 0.00965605373481844, 37: 0.003991122824748605, 38: 0.005528017418943825, 39: 0.00584228048136314, 40: 0.00542911634902782, 41: 0.006703977876608474, 42: 0.005307474399978764, 43: 0.007793056175294276, 44: 0.007160703014849444, 45: 0.00753688604201904, 46: 0.006756390532536306, 47: 0.005762816396168457, 48: 0.007454990977251509, 49: 0.004814184392702454, 50: 0.007630037206487437, 51: 0.00472303754506779, 52: 0.008457074722847065, 53: 0.0073650908847946416, 54: 0.006336574091669701, 55: 0.007980207744906084, 56: 0.005264395191047742, 57: 0.005616166472783048, 58: 0.004994172863052758, 59: 0.00604167660807046, 60: 0.005843230380864918, 61: 0.0061578457553232695, 62: 0.007441992290906436, 63: 0.006101367930531343, 64: 0.0068115730092886545, 65: 0.005107806022074348, 66: 0.005748149723371471, 67: 0.005397117602033791, 68: 0.006376805396946082, 69: 0.007336168297981296, 70: 0.006433062638393, 71: 0.007105709245415005, 72: 0.004813638413827267, 73: 0.007181957626314239, 74: 0.0057783670184439456}","[98, 96, 96, 95, 94, 92, 91, 90, 90, 90, 89, 89, 88, 88, 88, 87, 86, 86, 86, 86, 86, 86, 85, 85, 84, 83, 83, 83, 83, 83, 82, 82, 82, 82, 82, 81, 81, 80, 80, 79, 79, 79, 79, 79, 79, 79, 78, 78, 78, 78, 78, 77, 77, 77, 77, 76, 76, 76, 75, 75, 75, 73, 73, 73, 72, 72, 72, 71, 68, 67, 67, 65, 65, 65, 65]","dict_values([39, 44, 36, 43, 38, 46, 36, 34, 46, 46, 50, 48, 39, 43, 46, 40, 44, 41, 45, 44, 37, 43, 35, 40, 43, 47, 51, 42, 43, 45, 43, 46, 44, 49, 34, 33, 44, 46, 39, 37, 37, 39, 41, 42, 38, 48, 49, 40, 30, 43, 31, 43, 40, 43, 37, 45, 38, 39, 49, 43, 34, 30, 39, 44, 38, 45, 43, 36, 35, 36, 41, 48, 41, 50, 44])",0.05332925346629329
51,80.69333333333333,0.550518868195667,"{0: 0.0071562618300064175, 1: 0.0061085904900555895, 2: 0.007539586540789456, 3: 0.0038812130448154145, 4: 0.005917930920795329, 5: 0.005724581847970869, 6: 0.00814646013530683, 7: 0.005778383220198359, 8: 0.009003708922731871, 9: 0.004725413490841595, 10: 0.005607442785379954, 11: 0.006753322289896616, 12: 0.004759146355526666, 13: 0.0036033400232638986, 14: 0.007900174411704541, 15: 0.004043928468198346, 16: 0.0059251500097474204, 17: 0.005025072998216488, 18: 0.007364994706057387, 19: 0.00618892977554028, 20: 0.007512516230950365, 21: 0.004658562794044746, 22: 0.006169756511100742, 23: 0.005631433720101352, 24: 0.00506957895375737, 25: 0.00630926833196948, 26: 0.005124750052970252, 27: 0.00629386493935275, 28: 0.006478241100274497, 29: 0.005867416375667413, 30: 0.0053281001907317825, 31: 0.00624038381117952, 32: 0.007077621279946379, 33: 0.004659400550994298, 34: 0.009268722614407544, 35: 0.006778741595866079, 36: 0.009666146802399052, 37: 0.004141212194405784, 38: 0.005371368694337097, 39: 0.005849804841100509, 40: 0.005512488832139643, 41: 0.006677392449517586, 42: 0.004862324058752038, 43: 0.008118843854553498, 44: 0.007409220212649827, 45: 0.007526636045550447, 46: 0.00703009678121805, 47: 0.005772174442661458, 48: 0.007476878897029546, 49: 0.004842104008422099, 50: 0.007568524786543086, 51: 0.0045019813043473056, 52: 0.008584494307240972, 53: 0.007457132252622782, 54: 0.006372366931447164, 55: 0.007978658866062296, 56: 0.0052286766817683595, 57: 0.005680261188944255, 58: 0.004904336024448357, 59: 0.005793938374546489, 60: 0.006049872734170514, 61: 0.0061250770534658355, 62: 0.007200821755534333, 63: 0.00605631187903105, 64: 0.006660486142173803, 65: 0.005106605322402854, 66: 0.005445532465992047, 67: 0.00525281521126684, 68: 0.006312455587304061, 69: 0.007514759102579942, 70: 0.006661063486954049, 71: 0.007043142453104608, 72: 0.004825855640467353, 73: 0.007148092741244167, 74: 0.0058824119165594895}","[98, 96, 96, 96, 93, 92, 92, 90, 90, 90, 89, 89, 89, 89, 88, 88, 88, 87, 86, 86, 86, 86, 85, 85, 85, 84, 83, 83, 83, 83, 83, 82, 82, 81, 81, 81, 81, 80, 80, 80, 79, 79, 79, 79, 79, 79, 78, 78, 78, 78, 78, 77, 77, 76, 76, 76, 75, 75, 74, 74, 74, 74, 73, 73, 73, 72, 72, 70, 67, 67, 67, 66, 65, 65, 64]","dict_values([39, 44, 36, 43, 38, 46, 36, 34, 46, 46, 50, 48, 39, 43, 46, 40, 44, 41, 45, 44, 37, 43, 35, 40, 43, 47, 51, 42, 43, 45, 43, 46, 44, 49, 34, 33, 44, 46, 39, 37, 37, 39, 41, 42, 38, 48, 49, 40, 30, 43, 31, 43, 40, 43, 37, 45, 38, 39, 49, 43, 34, 30, 39, 44, 38, 45, 43, 36, 35, 36, 41, 48, 41, 50, 44])",0.05194745342087018
50,80.69333333333333,0.5504829206661975,"{0: 0.006817526854928893, 1: 0.006078123187279949, 2: 0.007620676656985206, 3: 0.003811556726573401, 4: 0.0059085121241181605, 5: 0.005688683159431866, 6: 0.007761327501620031, 7: 0.005949945351519744, 8: 0.00885857404130162, 9: 0.004603789940430905, 10: 0.00531296978025022, 11: 0.0065197372817929556, 12: 0.004739537665041582, 13: 0.0041051377536311835, 14: 0.007734422177285107, 15: 0.003867212975073532, 16: 0.006061690383576442, 17: 0.0047528228334862655, 18: 0.007322545700669692, 19: 0.006520562888761037, 20: 0.007553945689692966, 21: 0.004655515277016769, 22: 0.006152082900878202, 23: 0.006015682335584597, 24: 0.005062259207168178, 25: 0.006498415868670818, 26: 0.0053799034858006, 27: 0.0064693079031206665, 28: 0.006364996387587305, 29: 0.0060338307737772025, 30: 0.005323511456960117, 31: 0.0059536958375023, 32: 0.007070987173704609, 33: 0.004429272192760776, 34: 0.009134421255293393, 35: 0.007049053630147975, 36: 0.009558750029637766, 37: 0.004145439838756815, 38: 0.005259141162606188, 39: 0.0057381072596858615, 40: 0.0055493980419385434, 41: 0.0067045477577288605, 42: 0.004944143999995435, 43: 0.008099937350236938, 44: 0.007758841676741865, 45: 0.007579819999445286, 46: 0.0073154145543481855, 47: 0.006261051686462971, 48: 0.007225994692407081, 49: 0.004969693353490305, 50: 0.007304417566949431, 51: 0.004531508706500358, 52: 0.008859198758207693, 53: 0.007659383303107692, 54: 0.006137180387426336, 55: 0.008033407834470218, 56: 0.004901699696880817, 57: 0.005840834386169013, 58: 0.004955725627986324, 59: 0.005752463083984435, 60: 0.006059497222878974, 61: 0.006121885992458579, 62: 0.007847154867710097, 63: 0.005909827382692044, 64: 0.006701487153422534, 65: 0.004940018079771907, 66: 0.005411878662699857, 67: 0.005569976525006672, 68: 0.006247913042334839, 69: 0.007555656340886302, 70: 0.006592011071661783, 71: 0.006775652968398032, 72: 0.004801704624887166, 73: 0.006752796150267515, 74: 0.0056785604456515626}","[97, 97, 95, 95, 92, 92, 92, 90, 90, 90, 90, 90, 89, 89, 89, 89, 88, 87, 87, 85, 85, 85, 85, 85, 85, 84, 84, 84, 83, 83, 83, 82, 82, 82, 82, 81, 81, 81, 81, 80, 80, 80, 79, 79, 78, 78, 78, 78, 78, 78, 77, 77, 76, 76, 75, 75, 75, 75, 74, 74, 74, 74, 74, 73, 72, 71, 71, 71, 67, 67, 67, 66, 66, 64, 64]","dict_values([39, 44, 36, 43, 38, 46, 36, 34, 46, 46, 50, 48, 39, 43, 46, 40, 44, 41, 45, 44, 37, 43, 35, 40, 43, 47, 51, 42, 43, 45, 43, 46, 44, 49, 34, 33, 44, 46, 39, 37, 37, 39, 41, 42, 38, 48, 49, 40, 30, 43, 31, 43, 40, 43, 37, 45, 38, 39, 49, 43, 34, 30, 39, 44, 38, 45, 43, 36, 35, 36, 41, 48, 41, 50, 44])",0.050530126871366876
50,80.58666666666667,0.550630644578027,"{0: 0.007003881847740415, 1: 0.006140907292615959, 2: 0.0075845187690969035, 3: 0.0032256780970228117, 4: 0.005898403728735624, 5: 0.005571913088543405, 6: 0.007746092334510986, 7: 0.00595146493226194, 8: 0.008745775361708102, 9: 0.004650178491035845, 10: 0.00552494637749518, 11: 0.006706461898738475, 12: 0.004752224153103102, 13: 0.004301716245746843, 14: 0.007612972955179628, 15: 0.0035216910116152187, 16: 0.0060843431501987665, 17: 0.004698580209652505, 18: 0.007708150989893488, 19: 0.006789678645024879, 20: 0.007760078652223572, 21: 0.0050313795643240275, 22: 0.005885388618583827, 23: 0.005937058468500041, 24: 0.004798934360713339, 25: 0.006418282190763603, 26: 0.005459249843152304, 27: 0.006971950383671618, 28: 0.006445107756942133, 29: 0.00609078409356664, 30: 0.005349119392413253, 31: 0.0058379214740685165, 32: 0.00701615115973249, 33: 0.004276426438889741, 34: 0.009338890829573942, 35: 0.00708355164401791, 36: 0.009540134102961917, 37: 0.004240264253598682, 38: 0.005490088992926633, 39: 0.005773362194690901, 40: 0.005497310420670068, 41: 0.006645282636599791, 42: 0.004917097133392637, 43: 0.008170525538374876, 44: 0.007803799137643198, 45: 0.007708573906206214, 46: 0.006994327863582993, 47: 0.006335408431760759, 48: 0.007464855964068271, 49: 0.005062442576819438, 50: 0.007231010969208003, 51: 0.004283328062852054, 52: 0.008333369296985357, 53: 0.007567735557271422, 54: 0.0061245023564128285, 55: 0.008130164870824312, 56: 0.004796444614286566, 57: 0.005916554840021167, 58: 0.004615517275117127, 59: 0.005622377219606082, 60: 0.006093669092809261, 61: 0.0061121501282780325, 62: 0.0081076713310387, 63: 0.006324176513930505, 64: 0.006659027305083944, 65: 0.004873424941609006, 66: 0.005449700395887922, 67: 0.0056665659971978305, 68: 0.006220911112569801, 69: 0.007614175170632879, 70: 0.0066585094017093055, 71: 0.006701843242474234, 72: 0.005044820445336161, 73: 0.006597388620371101, 74: 0.005666457773340688}","[98, 96, 95, 94, 93, 93, 92, 90, 90, 90, 90, 90, 90, 89, 88, 88, 88, 87, 87, 86, 86, 85, 85, 85, 84, 84, 84, 83, 83, 83, 83, 83, 82, 82, 82, 82, 81, 81, 81, 80, 80, 79, 79, 79, 78, 78, 78, 77, 77, 77, 77, 77, 77, 76, 76, 76, 75, 75, 75, 75, 74, 74, 73, 73, 72, 72, 71, 69, 68, 66, 66, 65, 65, 61, 61]","dict_values([39, 44, 36, 43, 38, 46, 36, 34, 46, 46, 50, 48, 39, 43, 46, 40, 44, 41, 45, 44, 37, 43, 35, 40, 43, 47, 51, 42, 43, 45, 43, 46, 44, 49, 34, 33, 44, 46, 39, 37, 37, 39, 41, 42, 38, 48, 49, 40, 30, 43, 31, 43, 40, 43, 37, 45, 38, 39, 49, 43, 34, 30, 39, 44, 38, 45, 43, 36, 35, 36, 41, 48, 41, 50, 44])",0.054099848409260826
50,80.4,0.5489802335414804,"{0: 0.007192770835437124, 1: 0.006040198253083512, 2: 0.007824162340249595, 3: 0.0032554151786743984, 4: 0.005775853826300616, 5: 0.005393476852229607, 6: 0.008069372787892331, 7: 0.0058408698593357695, 8: 0.008798368586179628, 9: 0.0047165239284890186, 10: 0.005329395728777416, 11: 0.006770371753843422, 12: 0.004562277494601902, 13: 0.00471037364294937, 14: 0.007653365284131719, 15: 0.003740341989439998, 16: 0.006243075528276901, 17: 0.004668370340353106, 18: 0.007501501224842477, 19: 0.00643481281894658, 20: 0.007886789375182477, 21: 0.005212136607639258, 22: 0.005848355920432483, 23: 0.005594393454787309, 24: 0.00497934954291285, 25: 0.006177096421882563, 26: 0.005494292766568316, 27: 0.0068328545665023496, 28: 0.0064838745420126844, 29: 0.005939990359684206, 30: 0.005526348960903829, 31: 0.005982991153040446, 32: 0.007145665203995327, 33: 0.0043363999835554405, 34: 0.009245324603371867, 35: 0.00713532107168091, 36: 0.009430011342105813, 37: 0.004257934973969089, 38: 0.005487874287271643, 39: 0.0058190358824744305, 40: 0.005595445645248569, 41: 0.006826543424525273, 42: 0.004963551445168004, 43: 0.007842628441435589, 44: 0.007944460119508036, 45: 0.007262177567311064, 46: 0.0071114662467781295, 47: 0.006273178779163766, 48: 0.007564534567543382, 49: 0.004987849549473748, 50: 0.0073219951898573134, 51: 0.004268169205183215, 52: 0.00857501673018838, 53: 0.00760903181069644, 54: 0.0059803337366324295, 55: 0.00796174716307982, 56: 0.0049159558510112325, 57: 0.005819609856445719, 58: 0.004700496375144167, 59: 0.0056574065365759514, 60: 0.0063408675333997706, 61: 0.0061690787616477775, 62: 0.008122796148271267, 63: 0.006284159099672526, 64: 0.006822447340819025, 65: 0.004876815034881222, 66: 0.005451142820226159, 67: 0.005593011980793579, 68: 0.006329791756920829, 69: 0.007724070795992146, 70: 0.006586021594033833, 71: 0.006581967337251811, 72: 0.005145338881192905, 73: 0.006889456508438582, 74: 0.00583513739499777}","[97, 97, 94, 94, 93, 92, 91, 91, 90, 90, 90, 90, 89, 88, 88, 88, 88, 87, 87, 86, 85, 85, 85, 84, 84, 84, 84, 83, 83, 83, 82, 82, 81, 81, 81, 81, 81, 80, 80, 80, 80, 79, 79, 79, 78, 78, 78, 78, 77, 77, 77, 76, 76, 76, 76, 75, 75, 75, 74, 74, 74, 73, 73, 73, 72, 72, 71, 71, 69, 67, 66, 65, 65, 62, 61]","dict_values([39, 44, 36, 43, 38, 46, 36, 34, 46, 46, 50, 48, 39, 43, 46, 40, 44, 41, 45, 44, 37, 43, 35, 40, 43, 47, 51, 42, 43, 45, 43, 46, 44, 49, 34, 33, 44, 46, 39, 37, 37, 39, 41, 42, 38, 48, 49, 40, 30, 43, 31, 43, 40, 43, 37, 45, 38, 39, 49, 43, 34, 30, 39, 44, 38, 45, 43, 36, 35, 36, 41, 48, 41, 50, 44])",0.05445739791919343
50,80.18666666666667,0.5470150223199384,"{0: 0.00730558459620855, 1: 0.00608399547343366, 2: 0.007760555434482519, 3: 0.003253855726571774, 4: 0.005868010183118441, 5: 0.005192360213123066, 6: 0.007952510334586065, 7: 0.005905638858918679, 8: 0.008855336038803311, 9: 0.004774497373850594, 10: 0.0053123417061871426, 11: 0.006830652536368422, 12: 0.004680762175648774, 13: 0.004513495425534047, 14: 0.007707026408665681, 15: 0.003809476075322903, 16: 0.0063858255834492545, 17: 0.004653135682609348, 18: 0.007542827800094964, 19: 0.006470778942128049, 20: 0.007541940342777899, 21: 0.005091184195011976, 22: 0.005913360307217371, 23: 0.00586882880440675, 24: 0.005046041447620757, 25: 0.00642449444157116, 26: 0.005757594881133987, 27: 0.006865203574085913, 28: 0.006494104726699598, 29: 0.005965842036974711, 30: 0.0055352801025050635, 31: 0.006278441057734121, 32: 0.007221397171186435, 33: 0.004372787810666585, 34: 0.009378678904682662, 35: 0.007160461844965186, 36: 0.009307799531000048, 37: 0.004121371743274492, 38: 0.0054660831656970915, 39: 0.005925387979697157, 40: 0.005691854482623315, 41: 0.006526327426754195, 42: 0.005116627337520346, 43: 0.007433848329374803, 44: 0.008087249249318439, 45: 0.0074522656890966595, 46: 0.007186188520230661, 47: 0.006193335827917227, 48: 0.007422642965983955, 49: 0.00500927739861517, 50: 0.007254808244979625, 51: 0.004313070826727943, 52: 0.008406520567093212, 53: 0.007815861892287106, 54: 0.006008319336836907, 55: 0.008024548351455892, 56: 0.00499737006721168, 57: 0.006133022626936937, 58: 0.004810735995398794, 59: 0.0056089849307380275, 60: 0.006241433993868004, 61: 0.006100013585619452, 62: 0.008015662892621758, 63: 0.006327341118477503, 64: 0.006924779175767833, 65: 0.004828601591359841, 66: 0.0054952180647463945, 67: 0.00533246232093907, 68: 0.006025827245675258, 69: 0.00795233638023389, 70: 0.006666020984469069, 71: 0.006717898374803564, 72: 0.005268138802644135, 73: 0.006938705384412801, 74: 0.0058293228705458364}","[97, 96, 94, 94, 92, 92, 91, 90, 90, 89, 88, 88, 88, 88, 88, 88, 87, 87, 86, 86, 85, 85, 84, 84, 84, 84, 83, 83, 83, 82, 82, 82, 82, 81, 81, 81, 81, 81, 81, 80, 80, 79, 79, 79, 78, 78, 78, 78, 77, 76, 76, 76, 76, 76, 76, 75, 75, 75, 75, 74, 73, 73, 73, 73, 72, 71, 71, 69, 69, 67, 66, 65, 65, 62, 61]","dict_values([39, 44, 36, 43, 38, 46, 36, 34, 46, 46, 50, 48, 39, 43, 46, 40, 44, 41, 45, 44, 37, 43, 35, 40, 43, 47, 51, 42, 43, 45, 43, 46, 44, 49, 34, 33, 44, 46, 39, 37, 37, 39, 41, 42, 38, 48, 49, 40, 30, 43, 31, 43, 40, 43, 37, 45, 38, 39, 49, 43, 34, 30, 39, 44, 38, 45, 43, 36, 35, 36, 41, 48, 41, 50, 44])",0.05410731572014261
50,80.21333333333334,0.5471848172153978,"{0: 0.007459637800812007, 1: 0.006004165966776896, 2: 0.007820343403725314, 3: 0.0034273889324704506, 4: 0.005326404850782811, 5: 0.005292254947950384, 6: 0.007724877771402624, 7: 0.005880268559164543, 8: 0.008900725512199514, 9: 0.004878849473274265, 10: 0.005425485765398424, 11: 0.006766389961983549, 12: 0.004673348377713024, 13: 0.004407227951721513, 14: 0.007354147795581915, 15: 0.0037467732560179205, 16: 0.006479196703455729, 17: 0.0045860369266539315, 18: 0.007325189013737235, 19: 0.0065986584688741, 20: 0.007730245737721727, 21: 0.005233676416235905, 22: 0.005736403372252071, 23: 0.005978470409444106, 24: 0.004824148736152421, 25: 0.006065604469913404, 26: 0.005412287544635899, 27: 0.0067851169377426725, 28: 0.0064718209835238245, 29: 0.006074967854071725, 30: 0.005336021532263294, 31: 0.006625703297872945, 32: 0.007255757215601649, 33: 0.004494294539394567, 34: 0.009543694458672614, 35: 0.007028073100242346, 36: 0.008855179436305064, 37: 0.00422581718112378, 38: 0.005695410507479444, 39: 0.005921128560746492, 40: 0.005896129104235333, 41: 0.0064959111535093155, 42: 0.005054698710995407, 43: 0.007326506296628873, 44: 0.008085643343358985, 45: 0.007286665234671781, 46: 0.00741954178205925, 47: 0.006249247624165447, 48: 0.007495247898245289, 49: 0.0052305163088966385, 50: 0.0073356484580452755, 51: 0.0042316203032074715, 52: 0.009001519377851538, 53: 0.007629323747382441, 54: 0.0058439209264463995, 55: 0.008064427894263274, 56: 0.005249029977612333, 57: 0.0061492322784238405, 58: 0.005042865583500534, 59: 0.005560264180128072, 60: 0.0060699605152317055, 61: 0.006159770353095188, 62: 0.007746231063152359, 63: 0.006154138298511943, 64: 0.0070511962972011075, 65: 0.004672096853549508, 66: 0.005565704586894256, 67: 0.005539474680105912, 68: 0.006058772406578781, 69: 0.007996971632303531, 70: 0.006696108209741028, 71: 0.006787194883028972, 72: 0.005406575566729676, 73: 0.0069574819143313725, 74: 0.005685625692651806}","[98, 98, 94, 93, 92, 91, 91, 90, 89, 89, 89, 89, 88, 87, 87, 87, 87, 87, 87, 86, 85, 85, 84, 84, 84, 84, 83, 83, 82, 82, 82, 82, 82, 81, 81, 81, 81, 81, 81, 80, 80, 80, 80, 79, 77, 77, 77, 77, 77, 76, 76, 76, 76, 76, 76, 75, 75, 75, 74, 74, 74, 74, 74, 74, 72, 72, 71, 71, 69, 67, 66, 65, 64, 62, 61]","dict_values([39, 44, 36, 43, 38, 46, 36, 34, 46, 46, 50, 48, 39, 43, 46, 40, 44, 41, 45, 44, 37, 43, 35, 40, 43, 47, 51, 42, 43, 45, 43, 46, 44, 49, 34, 33, 44, 46, 39, 37, 37, 39, 41, 42, 38, 48, 49, 40, 30, 43, 31, 43, 40, 43, 37, 45, 38, 39, 49, 43, 34, 30, 39, 44, 38, 45, 43, 36, 35, 36, 41, 48, 41, 50, 44])",0.05077196624603894
50,80.24,0.5475079485243536,"{0: 0.007717034588125115, 1: 0.006033197960864585, 2: 0.007892936196520638, 3: 0.003455629255577855, 4: 0.005178239560709598, 5: 0.005383126384072094, 6: 0.00784422623006685, 7: 0.005806880677604629, 8: 0.008914032777245274, 9: 0.004874335615891001, 10: 0.005263532276014491, 11: 0.006802386030602467, 12: 0.0046038953233842545, 13: 0.0047664442112672276, 14: 0.006846923305994805, 15: 0.0036607155345396557, 16: 0.0065631159254276724, 17: 0.004653640038644582, 18: 0.007165105500808427, 19: 0.0068182312272834405, 20: 0.007852344792626352, 21: 0.00511608729414765, 22: 0.005581628746867061, 23: 0.006442873896607042, 24: 0.004828245587109835, 25: 0.006188784995681316, 26: 0.0052365945116159395, 27: 0.006794781768833695, 28: 0.006577503553345518, 29: 0.005605080874184564, 30: 0.005092387674777463, 31: 0.006862635264312295, 32: 0.007077851456460415, 33: 0.00447629358921163, 34: 0.009364824993255966, 35: 0.007214704619798439, 36: 0.008890833940924414, 37: 0.004474569011493149, 38: 0.005539664447449837, 39: 0.005801126324000544, 40: 0.005891360438903916, 41: 0.006102336169052417, 42: 0.0051003358525470634, 43: 0.0075257167373037415, 44: 0.008242029247057421, 45: 0.007280357035062704, 46: 0.00756256045942894, 47: 0.0062345899068981655, 48: 0.007814649972600412, 49: 0.005346488635001696, 50: 0.007113171356070342, 51: 0.004398554317486616, 52: 0.009060416775159523, 53: 0.007660265755649871, 54: 0.005674696303847508, 55: 0.008084427401180849, 56: 0.005070022435345028, 57: 0.005923072774600002, 58: 0.005208932638532855, 59: 0.00548034034239973, 60: 0.006252056304831198, 61: 0.006384670934724114, 62: 0.007607516756631862, 63: 0.005978710514310348, 64: 0.0072387862045518855, 65: 0.00448597807032702, 66: 0.005507048334366232, 67: 0.0055864652926010585, 68: 0.006045034606460772, 69: 0.008004642034595751, 70: 0.006682476355154305, 71: 0.006893747129075357, 72: 0.005341991121874776, 73: 0.006906152019627691, 74: 0.005429294047745002}","[98, 97, 94, 93, 92, 92, 91, 90, 90, 90, 90, 90, 89, 88, 88, 87, 87, 86, 86, 85, 85, 85, 85, 84, 84, 84, 84, 83, 83, 83, 82, 82, 81, 81, 81, 81, 81, 81, 80, 80, 80, 80, 80, 79, 78, 77, 76, 76, 76, 76, 76, 75, 75, 75, 75, 75, 75, 74, 74, 74, 74, 74, 73, 73, 72, 72, 72, 71, 71, 69, 66, 65, 65, 62, 60]","dict_values([39, 44, 36, 43, 38, 46, 36, 34, 46, 46, 50, 48, 39, 43, 46, 40, 44, 41, 45, 44, 37, 43, 35, 40, 43, 47, 51, 42, 43, 45, 43, 46, 44, 49, 34, 33, 44, 46, 39, 37, 37, 39, 41, 42, 38, 48, 49, 40, 30, 43, 31, 43, 40, 43, 37, 45, 38, 39, 49, 43, 34, 30, 39, 44, 38, 45, 43, 36, 35, 36, 41, 48, 41, 50, 44])",0.05195126926741655
50,80.56,0.5496067450213684,"{0: 0.007754578750488155, 1: 0.005880070037955723, 2: 0.007676190879946632, 3: 0.0034200369150048865, 4: 0.00505880943619546, 5: 0.005094140123432112, 6: 0.008011995554146705, 7: 0.0056260569863825155, 8: 0.008790746054592074, 9: 0.004799462533868654, 10: 0.005209126249201774, 11: 0.007290858328449937, 12: 0.00444332958927893, 13: 0.004686158681307371, 14: 0.0068104340384626625, 15: 0.00379388977880888, 16: 0.00644624831164559, 17: 0.00430567205272751, 18: 0.007125738137431052, 19: 0.006741586210678429, 20: 0.007260649150639887, 21: 0.005187519016335019, 22: 0.005560881519469249, 23: 0.0063467830009915184, 24: 0.004821486496387103, 25: 0.006021655609513106, 26: 0.005406918949278978, 27: 0.006877507911033084, 28: 0.006614438122224563, 29: 0.005599059730420345, 30: 0.005274666857831901, 31: 0.006842893065497401, 32: 0.006800590439517098, 33: 0.004489131099688868, 34: 0.009178623741757371, 35: 0.007084776394874075, 36: 0.008298706117477902, 37: 0.004367925930521436, 38: 0.005771628477594786, 39: 0.005715449065862333, 40: 0.005793143100211077, 41: 0.0059607558913456595, 42: 0.005054341815972701, 43: 0.007413105336249734, 44: 0.008028090276492686, 45: 0.007466078443616131, 46: 0.007465706727665703, 47: 0.006377856088742373, 48: 0.00807407171898151, 49: 0.005230450497900505, 50: 0.007248392539507834, 51: 0.004506710098026056, 52: 0.008912243576278227, 53: 0.007319456026450418, 54: 0.005432009081759102, 55: 0.00805183304754561, 56: 0.0051590434722718955, 57: 0.006046597712549579, 58: 0.005298365450072514, 59: 0.005397201358296295, 60: 0.006503533257088511, 61: 0.006795025255119516, 62: 0.0077480524309064165, 63: 0.006161833765003094, 64: 0.007108556349352611, 65: 0.004623976233729126, 66: 0.005402162046646351, 67: 0.005465792496441964, 68: 0.005978920051930735, 69: 0.008626015640922607, 70: 0.0063209682934033, 71: 0.006985839898219047, 72: 0.005256628277690002, 73: 0.006982250453419483, 74: 0.005478514705951025}","[98, 97, 94, 93, 93, 93, 92, 91, 91, 90, 90, 89, 88, 88, 88, 88, 88, 87, 87, 86, 86, 86, 86, 85, 84, 84, 84, 83, 83, 83, 82, 82, 81, 81, 81, 81, 81, 81, 81, 81, 80, 80, 80, 80, 80, 78, 78, 77, 76, 76, 76, 75, 75, 75, 75, 75, 74, 74, 74, 74, 74, 74, 73, 73, 73, 72, 72, 71, 70, 69, 67, 66, 66, 62, 61]","dict_values([39, 44, 36, 43, 38, 46, 36, 34, 46, 46, 50, 48, 39, 43, 46, 40, 44, 41, 45, 44, 37, 43, 35, 40, 43, 47, 51, 42, 43, 45, 43, 46, 44, 49, 34, 33, 44, 46, 39, 37, 37, 39, 41, 42, 38, 48, 49, 40, 30, 43, 31, 43, 40, 43, 37, 45, 38, 39, 49, 43, 34, 30, 39, 44, 38, 45, 43, 36, 35, 36, 41, 48, 41, 50, 44])",0.05038338603186057
50,80.56,0.5488600819121384,"{0: 0.007731460289616995, 1: 0.00587186119906582, 2: 0.007245563690236375, 3: 0.0034164924825244043, 4: 0.005443254937154615, 5: 0.0049084120007746295, 6: 0.007804869684070978, 7: 0.005554328916670273, 8: 0.008872869825532207, 9: 0.004582013155665705, 10: 0.005418593262351119, 11: 0.007473163904668963, 12: 0.004405131732289387, 13: 0.004602684147719581, 14: 0.006950258619954367, 15: 0.00386037371158685, 16: 0.006459283388702026, 17: 0.004534916220503438, 18: 0.007341355106587524, 19: 0.006932778005440338, 20: 0.007183091471945879, 21: 0.005229033939735987, 22: 0.00578228856035227, 23: 0.006342667149057106, 24: 0.00485507644883308, 25: 0.005762351645370914, 26: 0.005442403033699, 27: 0.0070158451253995975, 28: 0.006708899554954999, 29: 0.005550075514206401, 30: 0.004970368801654239, 31: 0.006656091136420138, 32: 0.007215156416806968, 33: 0.004793193282923552, 34: 0.009205613177470822, 35: 0.006743945174914209, 36: 0.008149883820308818, 37: 0.004483475289886764, 38: 0.005834077291135495, 39: 0.005594313891043863, 40: 0.005791160097690442, 41: 0.006144385946138907, 42: 0.005039526672418309, 43: 0.007383801391543955, 44: 0.007759508337948519, 45: 0.007421065536767841, 46: 0.007522640824935645, 47: 0.006346839402772832, 48: 0.008132967666629303, 49: 0.005310051096242432, 50: 0.006740750400124163, 51: 0.004575775097134448, 52: 0.0089869924891905, 53: 0.007211841486529604, 54: 0.005535634538992887, 55: 0.008171106573851323, 56: 0.005198472288483722, 57: 0.006151461815799802, 58: 0.0052197964862345835, 59: 0.005174872772181071, 60: 0.006447596844537334, 61: 0.006808885535602658, 62: 0.007490123945985306, 63: 0.00618132614180803, 64: 0.007107860775285407, 65: 0.004777305551186947, 66: 0.005482918956446119, 67: 0.005669365942669574, 68: 0.005745781514028008, 69: 0.008650549273355262, 70: 0.006535902475689254, 71: 0.007108513765494518, 72: 0.0052784099827055736, 73: 0.006765674552718445, 74: 0.005363559576322046}","[98, 97, 94, 93, 93, 93, 91, 90, 90, 90, 89, 89, 88, 88, 88, 87, 87, 87, 87, 86, 86, 86, 86, 85, 84, 84, 83, 83, 83, 82, 82, 82, 82, 82, 82, 81, 81, 81, 81, 81, 80, 80, 80, 79, 79, 79, 78, 77, 76, 76, 76, 76, 75, 75, 75, 75, 75, 74, 74, 74, 74, 74, 73, 73, 73, 72, 72, 71, 70, 70, 69, 66, 66, 62, 62]","dict_values([39, 44, 36, 43, 38, 46, 36, 34, 46, 46, 50, 48, 39, 43, 46, 40, 44, 41, 45, 44, 37, 43, 35, 40, 43, 47, 51, 42, 43, 45, 43, 46, 44, 49, 34, 33, 44, 46, 39, 37, 37, 39, 41, 42, 38, 48, 49, 40, 30, 43, 31, 43, 40, 43, 37, 45, 38, 39, 49, 43, 34, 30, 39, 44, 38, 45, 43, 36, 35, 36, 41, 48, 41, 50, 44])",0.04773931042779986
50,80.45333333333333,0.5480947739113082,"{0: 0.008066568407592963, 1: 0.0060941490535428595, 2: 0.0071638154786967945, 3: 0.0033950897647275894, 4: 0.005227107502338743, 5: 0.0049197042379872285, 6: 0.007812414346150675, 7: 0.005410920867590659, 8: 0.008862392301612423, 9: 0.004845651984789691, 10: 0.005358160211405952, 11: 0.007317419823525018, 12: 0.004402804230892007, 13: 0.004341170119862822, 14: 0.006620009408422838, 15: 0.003862914638580539, 16: 0.006451351352620659, 17: 0.004634786473994646, 18: 0.007481960473358595, 19: 0.006902311141556972, 20: 0.007219292511245091, 21: 0.005285308798020209, 22: 0.005654651006279574, 23: 0.006461816667390489, 24: 0.004737208370434004, 25: 0.0061497503246190615, 26: 0.005460060489299447, 27: 0.006719078689820097, 28: 0.006691132947468297, 29: 0.005420215591847863, 30: 0.005003676929479403, 31: 0.0066840988827360035, 32: 0.007089443462259507, 33: 0.004770129920328723, 34: 0.009221670013862994, 35: 0.006644623374721602, 36: 0.008568633680131348, 37: 0.004666858870306519, 38: 0.0059191419570764564, 39: 0.005725223360797621, 40: 0.005858652189437952, 41: 0.006206787704361975, 42: 0.004914180865476895, 43: 0.007274765175601339, 44: 0.007576787692148623, 45: 0.007376114823318099, 46: 0.007539808574428064, 47: 0.006196695697821619, 48: 0.008455155684548061, 49: 0.005041327826235347, 50: 0.007164410222607503, 51: 0.004564188258526633, 52: 0.009168736960127296, 53: 0.007314795473225386, 54: 0.005732584066883542, 55: 0.007863164435821648, 56: 0.005434172360904466, 57: 0.006383468754117594, 58: 0.005025709580596101, 59: 0.005250564384316285, 60: 0.0064610236566173046, 61: 0.00664771687990894, 62: 0.007335495870444654, 63: 0.005823402996943393, 64: 0.007182878297141886, 65: 0.004780166965296718, 66: 0.005604797147434, 67: 0.005860168085218694, 68: 0.005895451374028492, 69: 0.00867400383964486, 70: 0.006487611441605007, 71: 0.00716093602694774, 72: 0.005472769706471684, 73: 0.006652066697960639, 74: 0.0052571298730292185}","[99, 97, 94, 94, 93, 92, 91, 90, 90, 90, 89, 88, 88, 88, 88, 87, 86, 86, 86, 86, 86, 86, 85, 85, 84, 84, 83, 83, 83, 82, 82, 82, 82, 82, 81, 81, 81, 81, 81, 80, 80, 80, 79, 79, 79, 79, 78, 77, 77, 77, 77, 76, 76, 75, 75, 75, 75, 74, 74, 74, 73, 73, 73, 73, 73, 72, 72, 71, 70, 69, 67, 66, 66, 62, 62]","dict_values([39, 44, 36, 43, 38, 46, 36, 34, 46, 46, 50, 48, 39, 43, 46, 40, 44, 41, 45, 44, 37, 43, 35, 40, 43, 47, 51, 42, 43, 45, 43, 46, 44, 49, 34, 33, 44, 46, 39, 37, 37, 39, 41, 42, 38, 48, 49, 40, 30, 43, 31, 43, 40, 43, 37, 45, 38, 39, 49, 43, 34, 30, 39, 44, 38, 45, 43, 36, 35, 36, 41, 48, 41, 50, 44])",0.05046225185774698
51,80.48,0.5486732574384896,"{0: 0.007919931200305125, 1: 0.006082807527870682, 2: 0.0072543142008023144, 3: 0.0033190394941029163, 4: 0.005572096415046866, 5: 0.005147143172784651, 6: 0.008048084543334498, 7: 0.0053139221158156075, 8: 0.009016483385092642, 9: 0.00450226487375048, 10: 0.005070451991034716, 11: 0.007251428716366706, 12: 0.004359505783150949, 13: 0.00426476163432111, 14: 0.006624872090166797, 15: 0.004002629019822331, 16: 0.006310252010612666, 17: 0.00468525210873282, 18: 0.007407284863153741, 19: 0.006867309711304689, 20: 0.0072185303678422375, 21: 0.005470274936725328, 22: 0.005570913678959391, 23: 0.0062857622502298215, 24: 0.004666453614701485, 25: 0.006035354252191436, 26: 0.0058900925569425186, 27: 0.006760059728309781, 28: 0.006429707987798604, 29: 0.005423106919929685, 30: 0.005109000586158036, 31: 0.0065575701145926734, 32: 0.006968402858948358, 33: 0.004378927465294625, 34: 0.009198979069050206, 35: 0.006653893537113414, 36: 0.008675881158334306, 37: 0.004619890372282527, 38: 0.005805927792564483, 39: 0.005864994901596402, 40: 0.005584815395206336, 41: 0.005973701705029674, 42: 0.004889267506743808, 43: 0.006963654925007923, 44: 0.007569808733650042, 45: 0.007368756053166546, 46: 0.007717056344404483, 47: 0.0060491732496309805, 48: 0.008854935573327094, 49: 0.005207620480352922, 50: 0.00722985755701909, 51: 0.0045629747332143235, 52: 0.00898263142676523, 53: 0.00731070826401998, 54: 0.005865497071260147, 55: 0.00785333169243747, 56: 0.005503132820556434, 57: 0.006539996575740521, 58: 0.005048983480592827, 59: 0.005301567843022205, 60: 0.006381684580780381, 61: 0.006560811130895505, 62: 0.007203724658578942, 63: 0.006269682909876283, 64: 0.007269271645728989, 65: 0.004953916500515318, 66: 0.005792581973002735, 67: 0.005624014374057193, 68: 0.005938981227827789, 69: 0.008735254082744575, 70: 0.00647489480921674, 71: 0.006877803107127172, 72: 0.005817223446189689, 73: 0.0065627797153952295, 74: 0.005271636032876641}","[99, 97, 96, 95, 93, 92, 92, 91, 91, 90, 88, 88, 88, 88, 87, 87, 86, 86, 86, 85, 85, 85, 85, 85, 84, 84, 83, 83, 83, 83, 82, 82, 82, 81, 81, 81, 81, 80, 80, 80, 80, 80, 79, 79, 79, 78, 78, 78, 78, 77, 77, 76, 76, 76, 76, 76, 75, 75, 75, 74, 74, 73, 73, 73, 73, 72, 71, 70, 70, 67, 67, 66, 66, 63, 61]","dict_values([39, 44, 36, 43, 38, 46, 36, 34, 46, 46, 50, 48, 39, 43, 46, 40, 44, 41, 45, 44, 37, 43, 35, 40, 43, 47, 51, 42, 43, 45, 43, 46, 44, 49, 34, 33, 44, 46, 39, 37, 37, 39, 41, 42, 38, 48, 49, 40, 30, 43, 31, 43, 40, 43, 37, 45, 38, 39, 49, 43, 34, 30, 39, 44, 38, 45, 43, 36, 35, 36, 41, 48, 41, 50, 44])",0.04779364458269164
50,80.53333333333333,0.5491006872574596,"{0: 0.008197236610769525, 1: 0.006241485838998118, 2: 0.007185664252418488, 3: 0.0030788330429617583, 4: 0.005526186878237528, 5: 0.005245812304273907, 6: 0.00739186918047231, 7: 0.0051336688260617686, 8: 0.008980969128426549, 9: 0.004697460217169642, 10: 0.0050894500188064275, 11: 0.00702411780288119, 12: 0.0043980825770728255, 13: 0.0041771671634116, 14: 0.006641114560444516, 15: 0.00387563465097721, 16: 0.0060471102245687825, 17: 0.0049468488501815166, 18: 0.007247152407423173, 19: 0.006509133544485505, 20: 0.0073379270310054865, 21: 0.005444939337720684, 22: 0.005561144997208525, 23: 0.006312661626659176, 24: 0.004747862005366146, 25: 0.006337429445287915, 26: 0.005921864218685234, 27: 0.0071479524123124055, 28: 0.006270281113390898, 29: 0.005442372964770729, 30: 0.004896980697122169, 31: 0.006429664887278429, 32: 0.006916289008882728, 33: 0.0043348966781133055, 34: 0.009528631147050746, 35: 0.00681531287187752, 36: 0.008466431098441354, 37: 0.004464853744154515, 38: 0.005793180969102032, 39: 0.005671565231859085, 40: 0.005673398708946403, 41: 0.005943523927092037, 42: 0.004764656257939917, 43: 0.00701804221801264, 44: 0.007797337882448976, 45: 0.007314500517805107, 46: 0.007342769838233723, 47: 0.00606245020296079, 48: 0.008856752788627827, 49: 0.005273977525891366, 50: 0.0072279626869541915, 51: 0.0045509597138354285, 52: 0.008967522832520537, 53: 0.007163976571781434, 54: 0.005841322441792615, 55: 0.007114110203328156, 56: 0.005557933149783385, 57: 0.0062654678612491434, 58: 0.004935066618862171, 59: 0.005580828850143905, 60: 0.0063824695249419, 61: 0.006579808160974915, 62: 0.007024569250393827, 63: 0.006266095368994652, 64: 0.007431075590920071, 65: 0.00510044702082312, 66: 0.006013573545417335, 67: 0.0060862275457999, 68: 0.005916076311441432, 69: 0.008479133342649365, 70: 0.00650193608142091, 71: 0.0073512858430493525, 72: 0.005999555803663328, 73: 0.0069005765370563285, 74: 0.005582427094065643}","[99, 98, 96, 95, 92, 91, 90, 90, 90, 90, 89, 88, 88, 88, 87, 87, 87, 86, 86, 85, 85, 85, 85, 85, 85, 84, 83, 83, 83, 83, 82, 82, 82, 82, 81, 81, 81, 80, 80, 80, 80, 79, 79, 79, 79, 79, 78, 78, 78, 77, 77, 77, 77, 76, 76, 76, 76, 76, 76, 75, 75, 74, 73, 73, 72, 72, 72, 70, 69, 67, 67, 66, 66, 62, 60]","dict_values([39, 44, 36, 43, 38, 46, 36, 34, 46, 46, 50, 48, 39, 43, 46, 40, 44, 41, 45, 44, 37, 43, 35, 40, 43, 47, 51, 42, 43, 45, 43, 46, 44, 49, 34, 33, 44, 46, 39, 37, 37, 39, 41, 42, 38, 48, 49, 40, 30, 43, 31, 43, 40, 43, 37, 45, 38, 39, 49, 43, 34, 30, 39, 44, 38, 45, 43, 36, 35, 36, 41, 48, 41, 50, 44])",0.051876233498530745
51,80.56,0.5489687697088111,"{0: 0.008143478206361342, 1: 0.006171659787860446, 2: 0.007176603724763633, 3: 0.003299871154861065, 4: 0.005779406395661171, 5: 0.005266881194497182, 6: 0.007642884262000432, 7: 0.005121235946118071, 8: 0.00867259258991187, 9: 0.004809730684637079, 10: 0.005209795126041676, 11: 0.006952594567457788, 12: 0.0042637887336071725, 13: 0.004095021396282868, 14: 0.006729931223215847, 15: 0.003720675021825532, 16: 0.005975812832823491, 17: 0.004926864098740038, 18: 0.007185240300613875, 19: 0.0066232476375405564, 20: 0.0073669501505642335, 21: 0.005418833378658566, 22: 0.0055730707522878625, 23: 0.006149112230456331, 24: 0.004755707592857889, 25: 0.006092621935112284, 26: 0.006090885995663555, 27: 0.007014217237153794, 28: 0.006693461137550274, 29: 0.005419675751113752, 30: 0.00476088396724989, 31: 0.0062082029410039504, 32: 0.006964859084645254, 33: 0.004239237581414711, 34: 0.009664451932744879, 35: 0.00681029084737468, 36: 0.008588167991380525, 37: 0.004500867332486529, 38: 0.00589850463905405, 39: 0.005408818456560903, 40: 0.0055107610429797295, 41: 0.005938182685504819, 42: 0.004734948292495029, 43: 0.007054009830999236, 44: 0.00759733539645487, 45: 0.0068643610634151805, 46: 0.007276365592660773, 47: 0.006089451959569713, 48: 0.008760382349996172, 49: 0.005238481879818403, 50: 0.0070293141921429336, 51: 0.004667752019765023, 52: 0.008963274959954264, 53: 0.007408132659979431, 54: 0.005790180418589805, 55: 0.007414457165257443, 56: 0.005593375462068014, 57: 0.006260968228740792, 58: 0.004938725069401014, 59: 0.005736595832335163, 60: 0.006666812317687179, 61: 0.006549081779179951, 62: 0.007093952894889452, 63: 0.006356861537096767, 64: 0.007330521156636615, 65: 0.00533090912949369, 66: 0.005996795626446975, 67: 0.006016418098819634, 68: 0.005880846445039064, 69: 0.008459520230825598, 70: 0.006428156238590581, 71: 0.0071239691148755595, 72: 0.006069602109675987, 73: 0.006462564789954721, 74: 0.006140737371185842}","[99, 99, 96, 93, 92, 92, 91, 91, 90, 90, 89, 88, 87, 87, 87, 87, 86, 86, 85, 85, 85, 85, 85, 84, 84, 84, 83, 83, 82, 82, 82, 82, 82, 82, 82, 81, 81, 81, 80, 80, 80, 79, 79, 79, 79, 78, 78, 78, 78, 78, 78, 78, 78, 77, 76, 76, 76, 76, 76, 75, 75, 74, 74, 73, 72, 72, 72, 70, 69, 67, 67, 66, 66, 62, 61]","dict_values([39, 44, 36, 43, 38, 46, 36, 34, 46, 46, 50, 48, 39, 43, 46, 40, 44, 41, 45, 44, 37, 43, 35, 40, 43, 47, 51, 42, 43, 45, 43, 46, 44, 49, 34, 33, 44, 46, 39, 37, 37, 39, 41, 42, 38, 48, 49, 40, 30, 43, 31, 43, 40, 43, 37, 45, 38, 39, 49, 43, 34, 30, 39, 44, 38, 45, 43, 36, 35, 36, 41, 48, 41, 50, 44])",0.05253767596810188
52,80.66666666666667,0.5497185241574074,"{0: 0.00809665688273817, 1: 0.006383263616895363, 2: 0.007252996306590064, 3: 0.0032810963340679637, 4: 0.00592484404087977, 5: 0.0047622526038437266, 6: 0.007946465656003383, 7: 0.004959856363919804, 8: 0.008532591248141652, 9: 0.004838584656542683, 10: 0.005146937845154916, 11: 0.0070594547350914, 12: 0.0043234349904671555, 13: 0.004031563239094471, 14: 0.0070008207041326355, 15: 0.0037934427985161193, 16: 0.006400557999108353, 17: 0.004975977935639582, 18: 0.007140395632531563, 19: 0.006784903953133435, 20: 0.007107015857065628, 21: 0.005217788117982594, 22: 0.005606686072394565, 23: 0.006044799552254912, 24: 0.004787227427534906, 25: 0.006448728602850825, 26: 0.005921512038358115, 27: 0.006748392961888663, 28: 0.006679586228538172, 29: 0.005309414521753005, 30: 0.004929984883809493, 31: 0.006174190690915995, 32: 0.006768774589191094, 33: 0.004253234765720699, 34: 0.009951010507332861, 35: 0.0064342843522606115, 36: 0.008397967253851737, 37: 0.0044787050298699, 38: 0.006207876107206863, 39: 0.005466569816623944, 40: 0.005501517487455384, 41: 0.006029272302370031, 42: 0.00482379663546882, 43: 0.006990121889631835, 44: 0.007367226883331154, 45: 0.0066029678821744675, 46: 0.007131789521214289, 47: 0.005962872892241232, 48: 0.008908037586157554, 49: 0.005139410428923019, 50: 0.006966508079571153, 51: 0.004773702894929768, 52: 0.00915689206806694, 53: 0.007552282063245353, 54: 0.005574534642798037, 55: 0.007634730197810091, 56: 0.005616921647706509, 57: 0.006097065245207037, 58: 0.005069449044492814, 59: 0.005711757760707647, 60: 0.006603959588221779, 61: 0.006375765226964148, 62: 0.00722543099927238, 63: 0.006415181198644082, 64: 0.007290423171076633, 65: 0.0054727339089444904, 66: 0.005813278007325247, 67: 0.005966169924085682, 68: 0.005679570149304281, 69: 0.008083388731127628, 70: 0.006375289627104887, 71: 0.007262639789570019, 72: 0.005992499324084086, 73: 0.00656953948568914, 74: 0.006112901063974923}","[100, 100, 97, 93, 93, 92, 91, 90, 90, 89, 88, 88, 88, 88, 88, 88, 86, 86, 85, 85, 85, 84, 84, 84, 84, 84, 84, 83, 83, 83, 82, 82, 82, 82, 81, 81, 81, 81, 81, 80, 80, 80, 79, 79, 78, 78, 78, 78, 78, 78, 78, 78, 78, 77, 77, 76, 76, 76, 75, 75, 74, 74, 73, 73, 73, 72, 71, 71, 69, 68, 68, 66, 66, 62, 62]","dict_values([39, 44, 36, 43, 38, 46, 36, 34, 46, 46, 50, 48, 39, 43, 46, 40, 44, 41, 45, 44, 37, 43, 35, 40, 43, 47, 51, 42, 43, 45, 43, 46, 44, 49, 34, 33, 44, 46, 39, 37, 37, 39, 41, 42, 38, 48, 49, 40, 30, 43, 31, 43, 40, 43, 37, 45, 38, 39, 49, 43, 34, 30, 39, 44, 38, 45, 43, 36, 35, 36, 41, 48, 41, 50, 44])",0.05272208182501198
52,80.69333333333333,0.5506026956941044,"{0: 0.007935609975527275, 1: 0.006541052111390223, 2: 0.007175126590368869, 3: 0.0032744796660771945, 4: 0.005881193663834677, 5: 0.0049036424803342, 6: 0.008215997210495679, 7: 0.004950367652730604, 8: 0.008748261879792973, 9: 0.0046610708566097786, 10: 0.004993818231735714, 11: 0.0070832825474595445, 12: 0.004122341489410621, 13: 0.003931529382308512, 14: 0.006877048704320022, 15: 0.0038152070609637676, 16: 0.006584774932823378, 17: 0.004899222338139789, 18: 0.007272151864722967, 19: 0.006803283279684339, 20: 0.007417498882290982, 21: 0.005389024825412225, 22: 0.00556751260177508, 23: 0.0063689595415799645, 24: 0.005062394781263301, 25: 0.0063117624403352755, 26: 0.005624192147748447, 27: 0.006723963844576159, 28: 0.006695435231403369, 29: 0.0055852863849878455, 30: 0.004898646586126789, 31: 0.005971385176220713, 32: 0.006937938541653083, 33: 0.004055389919153671, 34: 0.009976916441875197, 35: 0.006629373895450531, 36: 0.008184248519705914, 37: 0.004558787633172317, 38: 0.006440525293163385, 39: 0.005607709355161531, 40: 0.005506418313632092, 41: 0.005626406913653931, 42: 0.004436561224928902, 43: 0.006979877239874847, 44: 0.007675739666159721, 45: 0.006599962195078846, 46: 0.007274878684287879, 47: 0.005902079049255318, 48: 0.008793538519902635, 49: 0.005123978406251464, 50: 0.00677158022008679, 51: 0.004638810379098907, 52: 0.008971988390554407, 53: 0.007396489652700401, 54: 0.005692329820808791, 55: 0.007888525949845375, 56: 0.005536625793164504, 57: 0.006103978503538997, 58: 0.005012714450785076, 59: 0.005349554439149123, 60: 0.006571414130740207, 61: 0.006191833420869025, 62: 0.0073454554740409956, 63: 0.006412867791190931, 64: 0.007340891895293205, 65: 0.0056112204960760215, 66: 0.0056285266307103295, 67: 0.005565501439061564, 68: 0.0056866854986786204, 69: 0.008301882231054582, 70: 0.006516374684091202, 71: 0.007270973806844991, 72: 0.005987727343125154, 73: 0.006579064227764074, 74: 0.006265486801231701}","[100, 99, 97, 94, 94, 93, 92, 91, 90, 90, 89, 89, 88, 88, 88, 87, 86, 86, 85, 85, 85, 85, 84, 84, 84, 84, 84, 83, 83, 83, 83, 82, 82, 82, 81, 81, 81, 81, 81, 80, 80, 80, 80, 80, 79, 79, 78, 78, 78, 78, 78, 78, 77, 76, 76, 76, 76, 76, 76, 74, 73, 73, 73, 72, 72, 71, 71, 71, 69, 69, 67, 65, 65, 62, 62]","dict_values([39, 44, 36, 43, 38, 46, 36, 34, 46, 46, 50, 48, 39, 43, 46, 40, 44, 41, 45, 44, 37, 43, 35, 40, 43, 47, 51, 42, 43, 45, 43, 46, 44, 49, 34, 33, 44, 46, 39, 37, 37, 39, 41, 42, 38, 48, 49, 40, 30, 43, 31, 43, 40, 43, 37, 45, 38, 39, 49, 43, 34, 30, 39, 44, 38, 45, 43, 36, 35, 36, 41, 48, 41, 50, 44])",0.05377846720796938
52,80.69333333333333,0.5505350374858207,"{0: 0.007675121594629736, 1: 0.006561598166423566, 2: 0.007175121731553465, 3: 0.003241987176750717, 4: 0.005819957731879625, 5: 0.004808087009571401, 6: 0.008225622762737004, 7: 0.004850894745833973, 8: 0.009067786683761712, 9: 0.004828272319698932, 10: 0.00528683433771375, 11: 0.006946059948214503, 12: 0.004151364376776292, 13: 0.0038019822124067295, 14: 0.006736006535359008, 15: 0.004027453235447229, 16: 0.006525097628522632, 17: 0.004939273045909831, 18: 0.007131006290298026, 19: 0.006664232850598286, 20: 0.007185653192087202, 21: 0.005092470553281492, 22: 0.005625667486033139, 23: 0.006887400494024469, 24: 0.005168443943104339, 25: 0.006163684649794114, 26: 0.005770846652896726, 27: 0.006983330187183732, 28: 0.006385783195418628, 29: 0.005695733170676791, 30: 0.004834284325300049, 31: 0.005947525319911879, 32: 0.006884294346334837, 33: 0.0039874355233404215, 34: 0.009756293521279134, 35: 0.006642418003267714, 36: 0.008142344403622739, 37: 0.004408413508714141, 38: 0.006669844492137779, 39: 0.005576118938292764, 40: 0.005525662805095719, 41: 0.00559588827284137, 42: 0.004423269156757737, 43: 0.0071528323292014626, 44: 0.00725803371271764, 45: 0.006826989493337339, 46: 0.007289771436544524, 47: 0.006018369528097155, 48: 0.009129721241023661, 49: 0.005029651618831011, 50: 0.006751188051425519, 51: 0.004742016227232307, 52: 0.009227530357130644, 53: 0.0070506326424638836, 54: 0.00569387245857488, 55: 0.007865699329578453, 56: 0.0056053521093195205, 57: 0.006130985602275885, 58: 0.005306363968400518, 59: 0.005331368142669175, 60: 0.006545044949417813, 61: 0.006062123231098498, 62: 0.007668854696850713, 63: 0.006311293856831641, 64: 0.006987413553157722, 65: 0.005585662141101892, 66: 0.005679357087823912, 67: 0.005579388049419338, 68: 0.005726429217291405, 69: 0.00831820981524224, 70: 0.0066759535195525695, 71: 0.007263406568217263, 72: 0.005794543513981014, 73: 0.006539893993164238, 74: 0.0062698386778593795}","[100, 99, 98, 95, 94, 93, 92, 91, 90, 89, 89, 88, 88, 87, 87, 87, 86, 85, 85, 85, 85, 84, 84, 84, 84, 84, 83, 83, 83, 83, 82, 82, 82, 81, 81, 81, 81, 81, 81, 80, 80, 80, 80, 80, 79, 79, 78, 78, 78, 78, 78, 77, 77, 77, 76, 76, 76, 76, 75, 75, 75, 74, 74, 73, 72, 72, 71, 70, 70, 68, 68, 65, 65, 63, 62]","dict_values([39, 44, 36, 43, 38, 46, 36, 34, 46, 46, 50, 48, 39, 43, 46, 40, 44, 41, 45, 44, 37, 43, 35, 40, 43, 47, 51, 42, 43, 45, 43, 46, 44, 49, 34, 33, 44, 46, 39, 37, 37, 39, 41, 42, 38, 48, 49, 40, 30, 43, 31, 43, 40, 43, 37, 45, 38, 39, 49, 43, 34, 30, 39, 44, 38, 45, 43, 36, 35, 36, 41, 48, 41, 50, 44])",0.05145699159826125
52,80.61333333333333,0.5500612734037094,"{0: 0.007653747501731407, 1: 0.0065622896780022704, 2: 0.007167877517899504, 3: 0.0031872837684972996, 4: 0.005876852726868504, 5: 0.004896730544523006, 6: 0.008290847021502842, 7: 0.004739676974707779, 8: 0.009162718359794762, 9: 0.004581046927173903, 10: 0.005095488130297309, 11: 0.00680168483941465, 12: 0.004391696459737239, 13: 0.003711464046411535, 14: 0.007061882539847916, 15: 0.0042203676432053935, 16: 0.00648759825902182, 17: 0.004914441341278606, 18: 0.007151245141888031, 19: 0.006633555472782646, 20: 0.007154946279233477, 21: 0.005322283379861098, 22: 0.005940755322050596, 23: 0.006815705334920014, 24: 0.0053563717402887985, 25: 0.006170928486908758, 26: 0.005795555200078103, 27: 0.007034713763048208, 28: 0.006542723198580425, 29: 0.005649069006518615, 30: 0.004837132898051965, 31: 0.0061512444605389014, 32: 0.006965231060135184, 33: 0.004250673796141722, 34: 0.009763029714736922, 35: 0.00676660664193941, 36: 0.007979553317940504, 37: 0.004274804940467144, 38: 0.006670630573813678, 39: 0.005806781036406525, 40: 0.0055621400633782975, 41: 0.005411998531808778, 42: 0.004473015645982243, 43: 0.007229814019626044, 44: 0.007150132592661691, 45: 0.006782613172202928, 46: 0.007370810347732628, 47: 0.005904588343046876, 48: 0.009126446682577394, 49: 0.005054717035669739, 50: 0.006796172299958067, 51: 0.004587319852064367, 52: 0.008829611889845226, 53: 0.007075619446412878, 54: 0.0055514052803254665, 55: 0.007940674318700842, 56: 0.00561452032773741, 57: 0.005879253979231074, 58: 0.005065301605203531, 59: 0.005379626345910506, 60: 0.006550914687610412, 61: 0.0060700005825116785, 62: 0.007558032060726814, 63: 0.006154952273390512, 64: 0.007012949264753019, 65: 0.005600284537521261, 66: 0.006126714893941774, 67: 0.005670806865514617, 68: 0.005711897919780154, 69: 0.008113261779770974, 70: 0.006797072713090898, 71: 0.007285892359190759, 72: 0.005748587738877756, 73: 0.006613193237240231, 74: 0.006152129775491592}","[99, 98, 98, 96, 94, 93, 91, 91, 89, 89, 88, 88, 88, 87, 87, 86, 86, 85, 85, 85, 85, 84, 84, 84, 84, 84, 83, 83, 83, 83, 82, 82, 82, 81, 81, 81, 81, 80, 80, 80, 80, 80, 79, 79, 79, 79, 79, 78, 78, 78, 78, 78, 78, 77, 76, 76, 76, 75, 75, 75, 74, 74, 74, 73, 73, 72, 72, 71, 69, 67, 67, 67, 65, 64, 61]","dict_values([39, 44, 36, 43, 38, 46, 36, 34, 46, 46, 50, 48, 39, 43, 46, 40, 44, 41, 45, 44, 37, 43, 35, 40, 43, 47, 51, 42, 43, 45, 43, 46, 44, 49, 34, 33, 44, 46, 39, 37, 37, 39, 41, 42, 38, 48, 49, 40, 30, 43, 31, 43, 40, 43, 37, 45, 38, 39, 49, 43, 34, 30, 39, 44, 38, 45, 43, 36, 35, 36, 41, 48, 41, 50, 44])",0.05548682944487014
52,80.93333333333334,0.551258436502708,"{0: 0.007534064386014525, 1: 0.006902464312280778, 2: 0.007277162463868555, 3: 0.00320645945599872, 4: 0.00581317051202033, 5: 0.00496033907739102, 6: 0.007823759364205197, 7: 0.004897829210015412, 8: 0.009174481037121868, 9: 0.004464168427342295, 10: 0.005527953265475845, 11: 0.006516749303493726, 12: 0.004318898215749601, 13: 0.003645177332143235, 14: 0.006953365903778695, 15: 0.004194338483490521, 16: 0.006264208865167629, 17: 0.004991180158012178, 18: 0.007002963688351455, 19: 0.0064159793898303855, 20: 0.007200594616944863, 21: 0.0055404240411783875, 22: 0.005844793425398706, 23: 0.006577028495584188, 24: 0.005342277506677963, 25: 0.006115301536309202, 26: 0.005804490045288612, 27: 0.006940358744748447, 28: 0.006508150934817337, 29: 0.0055632882691138315, 30: 0.004926991429898613, 31: 0.006220751011872894, 32: 0.006864819238799772, 33: 0.004193102895497613, 34: 0.009876415912893519, 35: 0.006239869294947432, 36: 0.00781735793287395, 37: 0.0044942142113946005, 38: 0.006580611066264752, 39: 0.005746677497661609, 40: 0.005485327058175574, 41: 0.005816143792036496, 42: 0.00442016887232628, 43: 0.007001844742152223, 44: 0.0069867272968438775, 45: 0.006496269377693206, 46: 0.006967905819552387, 47: 0.005997101869062718, 48: 0.009048340027955872, 49: 0.005197188239533098, 50: 0.006663822636515564, 51: 0.004915756467267275, 52: 0.008663371527563978, 53: 0.007069551688567126, 54: 0.00573848448306585, 55: 0.007837539723887819, 56: 0.0056605703728984805, 57: 0.00546099203814679, 58: 0.00487877554701061, 59: 0.00541557023935345, 60: 0.006434260047234674, 61: 0.006436896939400507, 62: 0.007699402797003922, 63: 0.0061698932117549565, 64: 0.0068511004094545655, 65: 0.005523406773646947, 66: 0.006269250117809228, 67: 0.005757767478261809, 68: 0.005306940979418379, 69: 0.008163247701373517, 70: 0.007147281191469583, 71: 0.0074841307746934755, 72: 0.005705348762086621, 73: 0.006558192563525168, 74: 0.006057505507401145}","[100, 98, 98, 97, 94, 91, 91, 90, 90, 89, 89, 88, 88, 87, 87, 86, 86, 85, 85, 85, 85, 85, 84, 84, 84, 83, 83, 83, 83, 82, 82, 82, 82, 82, 82, 81, 81, 80, 80, 80, 80, 80, 80, 80, 79, 79, 79, 79, 78, 78, 78, 78, 78, 78, 77, 77, 77, 76, 76, 76, 76, 75, 74, 73, 72, 72, 72, 71, 71, 70, 69, 68, 65, 65, 62]","dict_values([39, 44, 36, 43, 38, 46, 36, 34, 46, 46, 50, 48, 39, 43, 46, 40, 44, 41, 45, 44, 37, 43, 35, 40, 43, 47, 51, 42, 43, 45, 43, 46, 44, 49, 34, 33, 44, 46, 39, 37, 37, 39, 41, 42, 38, 48, 49, 40, 30, 43, 31, 43, 40, 43, 37, 45, 38, 39, 49, 43, 34, 30, 39, 44, 38, 45, 43, 36, 35, 36, 41, 48, 41, 50, 44])",0.05616201970964775
52,80.64,0.5488124860848949,"{0: 0.007450145593071984, 1: 0.0068234845665034434, 2: 0.0072650235330526895, 3: 0.003195913287271535, 4: 0.00575549625153933, 5: 0.005186174625414749, 6: 0.008343018737601184, 7: 0.004952128745890769, 8: 0.00881068263623513, 9: 0.004656189516562205, 10: 0.005369700190128284, 11: 0.006572514424781182, 12: 0.004315302002156296, 13: 0.0036687587784527257, 14: 0.0072032510254797155, 15: 0.004077730274260914, 16: 0.006073773868242567, 17: 0.004947909107955683, 18: 0.007157099117781364, 19: 0.006515552165534983, 20: 0.007233940178936327, 21: 0.005514902595760558, 22: 0.006137093919309135, 23: 0.006500402077786879, 24: 0.005460612045741458, 25: 0.0058819895760162015, 26: 0.0057373657231672955, 27: 0.006767157772430848, 28: 0.006577326749200921, 29: 0.0053207712172708985, 30: 0.004728842535491109, 31: 0.006297156760464215, 32: 0.007042322641794418, 33: 0.004257177556695969, 34: 0.009813248731501412, 35: 0.006702326630354031, 36: 0.007680420227772236, 37: 0.004545395560115916, 38: 0.006550306025393582, 39: 0.005885050794410554, 40: 0.00567702688006122, 41: 0.0060788724690813475, 42: 0.004503685433104869, 43: 0.007301897672432492, 44: 0.00682243522050618, 45: 0.006692906631365989, 46: 0.006927700370618382, 47: 0.005910531495302992, 48: 0.009205583185447322, 49: 0.0049730991683449525, 50: 0.006612726711256972, 51: 0.005008376873814849, 52: 0.00847273783600842, 53: 0.0072057330108581405, 54: 0.0058491594191426455, 55: 0.0077933228892835904, 56: 0.005733579252810017, 57: 0.005472095711800099, 58: 0.004939638440119016, 59: 0.005686911105253693, 60: 0.006638183860660706, 61: 0.006825232593521357, 62: 0.0074359755027261065, 63: 0.0060024597532840965, 64: 0.006551099247168623, 65: 0.00554101716056222, 66: 0.006113648904886834, 67: 0.005899206355844588, 68: 0.0055948067236561, 69: 0.008140730336696983, 70: 0.00714211821246109, 71: 0.0074790741339652396, 72: 0.005628246426517187, 73: 0.006519300087115586, 74: 0.006251814049051516}","[99, 98, 97, 95, 93, 93, 90, 90, 88, 88, 88, 88, 88, 87, 87, 86, 86, 85, 85, 84, 84, 84, 84, 84, 84, 84, 84, 83, 82, 82, 82, 82, 82, 82, 81, 81, 81, 81, 80, 80, 80, 79, 79, 79, 79, 79, 79, 78, 78, 78, 78, 78, 78, 77, 77, 77, 76, 76, 75, 75, 75, 75, 74, 73, 72, 72, 72, 72, 71, 70, 69, 68, 64, 63, 61]","dict_values([39, 44, 36, 43, 38, 46, 36, 34, 46, 46, 50, 48, 39, 43, 46, 40, 44, 41, 45, 44, 37, 43, 35, 40, 43, 47, 51, 42, 43, 45, 43, 46, 44, 49, 34, 33, 44, 46, 39, 37, 37, 39, 41, 42, 38, 48, 49, 40, 30, 43, 31, 43, 40, 43, 37, 45, 38, 39, 49, 43, 34, 30, 39, 44, 38, 45, 43, 36, 35, 36, 41, 48, 41, 50, 44])",0.04736261145404663
52,80.45333333333333,0.5473416062963862,"{0: 0.007594728276336202, 1: 0.007064472200564886, 2: 0.00717267047480982, 3: 0.0032649961382228672, 4: 0.005904514876788754, 5: 0.0053269791440736305, 6: 0.008456653218922453, 7: 0.004974575665524019, 8: 0.008896551130944052, 9: 0.0044173434828554126, 10: 0.005866063308995372, 11: 0.006355298323380094, 12: 0.004348561945455992, 13: 0.003851116746814468, 14: 0.007163803494838636, 15: 0.004071324367986478, 16: 0.006125112499132748, 17: 0.004726005884136667, 18: 0.007221026633641732, 19: 0.006425334728322283, 20: 0.0069334314576519306, 21: 0.005621753772353927, 22: 0.006162846350525066, 23: 0.006516369463923684, 24: 0.005485218282504803, 25: 0.006056646287644824, 26: 0.005836505142489663, 27: 0.006945554910191428, 28: 0.006757908389055577, 29: 0.005299161045142989, 30: 0.004615803437334649, 31: 0.006172829767096287, 32: 0.006929010373385167, 33: 0.004531530245411441, 34: 0.00988217706873654, 35: 0.006763900846905259, 36: 0.007506220456865224, 37: 0.00476562173477336, 38: 0.006631090797296629, 39: 0.005810582053592772, 40: 0.005604168821473076, 41: 0.005653275632007577, 42: 0.004467648963235064, 43: 0.007345855022354555, 44: 0.006609956816896635, 45: 0.006345394582554115, 46: 0.006871099489191326, 47: 0.006291108847596385, 48: 0.009106837536602314, 49: 0.004906546748394248, 50: 0.006593584554914733, 51: 0.0050234697923106355, 52: 0.008402130744407208, 53: 0.007226794087931966, 54: 0.005798571447939616, 55: 0.00777138039700914, 56: 0.005760570415774396, 57: 0.005490032553540944, 58: 0.004739450156974889, 59: 0.005728720728366117, 60: 0.0066751220082143506, 61: 0.006542580693615995, 62: 0.00756746795049978, 63: 0.005998030159216922, 64: 0.00657504492142357, 65: 0.005699401083937984, 66: 0.006337016171921258, 67: 0.005951261068830451, 68: 0.005672078293461241, 69: 0.007990304659427913, 70: 0.007231587558960788, 71: 0.007879568747549073, 72: 0.005613367409717699, 73: 0.0067352102385452575, 74: 0.006244474527146625}","[99, 97, 96, 95, 93, 92, 89, 89, 88, 88, 88, 87, 87, 87, 86, 86, 86, 85, 85, 85, 84, 84, 84, 83, 83, 83, 83, 82, 82, 82, 82, 82, 82, 82, 81, 81, 81, 81, 80, 80, 80, 80, 79, 79, 79, 79, 79, 78, 78, 78, 78, 78, 78, 77, 77, 76, 76, 76, 76, 75, 75, 74, 72, 72, 72, 72, 71, 71, 71, 70, 70, 69, 65, 63, 61]","dict_values([39, 44, 36, 43, 38, 46, 36, 34, 46, 46, 50, 48, 39, 43, 46, 40, 44, 41, 45, 44, 37, 43, 35, 40, 43, 47, 51, 42, 43, 45, 43, 46, 44, 49, 34, 33, 44, 46, 39, 37, 37, 39, 41, 42, 38, 48, 49, 40, 30, 43, 31, 43, 40, 43, 37, 45, 38, 39, 49, 43, 34, 30, 39, 44, 38, 45, 43, 36, 35, 36, 41, 48, 41, 50, 44])",0.04770316565426563
52,80.24,0.545303073189843,"{0: 0.007650116066743444, 1: 0.0071785389754624035, 2: 0.007036071641519437, 3: 0.003434025135237479, 4: 0.005872232473269875, 5: 0.005344280662702328, 6: 0.008382590017288827, 7: 0.004904906292866186, 8: 0.008876606305234272, 9: 0.004574006386887231, 10: 0.00604097025604662, 11: 0.0063006931431382925, 12: 0.004561539073503153, 13: 0.0035931491073595574, 14: 0.006932011830468684, 15: 0.004207376965334605, 16: 0.0061478009304184985, 17: 0.00465960737112167, 18: 0.0071090527290913405, 19: 0.006263681823777067, 20: 0.006758055835252811, 21: 0.00590193030018937, 22: 0.006449156866508573, 23: 0.006760026470762374, 24: 0.005545677006019845, 25: 0.006241833441821896, 26: 0.005799053198999019, 27: 0.006729046229686248, 28: 0.0066099384517020006, 29: 0.005371837718731814, 30: 0.004613366435919428, 31: 0.005915654050049104, 32: 0.006808539665102882, 33: 0.004384316509473228, 34: 0.009955574165455484, 35: 0.006651121043009117, 36: 0.007219808275021945, 37: 0.004644532029300202, 38: 0.00667317435561533, 39: 0.0059869435428651, 40: 0.005884455206845291, 41: 0.0056603437449385926, 42: 0.004386141121363763, 43: 0.007251938902011109, 44: 0.006439611584691007, 45: 0.006333220542578919, 46: 0.006575340634853534, 47: 0.006389761415057322, 48: 0.009065406877674848, 49: 0.0051586550386974964, 50: 0.006763819256669627, 51: 0.005014833558539606, 52: 0.00844175466858554, 53: 0.0069994227813915, 54: 0.006020603601350739, 55: 0.007575973416223229, 56: 0.005802510251097141, 57: 0.005677258540975976, 58: 0.004725027010523786, 59: 0.005929986177368423, 60: 0.00682319791337183, 61: 0.006587367047649233, 62: 0.007247086351905463, 63: 0.006175101028032796, 64: 0.006653784138354945, 65: 0.005951670102332892, 66: 0.006356247990664829, 67: 0.006172188858606844, 68: 0.005825499215967208, 69: 0.00805576884691263, 70: 0.00733301578024784, 71: 0.007916933978461384, 72: 0.005700423680499992, 73: 0.0069146529929938584, 74: 0.006483495207958003}","[99, 96, 96, 94, 92, 91, 89, 89, 87, 87, 87, 86, 86, 86, 85, 85, 85, 85, 84, 84, 84, 84, 84, 83, 83, 83, 82, 82, 82, 82, 82, 82, 82, 81, 81, 81, 81, 81, 80, 80, 80, 80, 80, 80, 79, 79, 79, 79, 79, 78, 78, 78, 78, 77, 77, 77, 76, 76, 76, 75, 75, 74, 73, 72, 72, 71, 71, 70, 70, 70, 69, 68, 64, 63, 62]","dict_values([39, 44, 36, 43, 38, 46, 36, 34, 46, 46, 50, 48, 39, 43, 46, 40, 44, 41, 45, 44, 37, 43, 35, 40, 43, 47, 51, 42, 43, 45, 43, 46, 44, 49, 34, 33, 44, 46, 39, 37, 37, 39, 41, 42, 38, 48, 49, 40, 30, 43, 31, 43, 40, 43, 37, 45, 38, 39, 49, 43, 34, 30, 39, 44, 38, 45, 43, 36, 35, 36, 41, 48, 41, 50, 44])",0.046884272407105694
52,80.4,0.5464626125786293,"{0: 0.007406753743060905, 1: 0.006750921208635273, 2: 0.006981948587806235, 3: 0.003217453625193097, 4: 0.005641588741402428, 5: 0.005049143481435968, 6: 0.008213305401131687, 7: 0.004935449734021322, 8: 0.008784456001934051, 9: 0.004670778920493079, 10: 0.0061749310885793295, 11: 0.006509115070845726, 12: 0.004279357494588512, 13: 0.0035994841392053274, 14: 0.00666445211220536, 15: 0.004178126897085085, 16: 0.006136921104081841, 17: 0.004761265081113688, 18: 0.0073109904451276195, 19: 0.006328282034616835, 20: 0.00668892108069781, 21: 0.00600336181113958, 22: 0.006439224356091496, 23: 0.006698297743458672, 24: 0.005497700202403815, 25: 0.006418159757357845, 26: 0.005602961189534447, 27: 0.006886036099614654, 28: 0.006482513644505654, 29: 0.005445869859128259, 30: 0.004632439293723532, 31: 0.00600531974427068, 32: 0.006901949838236222, 33: 0.00473271808987881, 34: 0.009846127320588344, 35: 0.00662066008019846, 36: 0.007283322958569622, 37: 0.004779876478445527, 38: 0.0066935212782318195, 39: 0.006109057430128359, 40: 0.0057120204233902985, 41: 0.005580900417045945, 42: 0.004367838210486649, 43: 0.0072054018770688144, 44: 0.006445773404998, 45: 0.006031849212772897, 46: 0.00666782511584583, 47: 0.00641893148021147, 48: 0.008973988288004579, 49: 0.005291791378430949, 50: 0.00674615962204409, 51: 0.004671458780901827, 52: 0.009345077635918568, 53: 0.0069572194130516395, 54: 0.005786763050548919, 55: 0.007299177975739084, 56: 0.005616664613619149, 57: 0.0057318585402220505, 58: 0.0046841926727133505, 59: 0.005899381003248618, 60: 0.0075537994332455045, 61: 0.00677242545999926, 62: 0.007013075993991061, 63: 0.006204546433375788, 64: 0.006884555098811694, 65: 0.006034025833177196, 66: 0.006589550259848205, 67: 0.0059024191140932035, 68: 0.005563761718242445, 69: 0.007690907065498693, 70: 0.00768617023840906, 71: 0.007392186845792617, 72: 0.0057754749075620004, 73: 0.0069249232371468685, 74: 0.006485782579293912}","[99, 99, 96, 94, 91, 90, 88, 87, 87, 87, 87, 86, 86, 86, 86, 86, 85, 85, 85, 85, 84, 84, 84, 83, 83, 83, 83, 83, 83, 82, 82, 82, 82, 82, 81, 81, 81, 81, 81, 81, 81, 81, 80, 80, 79, 79, 79, 79, 79, 79, 78, 78, 78, 78, 77, 76, 76, 76, 76, 75, 74, 74, 73, 72, 72, 72, 71, 71, 70, 70, 70, 68, 64, 64, 60]","dict_values([39, 44, 36, 43, 38, 46, 36, 34, 46, 46, 50, 48, 39, 43, 46, 40, 44, 41, 45, 44, 37, 43, 35, 40, 43, 47, 51, 42, 43, 45, 43, 46, 44, 49, 34, 33, 44, 46, 39, 37, 37, 39, 41, 42, 38, 48, 49, 40, 30, 43, 31, 43, 40, 43, 37, 45, 38, 39, 49, 43, 34, 30, 39, 44, 38, 45, 43, 36, 35, 36, 41, 48, 41, 50, 44])",0.04200226067011539
52,80.34666666666666,0.5463392125642099,"{0: 0.007376045098466077, 1: 0.006702904209890596, 2: 0.006980921032052905, 3: 0.0034118584113857235, 4: 0.0053181561049700805, 5: 0.004585943052402271, 6: 0.008466411751693133, 7: 0.004751972595541151, 8: 0.008394574400534866, 9: 0.004712313964619999, 10: 0.005992270418959389, 11: 0.0066374208856195055, 12: 0.00433775735408551, 13: 0.0035527784115731227, 14: 0.007080260108318643, 15: 0.00424271152213014, 16: 0.0061256967030192235, 17: 0.004598782437435354, 18: 0.007320511796627427, 19: 0.007055579404816051, 20: 0.0067280355281622095, 21: 0.005569996120502857, 22: 0.0063552114802238185, 23: 0.006472071798033013, 24: 0.005478134974212648, 25: 0.006248153390134997, 26: 0.005449885109917223, 27: 0.007188569530500427, 28: 0.006619971670950211, 29: 0.005485708180862483, 30: 0.004765638750769934, 31: 0.006056479736371493, 32: 0.006901053146040714, 33: 0.004778050042292577, 34: 0.00990498290121338, 35: 0.006655492976981868, 36: 0.0075363763973729046, 37: 0.004767521521237454, 38: 0.00687668713617226, 39: 0.005722029418556185, 40: 0.005710424479501914, 41: 0.005676844633896377, 42: 0.004502259596812225, 43: 0.007373482386306443, 44: 0.00640920859216905, 45: 0.005972589929611239, 46: 0.006896541792467473, 47: 0.006663180692827204, 48: 0.008963182840934293, 49: 0.005273196530942779, 50: 0.00665221011183024, 51: 0.004705283688828027, 52: 0.009487129040485293, 53: 0.007025035615935717, 54: 0.005794774698463492, 55: 0.0074792098205522855, 56: 0.0058248452707992645, 57: 0.005747412613423488, 58: 0.0048084085362011435, 59: 0.005962660972124542, 60: 0.007386600687224796, 61: 0.006938652423531801, 62: 0.006883777191239142, 63: 0.006101371866339442, 64: 0.006839927825774305, 65: 0.005827663740468615, 66: 0.006639735856335585, 67: 0.00574853050833569, 68: 0.005570202451173396, 69: 0.00792810521277764, 70: 0.007880863045174722, 71: 0.007112865147053896, 72: 0.0059444316099101354, 73: 0.006930650189106205, 74: 0.005774694677255109}","[100, 99, 96, 92, 92, 91, 89, 88, 88, 87, 87, 86, 86, 86, 85, 85, 85, 85, 85, 85, 85, 84, 84, 84, 84, 84, 83, 83, 83, 82, 82, 82, 82, 82, 82, 81, 81, 80, 80, 80, 80, 80, 80, 80, 80, 79, 79, 78, 78, 78, 78, 78, 77, 77, 77, 76, 76, 76, 76, 75, 73, 73, 72, 72, 72, 71, 71, 71, 70, 70, 70, 68, 64, 64, 62]","dict_values([39, 44, 36, 43, 38, 46, 36, 34, 46, 46, 50, 48, 39, 43, 46, 40, 44, 41, 45, 44, 37, 43, 35, 40, 43, 47, 51, 42, 43, 45, 43, 46, 44, 49, 34, 33, 44, 46, 39, 37, 37, 39, 41, 42, 38, 48, 49, 40, 30, 43, 31, 43, 40, 43, 37, 45, 38, 39, 49, 43, 34, 30, 39, 44, 38, 45, 43, 36, 35, 36, 41, 48, 41, 50, 44])",0.04890876122707123
52,80.32,0.5464194513158426,"{0: 0.007120986247746568, 1: 0.006342198894768722, 2: 0.007438883568870104, 3: 0.0034070245967493798, 4: 0.005143744197057745, 5: 0.004599923530835577, 6: 0.0087325564370299, 7: 0.004773732244793301, 8: 0.008373206633802744, 9: 0.0048636332066013055, 10: 0.005743769730671602, 11: 0.006581612813135749, 12: 0.004570994181296828, 13: 0.0036183011985095577, 14: 0.006626889489735539, 15: 0.004267334077829852, 16: 0.0062964164253861594, 17: 0.004565391647952875, 18: 0.007593096351278048, 19: 0.007039265021167287, 20: 0.006698931990069923, 21: 0.005790590849085802, 22: 0.006289569991810769, 23: 0.006532316713660338, 24: 0.00536381071682503, 25: 0.006421702821328171, 26: 0.005896299114055865, 27: 0.00693493704851956, 28: 0.0066634073445943605, 29: 0.005650416656982772, 30: 0.004706752115140191, 31: 0.006410993128876942, 32: 0.00681978938276064, 33: 0.004778260971837677, 34: 0.009819638882599034, 35: 0.006915170493422882, 36: 0.007262982413809922, 37: 0.004818962141195064, 38: 0.007256623279329327, 39: 0.005635637220134243, 40: 0.005773996791415592, 41: 0.00595283715612867, 42: 0.004403859511702747, 43: 0.006838132284614798, 44: 0.006564959875155748, 45: 0.005910873363218631, 46: 0.0070868241337811244, 47: 0.00695065353825723, 48: 0.009078214471674206, 49: 0.005366354779511629, 50: 0.006659119925184239, 51: 0.004411919174139107, 52: 0.009307338224029167, 53: 0.006671667355793207, 54: 0.005941431570740545, 55: 0.007768078710137195, 56: 0.005945901614578962, 57: 0.005650909592810406, 58: 0.004617642629203002, 59: 0.005924431493734266, 60: 0.007383763830975781, 61: 0.006921435830482276, 62: 0.006933694898841276, 63: 0.005950722069085661, 64: 0.006769251244255763, 65: 0.00579605956098161, 66: 0.006671837364924584, 67: 0.0058036877756046205, 68: 0.005417378588138773, 69: 0.00793271173558804, 70: 0.007713646968238513, 71: 0.006779433280374082, 72: 0.005849863544821107, 73: 0.006829219320273539, 74: 0.005882384394282113}","[99, 99, 96, 93, 92, 92, 89, 88, 88, 88, 87, 87, 85, 85, 85, 85, 85, 84, 84, 84, 84, 84, 83, 83, 83, 83, 83, 83, 83, 82, 82, 82, 82, 82, 82, 81, 81, 81, 81, 80, 80, 80, 80, 80, 80, 79, 79, 79, 79, 78, 78, 78, 77, 77, 77, 77, 76, 76, 76, 75, 74, 74, 74, 72, 71, 71, 71, 71, 70, 69, 69, 67, 64, 64, 62]","dict_values([39, 44, 36, 43, 38, 46, 36, 34, 46, 46, 50, 48, 39, 43, 46, 40, 44, 41, 45, 44, 37, 43, 35, 40, 43, 47, 51, 42, 43, 45, 43, 46, 44, 49, 34, 33, 44, 46, 39, 37, 37, 39, 41, 42, 38, 48, 49, 40, 30, 43, 31, 43, 40, 43, 37, 45, 38, 39, 49, 43, 34, 30, 39, 44, 38, 45, 43, 36, 35, 36, 41, 48, 41, 50, 44])",0.04747279143717298
52,80.26666666666667,0.5456466035694943,"{0: 0.007232713564113416, 1: 0.0061233093772861515, 2: 0.007084280955836921, 3: 0.0035612958554211167, 4: 0.0052512603596679705, 5: 0.0047193239900698986, 6: 0.008189416564163034, 7: 0.004699721568506658, 8: 0.008157867127743652, 9: 0.005015313478282791, 10: 0.005576792414566601, 11: 0.006701548150823091, 12: 0.004595784358993334, 13: 0.0037323226923534646, 14: 0.006666587299842242, 15: 0.004279057551924707, 16: 0.006446967509556383, 17: 0.004584194683428327, 18: 0.007670804181305483, 19: 0.006870290547576344, 20: 0.00693094922441739, 21: 0.005648919828598748, 22: 0.006268306650486985, 23: 0.006558423036001556, 24: 0.005168958354793711, 25: 0.006124053074423132, 26: 0.005797598860297541, 27: 0.006466746924746059, 28: 0.006697398971024832, 29: 0.005610328419941767, 30: 0.004531046116494775, 31: 0.006656772816261458, 32: 0.007085475299728925, 33: 0.004738055645259164, 34: 0.009917921813423962, 35: 0.00639296379004175, 36: 0.007094582116565528, 37: 0.0048718644837329635, 38: 0.0070860209012207605, 39: 0.005674263620394625, 40: 0.006069307552147836, 41: 0.005879783601011791, 42: 0.004399066707305603, 43: 0.006855968824720258, 44: 0.006519626608172996, 45: 0.006551462417933089, 46: 0.006901402058401385, 47: 0.006769079841032507, 48: 0.009039474754606194, 49: 0.0057330386926069165, 50: 0.006665079188268897, 51: 0.00430524933227849, 52: 0.00921098960353167, 53: 0.006504204882667788, 54: 0.005955472783314956, 55: 0.008282182548788554, 56: 0.006312091410282127, 57: 0.005758751317038969, 58: 0.004568936302529921, 59: 0.005997062139058176, 60: 0.007549858468892251, 61: 0.006950190789366397, 62: 0.006942995632940731, 63: 0.005972827236396016, 64: 0.006874859696610497, 65: 0.005733789245218519, 66: 0.006565154559913612, 67: 0.005895076536491415, 68: 0.005456692630442448, 69: 0.008073575856193022, 70: 0.007830744811032232, 71: 0.006746306964542797, 72: 0.005686674346232071, 73: 0.007026245963004754, 74: 0.006133498138589055}","[99, 98, 96, 94, 91, 91, 89, 89, 88, 87, 87, 86, 86, 86, 85, 85, 85, 84, 84, 84, 84, 84, 83, 83, 83, 83, 83, 83, 82, 82, 82, 82, 81, 81, 81, 81, 81, 80, 80, 80, 80, 80, 80, 80, 80, 80, 79, 79, 79, 79, 79, 78, 78, 77, 77, 77, 76, 76, 76, 75, 75, 74, 72, 72, 72, 71, 71, 70, 69, 69, 69, 66, 65, 64, 63]","dict_values([39, 44, 36, 43, 38, 46, 36, 34, 46, 46, 50, 48, 39, 43, 46, 40, 44, 41, 45, 44, 37, 43, 35, 40, 43, 47, 51, 42, 43, 45, 43, 46, 44, 49, 34, 33, 44, 46, 39, 37, 37, 39, 41, 42, 38, 48, 49, 40, 30, 43, 31, 43, 40, 43, 37, 45, 38, 39, 49, 43, 34, 30, 39, 44, 38, 45, 43, 36, 35, 36, 41, 48, 41, 50, 44])",0.05270615114623457
52,80.02666666666667,0.5443208375677301,"{0: 0.00755260931201448, 1: 0.006374871362349762, 2: 0.007617456219322702, 3: 0.003390353121742276, 4: 0.00541358148075136, 5: 0.004904270220678931, 6: 0.008504203046465205, 7: 0.00480662453856133, 8: 0.007980033867598005, 9: 0.005192074932166319, 10: 0.00566096297437604, 11: 0.006536704659576507, 12: 0.004652214226190925, 13: 0.003390191237691767, 14: 0.006597348807145326, 15: 0.004185347094512628, 16: 0.0060667637922586365, 17: 0.004800656729558846, 18: 0.007517297678815547, 19: 0.007188739806829264, 20: 0.006822597514136079, 21: 0.005806251097795537, 22: 0.006259362170036575, 23: 0.006459631229435104, 24: 0.00510681040517544, 25: 0.005969728486161678, 26: 0.005828716229373984, 27: 0.006556803741335332, 28: 0.00696578510170273, 29: 0.005532088208739974, 30: 0.004582002787462354, 31: 0.006723684635897574, 32: 0.006939384267092521, 33: 0.0048126512185808976, 34: 0.009603294601924217, 35: 0.0063321452614074035, 36: 0.006967927409920682, 37: 0.004824465450004431, 38: 0.0071848240847448164, 39: 0.0057291774878809485, 40: 0.005886167045536309, 41: 0.005723727636242178, 42: 0.004430612981723735, 43: 0.0069654872117821025, 44: 0.006639176960365313, 45: 0.006396588864716854, 46: 0.006781746352698082, 47: 0.006860781828848395, 48: 0.009249570674099964, 49: 0.005695351541157269, 50: 0.00658349364046256, 51: 0.004424606036215708, 52: 0.009294586180029877, 53: 0.006475318315424052, 54: 0.006257650585824905, 55: 0.008392194135414035, 56: 0.006352426422972365, 57: 0.005965701233913644, 58: 0.0044867512842574255, 59: 0.006017429764983788, 60: 0.007382339943889779, 61: 0.0068610890800883, 62: 0.007054497197973683, 63: 0.00597412285874665, 64: 0.006955933315786605, 65: 0.0058336483119823005, 66: 0.006463315523137914, 67: 0.005957737651359655, 68: 0.005710172575319849, 69: 0.008264536092104488, 70: 0.00787913391808529, 71: 0.006692470170557611, 72: 0.005382102669716618, 73: 0.006950160275128762, 74: 0.006282008454176042}","[98, 98, 97, 94, 92, 90, 90, 88, 88, 87, 86, 86, 86, 85, 85, 85, 85, 85, 84, 84, 83, 83, 83, 83, 82, 82, 82, 82, 82, 82, 81, 81, 81, 81, 81, 81, 81, 81, 81, 80, 80, 80, 80, 80, 79, 79, 79, 79, 79, 78, 78, 78, 77, 77, 77, 76, 76, 76, 76, 75, 74, 74, 73, 72, 72, 72, 70, 69, 69, 69, 68, 67, 63, 63, 62]","dict_values([39, 44, 36, 43, 38, 46, 36, 34, 46, 46, 50, 48, 39, 43, 46, 40, 44, 41, 45, 44, 37, 43, 35, 40, 43, 47, 51, 42, 43, 45, 43, 46, 44, 49, 34, 33, 44, 46, 39, 37, 37, 39, 41, 42, 38, 48, 49, 40, 30, 43, 31, 43, 40, 43, 37, 45, 38, 39, 49, 43, 34, 30, 39, 44, 38, 45, 43, 36, 35, 36, 41, 48, 41, 50, 44])",0.051138346531385034
53,79.97333333333333,0.5436756506751973,"{0: 0.007564372149756179, 1: 0.006364124130528661, 2: 0.007644713409552133, 3: 0.003620508973876275, 4: 0.005409628953397351, 5: 0.005151873090105465, 6: 0.00836702811818804, 7: 0.004957333227172148, 8: 0.0076351354656763685, 9: 0.005266384548690012, 10: 0.0055372514128511074, 11: 0.006865541619030005, 12: 0.0046572112301552105, 13: 0.0032331908937288465, 14: 0.0063650839337573515, 15: 0.004302375870791231, 16: 0.005738913925849243, 17: 0.004748329605358207, 18: 0.007384349289276913, 19: 0.007024730334481921, 20: 0.007205005591192535, 21: 0.005410749598209807, 22: 0.006114951389670433, 23: 0.006450752571065023, 24: 0.004994982566364113, 25: 0.006004873771929796, 26: 0.005843273134520007, 27: 0.006619415951447297, 28: 0.007080199367417359, 29: 0.005937835102644631, 30: 0.0045271264049958565, 31: 0.006434709946038821, 32: 0.007095325897295944, 33: 0.0047854173377481326, 34: 0.009164133019400405, 35: 0.006291377929678855, 36: 0.00713503167474314, 37: 0.004797476739894537, 38: 0.007254822776573892, 39: 0.005796915000789804, 40: 0.005946992801197851, 41: 0.005782965588080001, 42: 0.004658464236242736, 43: 0.0068606483979488, 44: 0.00655980584868945, 45: 0.006601061371327668, 46: 0.006867323228848947, 47: 0.006692763929617818, 48: 0.00934448220271822, 49: 0.005686217575801179, 50: 0.006504414783632744, 51: 0.004443923366222539, 52: 0.009492444609114404, 53: 0.006371366178959765, 54: 0.006233375655184248, 55: 0.00824122950469047, 56: 0.006261287588180892, 57: 0.005857505182954233, 58: 0.004250476971933195, 59: 0.006026064478381956, 60: 0.007514042277027184, 61: 0.006888663629740921, 62: 0.007262965897910978, 63: 0.006081889113867642, 64: 0.0072281253289594345, 65: 0.005771232070959492, 66: 0.006195622215508445, 67: 0.005939098034431832, 68: 0.0055863914975248265, 69: 0.008665644792613418, 70: 0.008405704501086509, 71: 0.006751226711583183, 72: 0.0054209711741713944, 73: 0.006843061504159133, 74: 0.0062125982759672505}","[99, 98, 96, 93, 92, 91, 88, 88, 88, 88, 88, 87, 86, 86, 85, 85, 85, 85, 84, 84, 84, 83, 83, 83, 82, 82, 82, 82, 82, 81, 81, 81, 81, 80, 80, 80, 80, 80, 80, 80, 79, 79, 79, 79, 79, 79, 79, 78, 78, 78, 78, 78, 77, 77, 77, 77, 76, 76, 76, 75, 75, 74, 74, 73, 72, 71, 70, 70, 69, 68, 67, 67, 65, 64, 62]","dict_values([39, 44, 36, 43, 38, 46, 36, 34, 46, 46, 50, 48, 39, 43, 46, 40, 44, 41, 45, 44, 37, 43, 35, 40, 43, 47, 51, 42, 43, 45, 43, 46, 44, 49, 34, 33, 44, 46, 39, 37, 37, 39, 41, 42, 38, 48, 49, 40, 30, 43, 31, 43, 40, 43, 37, 45, 38, 39, 49, 43, 34, 30, 39, 44, 38, 45, 43, 36, 35, 36, 41, 48, 41, 50, 44])",0.050432616140469615
51,79.94666666666667,0.5437224256995791,"{0: 0.007610320031602638, 1: 0.006475311906711026, 2: 0.0074022194384882585, 3: 0.0039987924629973914, 4: 0.005234554618443427, 5: 0.005117127283319473, 6: 0.008383443644826, 7: 0.005076246818913113, 8: 0.00744798337502355, 9: 0.005142840358338816, 10: 0.005395472739037431, 11: 0.006846098887858785, 12: 0.004706967606066414, 13: 0.0033039980467239748, 14: 0.006395216276888151, 15: 0.004456106954400909, 16: 0.005411509277263446, 17: 0.004748855057375864, 18: 0.00768025494148307, 19: 0.006801013783517212, 20: 0.007381339549715388, 21: 0.005451108295235715, 22: 0.006087276299480253, 23: 0.006554113221229478, 24: 0.005096206890528376, 25: 0.005878646705150154, 26: 0.00580939228170765, 27: 0.0068033749639045595, 28: 0.007108258235363725, 29: 0.006252378181444058, 30: 0.004433337890899521, 31: 0.005962162333654182, 32: 0.007218422082995197, 33: 0.0047579504128241485, 34: 0.009169824347597, 35: 0.005967866033631052, 36: 0.007156767553887774, 37: 0.004717774889349066, 38: 0.0072427200906529845, 39: 0.0057729306319177975, 40: 0.006041424938795168, 41: 0.005802028519113568, 42: 0.004707552403601053, 43: 0.006607489726409847, 44: 0.006583023794315894, 45: 0.006761399810444853, 46: 0.006863147971779337, 47: 0.006501366087069665, 48: 0.00896526432235792, 49: 0.005668433218178452, 50: 0.006629486516344484, 51: 0.004429355182876501, 52: 0.00917631307770948, 53: 0.006243283339915612, 54: 0.00581000218489238, 55: 0.008424681851871202, 56: 0.005974641955114491, 57: 0.0060327902877079665, 58: 0.004120792146576833, 59: 0.006134596616212736, 60: 0.007727886172406934, 61: 0.006902429090678135, 62: 0.007339045618518875, 63: 0.005872180445226494, 64: 0.007656083180246873, 65: 0.006026304092896562, 66: 0.006437218262447178, 67: 0.00616445145267228, 68: 0.005282613762172692, 69: 0.009024270141014092, 70: 0.008653178959729698, 71: 0.006844555129302066, 72: 0.005438509924493375, 73: 0.006947315577947545, 74: 0.006168322941067327}","[98, 96, 96, 94, 93, 90, 89, 89, 88, 87, 87, 87, 87, 86, 86, 86, 86, 85, 84, 84, 84, 83, 83, 83, 83, 83, 83, 83, 82, 81, 81, 81, 81, 81, 81, 80, 80, 80, 80, 79, 79, 79, 79, 79, 78, 78, 78, 78, 78, 77, 77, 77, 77, 77, 76, 76, 76, 75, 75, 75, 74, 74, 74, 73, 71, 71, 71, 69, 69, 69, 67, 67, 66, 65, 62]","dict_values([39, 44, 36, 43, 38, 46, 36, 34, 46, 46, 50, 48, 39, 43, 46, 40, 44, 41, 45, 44, 37, 43, 35, 40, 43, 47, 51, 42, 43, 45, 43, 46, 44, 49, 34, 33, 44, 46, 39, 37, 37, 39, 41, 42, 38, 48, 49, 40, 30, 43, 31, 43, 40, 43, 37, 45, 38, 39, 49, 43, 34, 30, 39, 44, 38, 45, 43, 36, 35, 36, 41, 48, 41, 50, 44])",0.050932999139742224
51,80.32,0.5464078026311409,"{0: 0.007449413573446393, 1: 0.00634963256563576, 2: 0.007205621646048871, 3: 0.0038705499343190033, 4: 0.00511786926591893, 5: 0.0051285563430859445, 6: 0.008474732468955927, 7: 0.004947332907617998, 8: 0.00741849959320993, 9: 0.005082121887081676, 10: 0.005272617496903474, 11: 0.007120286059201251, 12: 0.004648672288280049, 13: 0.0032717960327911136, 14: 0.006589762029580666, 15: 0.004498616770566076, 16: 0.005608545064842413, 17: 0.004798328045611204, 18: 0.007544532661657169, 19: 0.006696455791554841, 20: 0.007466463037580376, 21: 0.005126487607116805, 22: 0.006015697963574836, 23: 0.006680466021800198, 24: 0.005321941684322186, 25: 0.005673441772041964, 26: 0.0055794230628593965, 27: 0.00690572629340957, 28: 0.006943896370446284, 29: 0.00632693603349564, 30: 0.004539501019026225, 31: 0.006103693346410808, 32: 0.00681489416138754, 33: 0.004682326880698451, 34: 0.009219463707163278, 35: 0.006159102075634059, 36: 0.0074325570801370535, 37: 0.00457326993622494, 38: 0.007115133945335363, 39: 0.0055502144307311724, 40: 0.0062378967159571735, 41: 0.005945490483490726, 42: 0.004832590873687204, 43: 0.0064814878963767525, 44: 0.006178210681779101, 45: 0.0068349996143241935, 46: 0.006623709190757934, 47: 0.006495809318744877, 48: 0.00889144309914917, 49: 0.005561792911378875, 50: 0.006504175277302007, 51: 0.004506615518447304, 52: 0.009049925426050341, 53: 0.006464845484314611, 54: 0.005832688612556565, 55: 0.008593484959502106, 56: 0.006076662115367611, 57: 0.005730484242812739, 58: 0.004162446494306478, 59: 0.006066382489893095, 60: 0.007809572889912666, 61: 0.0073473726917950765, 62: 0.0071787317704062195, 63: 0.00599987677018625, 64: 0.007177577097450147, 65: 0.005575371609116474, 66: 0.006486468942123399, 67: 0.00625881227147419, 68: 0.005198944519956108, 69: 0.008737442610859231, 70: 0.008664009445282688, 71: 0.006990876103951866, 72: 0.005234435352255902, 73: 0.00680475117989527, 74: 0.0059660268573663916}","[98, 97, 96, 95, 92, 91, 90, 90, 90, 89, 88, 87, 86, 86, 86, 85, 85, 85, 85, 84, 84, 84, 84, 84, 84, 83, 83, 83, 83, 83, 82, 82, 81, 81, 80, 80, 80, 80, 80, 80, 80, 80, 79, 79, 79, 79, 79, 79, 78, 78, 78, 77, 77, 77, 77, 76, 75, 75, 75, 74, 74, 74, 74, 73, 72, 72, 71, 71, 69, 69, 68, 66, 66, 66, 62]","dict_values([39, 44, 36, 43, 38, 46, 36, 34, 46, 46, 50, 48, 39, 43, 46, 40, 44, 41, 45, 44, 37, 43, 35, 40, 43, 47, 51, 42, 43, 45, 43, 46, 44, 49, 34, 33, 44, 46, 39, 37, 37, 39, 41, 42, 38, 48, 49, 40, 30, 43, 31, 43, 40, 43, 37, 45, 38, 39, 49, 43, 34, 30, 39, 44, 38, 45, 43, 36, 35, 36, 41, 48, 41, 50, 44])",0.04875539894428483
52,80.61333333333333,0.5483027137016024,"{0: 0.007111955137378359, 1: 0.0065862944953816085, 2: 0.0072196844518572474, 3: 0.003949362924868135, 4: 0.004908909058411807, 5: 0.005030602496918505, 6: 0.008422656008434504, 7: 0.004968360489550584, 8: 0.007247286143458961, 9: 0.00487770819845221, 10: 0.005206122274179352, 11: 0.0071627679810742995, 12: 0.004691252040241683, 13: 0.003400736854839579, 14: 0.006817511151035634, 15: 0.004557152291172825, 16: 0.005456070193554471, 17: 0.004795484827268237, 18: 0.0074462220132848, 19: 0.006576143564048739, 20: 0.007688998604905408, 21: 0.004956303086999393, 22: 0.005934537937034178, 23: 0.006718804523810571, 24: 0.005377076098477901, 25: 0.005776180206290731, 26: 0.005536541676845741, 27: 0.007030398841509779, 28: 0.006883257595527433, 29: 0.006356675381662385, 30: 0.00436213312094623, 31: 0.006169745359558081, 32: 0.006702856903689522, 33: 0.0044353187825778755, 34: 0.009463461089754302, 35: 0.006165907641739847, 36: 0.007393851544293029, 37: 0.004678104517570987, 38: 0.007389945741524837, 39: 0.005446497534284354, 40: 0.006370155857941846, 41: 0.006084091830579588, 42: 0.004834575549982682, 43: 0.0062455983240433475, 44: 0.00655522013765047, 45: 0.007056812909370632, 46: 0.006529833791663199, 47: 0.006410789662170199, 48: 0.00895303874423901, 49: 0.005261672925199536, 50: 0.006242080168444151, 51: 0.004320919677092331, 52: 0.00894510020745632, 53: 0.006480650222381209, 54: 0.005750327564776059, 55: 0.008510397613936271, 56: 0.006072822870066322, 57: 0.005502127372081724, 58: 0.004044860554576636, 59: 0.005972499900398237, 60: 0.007977239675548472, 61: 0.007365502578046808, 62: 0.007030336412992383, 63: 0.005731806984957401, 64: 0.0070810738952909735, 65: 0.005454276380093147, 66: 0.006675655530884969, 67: 0.006765979407613183, 68: 0.005075776565566885, 69: 0.008469170902619075, 70: 0.008428481975888776, 71: 0.007078517277342911, 72: 0.005132856623148792, 73: 0.0068019710982218885, 74: 0.0056786075390553425}","[98, 98, 97, 95, 91, 91, 91, 90, 90, 89, 87, 87, 87, 87, 87, 86, 86, 85, 85, 85, 84, 84, 84, 84, 84, 84, 84, 84, 83, 83, 83, 83, 83, 82, 81, 81, 81, 80, 80, 80, 80, 80, 79, 79, 79, 79, 79, 79, 78, 78, 78, 78, 78, 77, 76, 75, 75, 75, 75, 75, 74, 74, 74, 73, 72, 72, 72, 71, 70, 68, 67, 67, 67, 66, 63]","dict_values([39, 44, 36, 43, 38, 46, 36, 34, 46, 46, 50, 48, 39, 43, 46, 40, 44, 41, 45, 44, 37, 43, 35, 40, 43, 47, 51, 42, 43, 45, 43, 46, 44, 49, 34, 33, 44, 46, 39, 37, 37, 39, 41, 42, 38, 48, 49, 40, 30, 43, 31, 43, 40, 43, 37, 45, 38, 39, 49, 43, 34, 30, 39, 44, 38, 45, 43, 36, 35, 36, 41, 48, 41, 50, 44])",0.051661268460164625
52,80.69333333333333,0.5481609999409974,"{0: 0.007017885773444086, 1: 0.006574840976764545, 2: 0.007328377535368333, 3: 0.0039544851615072145, 4: 0.004982247807589726, 5: 0.005060597122926774, 6: 0.008602196116945297, 7: 0.004878491928243606, 8: 0.007196399965511636, 9: 0.005169202080990472, 10: 0.005190580285681743, 11: 0.007373078050328931, 12: 0.0047546068436511955, 13: 0.0034851958761271517, 14: 0.00680539937756943, 15: 0.004528892292891913, 16: 0.005261483320958744, 17: 0.0048358245622340855, 18: 0.007409845513371735, 19: 0.00616835674732755, 20: 0.007947072467830937, 21: 0.004931123769664735, 22: 0.005801330844358351, 23: 0.006571309328861384, 24: 0.00554671233258269, 25: 0.00574787803661885, 26: 0.00531030491707025, 27: 0.007246886685206842, 28: 0.006676637839789888, 29: 0.00639469710189211, 30: 0.004597025989970755, 31: 0.006332758128871764, 32: 0.006472870803439329, 33: 0.0046861686070612035, 34: 0.009272927128479404, 35: 0.006566285120251924, 36: 0.00742546054304527, 37: 0.004728318321858047, 38: 0.0071354880680306555, 39: 0.005397323538442215, 40: 0.006249011841463665, 41: 0.0059221334902751195, 42: 0.004532011615985638, 43: 0.006237307537403065, 44: 0.006591206880526751, 45: 0.007419063168831177, 46: 0.00649415301834432, 47: 0.006376260795660817, 48: 0.00871983345330704, 49: 0.005621263954432104, 50: 0.006094542441547908, 51: 0.00436573623666624, 52: 0.008850085950804975, 53: 0.0064696479328385905, 54: 0.005967479807163348, 55: 0.008379615453736427, 56: 0.0058369803907808255, 57: 0.005995497758190868, 58: 0.004025490166615168, 59: 0.006273530028310283, 60: 0.007731248821519045, 61: 0.007161547781568346, 62: 0.007120756747313591, 63: 0.00594329190325138, 64: 0.007004790436755376, 65: 0.005781369014217256, 66: 0.006560986109548775, 67: 0.00640606029025847, 68: 0.0049165504515930065, 69: 0.008236683364247346, 70: 0.0083119703999783, 71: 0.00699469372302934, 72: 0.004958533392850046, 73: 0.0066335585755846315, 74: 0.005684897797956528}","[98, 97, 96, 94, 92, 92, 90, 89, 89, 89, 89, 88, 88, 87, 87, 87, 86, 85, 85, 84, 84, 84, 84, 84, 84, 84, 83, 83, 83, 83, 82, 82, 82, 81, 81, 81, 81, 81, 81, 80, 80, 80, 80, 80, 80, 79, 79, 79, 79, 79, 78, 78, 78, 77, 76, 75, 75, 75, 75, 75, 74, 73, 73, 73, 73, 72, 72, 72, 71, 70, 68, 67, 67, 66, 64]","dict_values([39, 44, 36, 43, 38, 46, 36, 34, 46, 46, 50, 48, 39, 43, 46, 40, 44, 41, 45, 44, 37, 43, 35, 40, 43, 47, 51, 42, 43, 45, 43, 46, 44, 49, 34, 33, 44, 46, 39, 37, 37, 39, 41, 42, 38, 48, 49, 40, 30, 43, 31, 43, 40, 43, 37, 45, 38, 39, 49, 43, 34, 30, 39, 44, 38, 45, 43, 36, 35, 36, 41, 48, 41, 50, 44])",0.046816333787501066
52,80.64,0.5479928655082376,"{0: 0.006975341395148958, 1: 0.006652669518767574, 2: 0.007464890146376068, 3: 0.0037843820474912577, 4: 0.004979712412670823, 5: 0.005053676783706222, 6: 0.007849101592788219, 7: 0.0048543335048029795, 8: 0.007343655496590367, 9: 0.005129222228613587, 10: 0.004958888791542107, 11: 0.007423453098355521, 12: 0.00475538387379935, 13: 0.003686119375022848, 14: 0.006595038769601952, 15: 0.004532715057478169, 16: 0.005355891602308848, 17: 0.004820676304272494, 18: 0.0077152107587514845, 19: 0.006169050381331075, 20: 0.008249206183226715, 21: 0.004715577989855367, 22: 0.0060500870721485875, 23: 0.00674535645360488, 24: 0.00561085527793548, 25: 0.0057797346004567, 26: 0.005671542794547904, 27: 0.007470683540450171, 28: 0.006669897330283016, 29: 0.00648046092406042, 30: 0.004568548578200683, 31: 0.006592829746145196, 32: 0.006283698841776107, 33: 0.004832119472438333, 34: 0.009245463623738823, 35: 0.006673879658145153, 36: 0.007741823525164458, 37: 0.004717481431194489, 38: 0.006984561124757488, 39: 0.005391957792763895, 40: 0.006290101512515177, 41: 0.006115009830242649, 42: 0.004266263390172746, 43: 0.00606282957930895, 44: 0.006559324912192682, 45: 0.007458292850722112, 46: 0.006498300943638585, 47: 0.006361301827414618, 48: 0.008828459069260643, 49: 0.0054726462245043754, 50: 0.005759638299647343, 51: 0.004503521086306911, 52: 0.008702210186575994, 53: 0.006118291299646658, 54: 0.0057400237086612784, 55: 0.00857870514801683, 56: 0.005659219207152527, 57: 0.005895928244755367, 58: 0.004052240710452253, 59: 0.006449153749001645, 60: 0.007593261138544834, 61: 0.007215373949822223, 62: 0.006951314343115785, 63: 0.0059146700756735745, 64: 0.006856008715863264, 65: 0.0056002227482670934, 66: 0.006961841478860648, 67: 0.006893703240852551, 68: 0.004760076915441873, 69: 0.008121978752325672, 70: 0.007998933997169753, 71: 0.006992618399524086, 72: 0.004981974935099916, 73: 0.007097264826358561, 74: 0.005718706494839183}","[97, 97, 96, 95, 94, 89, 89, 89, 88, 88, 88, 88, 88, 88, 87, 87, 87, 87, 86, 85, 85, 85, 85, 84, 84, 83, 83, 83, 83, 83, 83, 82, 82, 82, 81, 81, 81, 81, 81, 80, 80, 80, 80, 80, 79, 79, 79, 79, 78, 77, 77, 77, 77, 77, 75, 75, 75, 75, 74, 74, 74, 74, 73, 73, 72, 72, 72, 72, 71, 70, 68, 67, 66, 66, 66]","dict_values([39, 44, 36, 43, 38, 46, 36, 34, 46, 46, 50, 48, 39, 43, 46, 40, 44, 41, 45, 44, 37, 43, 35, 40, 43, 47, 51, 42, 43, 45, 43, 46, 44, 49, 34, 33, 44, 46, 39, 37, 37, 39, 41, 42, 38, 48, 49, 40, 30, 43, 31, 43, 40, 43, 37, 45, 38, 39, 49, 43, 34, 30, 39, 44, 38, 45, 43, 36, 35, 36, 41, 48, 41, 50, 44])",0.046135545267489676
52,80.93333333333334,0.5502201582636128,"{0: 0.00690541198624132, 1: 0.006756789747011545, 2: 0.00764118766512692, 3: 0.003954664664617705, 4: 0.0049784456201195535, 5: 0.004970459414972161, 6: 0.007735507875805999, 7: 0.005040346658382929, 8: 0.00744978107322208, 9: 0.00508128227854519, 10: 0.005157910941595251, 11: 0.00741762898828751, 12: 0.004664962257891539, 13: 0.003663561584296494, 14: 0.0065849896728349365, 15: 0.004470275693062857, 16: 0.005425054788596435, 17: 0.004634409611517354, 18: 0.007488966269929141, 19: 0.0058656603756886425, 20: 0.007797983638797588, 21: 0.0047155219498476175, 22: 0.0059066363426894435, 23: 0.00695265627407769, 24: 0.005399643775713191, 25: 0.005971323278481902, 26: 0.005721397399882506, 27: 0.0071190651383464575, 28: 0.006342818256518443, 29: 0.006465478384101043, 30: 0.004605075675838453, 31: 0.006303893597775269, 32: 0.006041637069560841, 33: 0.004646968143093021, 34: 0.009161931789530519, 35: 0.006723839768604937, 36: 0.007826206701578969, 37: 0.00494988490784268, 38: 0.0073079058618807854, 39: 0.005616205514434947, 40: 0.006455334748305755, 41: 0.006209023801434883, 42: 0.004437946510313277, 43: 0.005958038987857804, 44: 0.006684282672010041, 45: 0.0074368737583079105, 46: 0.0066161145655981276, 47: 0.0060821719059543245, 48: 0.008781441692770146, 49: 0.005326091104657663, 50: 0.0056519760760947125, 51: 0.00446642214178135, 52: 0.008368965998113619, 53: 0.006288523282119072, 54: 0.005755280002695311, 55: 0.008489926664842258, 56: 0.0056394159002064745, 57: 0.005834425767400351, 58: 0.004000208587408482, 59: 0.0066741114260303715, 60: 0.00749003920545506, 61: 0.007091424815808316, 62: 0.006810224561485302, 63: 0.005717699354308617, 64: 0.006770683050955431, 65: 0.00546593813281543, 66: 0.006861177106138011, 67: 0.006556977914530487, 68: 0.004830595750350365, 69: 0.008369826701991278, 70: 0.007915336965220931, 71: 0.007022698012692898, 72: 0.005023595655802085, 73: 0.007223314361287601, 74: 0.00579883021497584}","[97, 97, 96, 95, 92, 91, 89, 89, 89, 89, 89, 88, 88, 88, 88, 87, 87, 87, 87, 87, 86, 86, 85, 84, 84, 84, 83, 83, 83, 83, 83, 82, 82, 82, 82, 82, 82, 81, 81, 80, 80, 80, 80, 79, 79, 79, 79, 79, 78, 78, 78, 77, 77, 77, 76, 76, 76, 75, 75, 75, 74, 74, 74, 74, 73, 73, 71, 71, 71, 70, 68, 67, 67, 66, 66]","dict_values([39, 44, 36, 43, 38, 46, 36, 34, 46, 46, 50, 48, 39, 43, 46, 40, 44, 41, 45, 44, 37, 43, 35, 40, 43, 47, 51, 42, 43, 45, 43, 46, 44, 49, 34, 33, 44, 46, 39, 37, 37, 39, 41, 42, 38, 48, 49, 40, 30, 43, 31, 43, 40, 43, 37, 45, 38, 39, 49, 43, 34, 30, 39, 44, 38, 45, 43, 36, 35, 36, 41, 48, 41, 50, 44])",0.043373709794299956
51,81.17333333333333,0.5516661486775358,"{0: 0.006848238066220975, 1: 0.006946530912100794, 2: 0.0072959571686834436, 3: 0.0037311640810222288, 4: 0.004972355145414441, 5: 0.005237859984468184, 6: 0.0073081473589387035, 7: 0.004981399433535301, 8: 0.007653443153422441, 9: 0.005031979790263263, 10: 0.005151416727911321, 11: 0.007226554601456998, 12: 0.004497887827884322, 13: 0.0037710905961457347, 14: 0.006679926936854156, 15: 0.004515501068770899, 16: 0.005444913752904099, 17: 0.0049263104056140455, 18: 0.00739597115774346, 19: 0.005974561391072248, 20: 0.007809982272322256, 21: 0.004675694133887734, 22: 0.006380157718457943, 23: 0.007043640210207268, 24: 0.005336419356309284, 25: 0.005639215669437766, 26: 0.005583175589171971, 27: 0.00697292584023315, 28: 0.006241878977327783, 29: 0.006368626570305734, 30: 0.004269072117230692, 31: 0.00647814942691592, 32: 0.005849912344408394, 33: 0.00449761551640809, 34: 0.009032556214233265, 35: 0.00694878944172154, 36: 0.007936776968749526, 37: 0.004909642762332898, 38: 0.007162015313560854, 39: 0.005750090196829252, 40: 0.006335273575633721, 41: 0.006090959029497226, 42: 0.004357072809232093, 43: 0.00588359971507011, 44: 0.006586073795075435, 45: 0.0073680962650200695, 46: 0.006771719464971831, 47: 0.006130650543483822, 48: 0.008928886994321652, 49: 0.005302098703254481, 50: 0.005555147391937079, 51: 0.004869432265936617, 52: 0.008026749376586324, 53: 0.006646222520749222, 54: 0.006118388368864156, 55: 0.008234967230361667, 56: 0.005570161783367688, 57: 0.005687444795164, 58: 0.004089331383237613, 59: 0.006788499888346702, 60: 0.007412805109819433, 61: 0.0071014101330114715, 62: 0.006614101946716051, 63: 0.005848899092374974, 64: 0.0066111972770763056, 65: 0.005545148173054095, 66: 0.007140185076301123, 67: 0.0064265110400133765, 68: 0.004939891836070926, 69: 0.008042252347444611, 70: 0.007949767641869561, 71: 0.006720100663249032, 72: 0.005052046412975171, 73: 0.006912443894306124, 74: 0.005767175677934231}","[98, 97, 95, 94, 91, 90, 90, 90, 89, 89, 89, 89, 88, 88, 88, 88, 87, 87, 87, 86, 86, 85, 85, 85, 85, 84, 84, 84, 83, 83, 83, 82, 82, 82, 82, 82, 82, 81, 81, 81, 81, 81, 80, 80, 80, 80, 80, 80, 79, 78, 78, 78, 77, 77, 76, 76, 76, 76, 75, 75, 74, 74, 74, 73, 73, 73, 72, 72, 71, 71, 69, 68, 67, 67, 65]","dict_values([39, 44, 36, 43, 38, 46, 36, 34, 46, 46, 50, 48, 39, 43, 46, 40, 44, 41, 45, 44, 37, 43, 35, 40, 43, 47, 51, 42, 43, 45, 43, 46, 44, 49, 34, 33, 44, 46, 39, 37, 37, 39, 41, 42, 38, 48, 49, 40, 30, 43, 31, 43, 40, 43, 37, 45, 38, 39, 49, 43, 34, 30, 39, 44, 38, 45, 43, 36, 35, 36, 41, 48, 41, 50, 44])",0.0457610542529109
51,81.44,0.5539744330768922,"{0: 0.007003293183251345, 1: 0.006862331594130486, 2: 0.007385133225952448, 3: 0.003604183009619301, 4: 0.00486071146622757, 5: 0.005130669649603291, 6: 0.0075694247635499584, 7: 0.004756467206710793, 8: 0.007594909575180576, 9: 0.004965282454069803, 10: 0.00533767414285431, 11: 0.007325963938360352, 12: 0.004462285723648467, 13: 0.0037943829054591822, 14: 0.006746958828845322, 15: 0.0043815700092963965, 16: 0.005307134197170728, 17: 0.004850830023912856, 18: 0.007363791297803058, 19: 0.005961719243758452, 20: 0.007712937464676513, 21: 0.0046396407811051255, 22: 0.006290318908765918, 23: 0.006912435028527507, 24: 0.005241439686523577, 25: 0.00533204334657363, 26: 0.005608991730664318, 27: 0.007214613966927063, 28: 0.006098570449757914, 29: 0.006354620341529708, 30: 0.004131614216496027, 31: 0.006290961499280524, 32: 0.005995764641333251, 33: 0.004210374785665451, 34: 0.008872140684480011, 35: 0.006852003892262218, 36: 0.007830928833211273, 37: 0.004874331733498521, 38: 0.006785862053255794, 39: 0.005823131290644654, 40: 0.006245591555698871, 41: 0.0060593281305536175, 42: 0.004496266329560894, 43: 0.005858624189307322, 44: 0.006641949626473175, 45: 0.007343336198903647, 46: 0.0067018874486360356, 47: 0.00604740076229192, 48: 0.00889169606925059, 49: 0.005186851134668161, 50: 0.005472127571474227, 51: 0.004819075668523198, 52: 0.007921794779514924, 53: 0.006570897492220347, 54: 0.006415455805498542, 55: 0.008103860233643134, 56: 0.005861824704144434, 57: 0.0057294486961189115, 58: 0.00410027843346218, 59: 0.006777448428943937, 60: 0.0073264622958584364, 61: 0.00744988246026182, 62: 0.0063262233058149755, 63: 0.005979743884513689, 64: 0.006746999423545368, 65: 0.005285376320397588, 66: 0.0072505117294196925, 67: 0.0066540164879854095, 68: 0.004891208502974802, 69: 0.008168891417728738, 70: 0.007636347919836466, 71: 0.006877707393310918, 72: 0.005177879940901687, 73: 0.00679350094721667, 74: 0.0059037551248404645}","[98, 97, 95, 94, 91, 91, 91, 90, 90, 90, 89, 89, 89, 89, 88, 88, 88, 87, 87, 86, 86, 85, 85, 85, 85, 85, 85, 85, 84, 84, 84, 83, 83, 82, 82, 82, 82, 82, 82, 82, 81, 81, 81, 81, 81, 80, 80, 80, 79, 78, 78, 78, 77, 77, 77, 76, 76, 76, 75, 75, 74, 74, 74, 74, 73, 72, 72, 72, 71, 70, 68, 68, 67, 67, 65]","dict_values([39, 44, 36, 43, 38, 46, 36, 34, 46, 46, 50, 48, 39, 43, 46, 40, 44, 41, 45, 44, 37, 43, 35, 40, 43, 47, 51, 42, 43, 45, 43, 46, 44, 49, 34, 33, 44, 46, 39, 37, 37, 39, 41, 42, 38, 48, 49, 40, 30, 43, 31, 43, 40, 43, 37, 45, 38, 39, 49, 43, 34, 30, 39, 44, 38, 45, 43, 36, 35, 36, 41, 48, 41, 50, 44])",0.050698430220664586
51,81.54666666666667,0.5547616775062536,"{0: 0.006810971371625242, 1: 0.007010602441180149, 2: 0.007244215578177399, 3: 0.0034870800131782532, 4: 0.004681485633452094, 5: 0.005137106851422426, 6: 0.007410693149996137, 7: 0.005027976783927162, 8: 0.007549968052378956, 9: 0.005067321001785377, 10: 0.0054304684742295896, 11: 0.007199077998263126, 12: 0.004408801687739992, 13: 0.00400267680945045, 14: 0.006687471169347286, 15: 0.004542764922766318, 16: 0.00526890268826124, 17: 0.004684105321381274, 18: 0.007457101231520075, 19: 0.005913415723772313, 20: 0.007698071194641526, 21: 0.004847225825684156, 22: 0.006251229191205716, 23: 0.00721204739481103, 24: 0.004933315696999992, 25: 0.005146724095260037, 26: 0.005610293856399662, 27: 0.007345017705431774, 28: 0.006063557900032609, 29: 0.006341022402760363, 30: 0.004122925882734422, 31: 0.006195720132437224, 32: 0.006081170686359491, 33: 0.00421992595246306, 34: 0.008791989915727872, 35: 0.0066192329519198165, 36: 0.007767124377121928, 37: 0.004886557419726253, 38: 0.006794108419816025, 39: 0.005790300674715683, 40: 0.0059290971062184, 41: 0.006151831178352194, 42: 0.004735444598471835, 43: 0.006081601539441315, 44: 0.0065922139566147175, 45: 0.007128232186867731, 46: 0.006820718884053604, 47: 0.006144113676904109, 48: 0.008887296669390006, 49: 0.005201364438828761, 50: 0.005522583062369266, 51: 0.00494438028164449, 52: 0.00775964018261505, 53: 0.006600949376150949, 54: 0.006327020404863172, 55: 0.0077590815128948075, 56: 0.00560176175046563, 57: 0.005861022048574333, 58: 0.0038725045326167963, 59: 0.0066914194073143, 60: 0.007465007183783795, 61: 0.007505125516611913, 62: 0.006351948056398532, 63: 0.006112183572760991, 64: 0.006899566620809537, 65: 0.005373031393053266, 66: 0.007247511406523407, 67: 0.006505251603132601, 68: 0.004766586217556138, 69: 0.008018302747669858, 70: 0.007557593028742463, 71: 0.006797795034325514, 72: 0.00519301754961752, 73: 0.006844552890818981, 74: 0.006321107497627866}","[98, 97, 94, 92, 92, 91, 90, 90, 90, 90, 89, 89, 89, 89, 88, 88, 88, 88, 88, 87, 86, 86, 85, 85, 85, 85, 85, 85, 84, 84, 83, 83, 83, 83, 83, 83, 83, 83, 82, 82, 82, 82, 82, 81, 81, 80, 80, 79, 79, 79, 78, 77, 77, 77, 77, 76, 76, 76, 76, 76, 75, 74, 74, 74, 73, 73, 73, 71, 70, 69, 69, 68, 68, 65, 64]","dict_values([39, 44, 36, 43, 38, 46, 36, 34, 46, 46, 50, 48, 39, 43, 46, 40, 44, 41, 45, 44, 37, 43, 35, 40, 43, 47, 51, 42, 43, 45, 43, 46, 44, 49, 34, 33, 44, 46, 39, 37, 37, 39, 41, 42, 38, 48, 49, 40, 30, 43, 31, 43, 40, 43, 37, 45, 38, 39, 49, 43, 34, 30, 39, 44, 38, 45, 43, 36, 35, 36, 41, 48, 41, 50, 44])",0.04746141846259007
51,81.6,0.555376373813916,"{0: 0.00681547114520897, 1: 0.00713101132514368, 2: 0.007072863911017276, 3: 0.0033481024798064484, 4: 0.0047677173905168, 5: 0.005043171645380411, 6: 0.007026755823777557, 7: 0.004973740334820196, 8: 0.0076208634698913735, 9: 0.005209881499493664, 10: 0.005696928503288999, 11: 0.00716466200828083, 12: 0.0044567071023865375, 13: 0.004111923512277259, 14: 0.006569052793933948, 15: 0.004667862654745374, 16: 0.005239464766352228, 17: 0.0047592861272069496, 18: 0.0073687640661206895, 19: 0.006000954622606026, 20: 0.00768237512881988, 21: 0.004821882349351463, 22: 0.0062687718268497955, 23: 0.006890115341185126, 24: 0.005008665393483286, 25: 0.005462442340335177, 26: 0.005475661405339813, 27: 0.007562103001448514, 28: 0.006070316200816204, 29: 0.006657633875407027, 30: 0.00399269192247517, 31: 0.006078003023012134, 32: 0.0059075244316363126, 33: 0.0041617724240408304, 34: 0.008406197067414894, 35: 0.0064620364632925874, 36: 0.007836405824459339, 37: 0.004884003913257229, 38: 0.006491427536576543, 39: 0.005633806412928716, 40: 0.005914120991653902, 41: 0.006319605182862598, 42: 0.004635106794905299, 43: 0.005989956527099214, 44: 0.006529030826363262, 45: 0.007184051522871111, 46: 0.006809288467142689, 47: 0.006383511784319544, 48: 0.008946999118321317, 49: 0.005133191980737665, 50: 0.005586349627938141, 51: 0.005065550262416604, 52: 0.007967076296262865, 53: 0.006598131804722048, 54: 0.00648410102680326, 55: 0.008312036757509819, 56: 0.005560549270328832, 57: 0.0056008243850087, 58: 0.0037393192360697077, 59: 0.0066962646363748005, 60: 0.007580016251473879, 61: 0.0077507033913024066, 62: 0.00580831588751462, 63: 0.006278631690955418, 64: 0.006680396960430382, 65: 0.00545252651572578, 66: 0.007425058770394285, 67: 0.00635923340580712, 68: 0.004744648070645266, 69: 0.007854669586291484, 70: 0.007831320133739574, 71: 0.006549160600566234, 72: 0.005213538457268545, 73: 0.006792259326362686, 74: 0.006365825834667449}","[98, 96, 95, 94, 93, 92, 91, 91, 90, 90, 89, 89, 89, 89, 88, 88, 88, 87, 87, 87, 86, 86, 85, 85, 85, 85, 84, 84, 84, 84, 84, 83, 83, 83, 83, 83, 83, 82, 82, 82, 82, 82, 82, 81, 81, 80, 80, 80, 80, 79, 78, 77, 77, 77, 77, 76, 76, 76, 76, 75, 75, 75, 74, 74, 74, 73, 73, 72, 69, 69, 69, 69, 68, 64, 63]","dict_values([39, 44, 36, 43, 38, 46, 36, 34, 46, 46, 50, 48, 39, 43, 46, 40, 44, 41, 45, 44, 37, 43, 35, 40, 43, 47, 51, 42, 43, 45, 43, 46, 44, 49, 34, 33, 44, 46, 39, 37, 37, 39, 41, 42, 38, 48, 49, 40, 30, 43, 31, 43, 40, 43, 37, 45, 38, 39, 49, 43, 34, 30, 39, 44, 38, 45, 43, 36, 35, 36, 41, 48, 41, 50, 44])",0.046188965782391365
51,81.57333333333334,0.5551342860010056,"{0: 0.006760953639069653, 1: 0.006995137144203328, 2: 0.007258874687069408, 3: 0.003351580405555835, 4: 0.004611654009332371, 5: 0.004972292158716901, 6: 0.0067258039336652664, 7: 0.0050214857824320905, 8: 0.0074858568713945545, 9: 0.005440728914079421, 10: 0.005729371200178966, 11: 0.00723348289414814, 12: 0.0044949560915916766, 13: 0.00410227055362786, 14: 0.006522115474405078, 15: 0.004637269941894506, 16: 0.005279382906286792, 17: 0.00473424807560821, 18: 0.007557194522610758, 19: 0.005912010993607283, 20: 0.007448488590679895, 21: 0.004970489661008042, 22: 0.006320311772520534, 23: 0.006836493789182824, 24: 0.005172588157371127, 25: 0.005641236255752125, 26: 0.005439583507248621, 27: 0.0073258275326300425, 28: 0.005618419324768887, 29: 0.006709970172288221, 30: 0.004008229230632064, 31: 0.006091973257867366, 32: 0.005871048723020549, 33: 0.004492642538314997, 34: 0.008448427325497365, 35: 0.006945185700919918, 36: 0.007820097635271469, 37: 0.004876920389954543, 38: 0.006613721443854877, 39: 0.005608924497862305, 40: 0.006100309001800797, 41: 0.006387702246460651, 42: 0.004681930127963967, 43: 0.005829219861997648, 44: 0.0063381083853713185, 45: 0.007205126700942009, 46: 0.006834567404450786, 47: 0.006461488509117997, 48: 0.008977268966653055, 49: 0.004921797194147081, 50: 0.0054142712498823145, 51: 0.005002121062022849, 52: 0.007864091146802725, 53: 0.006637565261466147, 54: 0.006858421573215971, 55: 0.008104908078096495, 56: 0.005083114982683875, 57: 0.005948626150621649, 58: 0.003861435185380478, 59: 0.006604406101821247, 60: 0.0075608763179924945, 61: 0.007761949886775861, 62: 0.005944842119627112, 63: 0.006389594670380383, 64: 0.006903199927012134, 65: 0.005462337393703986, 66: 0.007764196888007828, 67: 0.006144497045756873, 68: 0.004696127304327356, 69: 0.0076502596644226276, 70: 0.00787550467728, 71: 0.006346068656487705, 72: 0.005215128203962025, 73: 0.006813625460954402, 74: 0.006393571957000824}","[98, 96, 94, 93, 93, 93, 92, 90, 90, 89, 89, 89, 89, 89, 88, 88, 87, 87, 87, 86, 86, 86, 85, 85, 85, 85, 84, 84, 84, 84, 84, 84, 84, 83, 83, 83, 83, 83, 83, 82, 82, 82, 81, 81, 81, 80, 80, 80, 79, 79, 77, 77, 77, 77, 77, 76, 76, 75, 75, 75, 75, 75, 74, 74, 73, 73, 73, 72, 70, 70, 69, 69, 69, 65, 63]","dict_values([39, 44, 36, 43, 38, 46, 36, 34, 46, 46, 50, 48, 39, 43, 46, 40, 44, 41, 45, 44, 37, 43, 35, 40, 43, 47, 51, 42, 43, 45, 43, 46, 44, 49, 34, 33, 44, 46, 39, 37, 37, 39, 41, 42, 38, 48, 49, 40, 30, 43, 31, 43, 40, 43, 37, 45, 38, 39, 49, 43, 34, 30, 39, 44, 38, 45, 43, 36, 35, 36, 41, 48, 41, 50, 44])",0.04492202548955213
51,81.65333333333334,0.5556557156458752,"{0: 0.006744711614316829, 1: 0.006785959552635711, 2: 0.007191395062502373, 3: 0.003416642193589557, 4: 0.004653848962155855, 5: 0.004902397177813404, 6: 0.006829025794835797, 7: 0.005031077437184433, 8: 0.007272567956757654, 9: 0.005368177681407853, 10: 0.005752578469842497, 11: 0.007255403806855274, 12: 0.0044788640916289335, 13: 0.0041005104081308, 14: 0.006476048301632985, 15: 0.004487373293826835, 16: 0.0052649879156398405, 17: 0.00472842243006905, 18: 0.007463276325527944, 19: 0.006200053722106675, 20: 0.007335406858135965, 21: 0.0050016076673246495, 22: 0.006988283791791157, 23: 0.0068239019121691434, 24: 0.005262033644621878, 25: 0.005378495633757823, 26: 0.00556071984344263, 27: 0.007472897789762877, 28: 0.005452373989064336, 29: 0.006413791381821856, 30: 0.004180117993578997, 31: 0.006051024850954347, 32: 0.005876664087338406, 33: 0.004583428351853834, 34: 0.008422796041682645, 35: 0.006518137157416734, 36: 0.007827658131494084, 37: 0.0048715722392530065, 38: 0.006361049087381199, 39: 0.005636432697384733, 40: 0.006142672127555472, 41: 0.00632756877209941, 42: 0.0044974133471117565, 43: 0.005807325869633056, 44: 0.006243542926134087, 45: 0.007514266495949069, 46: 0.006765724866353627, 47: 0.0064120522882555155, 48: 0.008934742839528748, 49: 0.005209388885573354, 50: 0.0053088176091427705, 51: 0.005269070396354272, 52: 0.00821463529403549, 53: 0.006643844237699674, 54: 0.006686080107692558, 55: 0.008036581862136726, 56: 0.005069225549178043, 57: 0.005926022834541023, 58: 0.004014337257950101, 59: 0.0065719904956963735, 60: 0.007724074842302321, 61: 0.007757096654882845, 62: 0.006223517490233429, 63: 0.006321804557660432, 64: 0.0068657948264014045, 65: 0.005482262762260704, 66: 0.007725847950805259, 67: 0.0060286767170451986, 68: 0.004686993013419827, 69: 0.007743303179128806, 70: 0.0077566258000663045, 71: 0.006124536160496383, 72: 0.005192075513640513, 73: 0.006752524186036052, 74: 0.006168006134604978}","[98, 96, 96, 93, 93, 93, 92, 91, 91, 90, 90, 89, 89, 89, 89, 88, 88, 87, 87, 87, 86, 85, 85, 85, 85, 85, 85, 85, 84, 84, 83, 83, 83, 83, 83, 83, 82, 82, 82, 82, 82, 81, 81, 81, 80, 80, 80, 79, 79, 79, 78, 77, 77, 77, 77, 76, 76, 76, 75, 75, 75, 75, 74, 74, 73, 73, 73, 72, 71, 71, 70, 69, 68, 66, 63]","dict_values([39, 44, 36, 43, 38, 46, 36, 34, 46, 46, 50, 48, 39, 43, 46, 40, 44, 41, 45, 44, 37, 43, 35, 40, 43, 47, 51, 42, 43, 45, 43, 46, 44, 49, 34, 33, 44, 46, 39, 37, 37, 39, 41, 42, 38, 48, 49, 40, 30, 43, 31, 43, 40, 43, 37, 45, 38, 39, 49, 43, 34, 30, 39, 44, 38, 45, 43, 36, 35, 36, 41, 48, 41, 50, 44])",0.04035007408399711
51,81.92,0.5576762471193425,"{0: 0.006772291367223271, 1: 0.006710878626086034, 2: 0.007323249949914363, 3: 0.0035271929798091064, 4: 0.00476917375386997, 5: 0.0047364417092014485, 6: 0.0069228789668856466, 7: 0.005620184235765375, 8: 0.007596701764970792, 9: 0.005317219357316037, 10: 0.0055121241878570175, 11: 0.007168115290173823, 12: 0.004532743327091952, 13: 0.0042099758099760996, 14: 0.006347687693114027, 15: 0.004423607143504948, 16: 0.00517619885497688, 17: 0.004670578980742008, 18: 0.0075502222934442885, 19: 0.006269962875159206, 20: 0.007082168177494338, 21: 0.004851020657000766, 22: 0.006909852793103695, 23: 0.006897971059638426, 24: 0.005297986461714033, 25: 0.005169889718080132, 26: 0.005465497471524513, 27: 0.007501891377780788, 28: 0.005407880771324026, 29: 0.00648420928189036, 30: 0.0040048839331913, 31: 0.006055373090012991, 32: 0.005584497089016943, 33: 0.004732603262077068, 34: 0.008256081099192531, 35: 0.0063480995063104366, 36: 0.007731170445842012, 37: 0.004814616437037653, 38: 0.006472701775964273, 39: 0.005575581358613513, 40: 0.006272387222392104, 41: 0.0062543821920514825, 42: 0.004525080211698626, 43: 0.005946469852046153, 44: 0.006157107273807835, 45: 0.007381202437379619, 46: 0.00649348782533569, 47: 0.006627100849680274, 48: 0.009016932670603583, 49: 0.0049767608781048495, 50: 0.00531837068816403, 51: 0.005393377157950653, 52: 0.007940865758391914, 53: 0.006534042883540441, 54: 0.00661019483697775, 55: 0.00803091287827448, 56: 0.00500785944349982, 57: 0.0058636382214639834, 58: 0.003988311926103049, 59: 0.00649637536480634, 60: 0.007884470385123701, 61: 0.007607685371040982, 62: 0.006358254215800548, 63: 0.006101223875422372, 64: 0.0067658199047394155, 65: 0.005495084422440638, 66: 0.007858447233522095, 67: 0.006073124270251466, 68: 0.0046506006890840515, 69: 0.007805582373956481, 70: 0.007795169680757215, 71: 0.005855045662367116, 72: 0.005141740063822722, 73: 0.006550543440873949, 74: 0.006139935870200785}","[99, 96, 95, 94, 94, 93, 93, 92, 91, 90, 90, 90, 90, 89, 89, 88, 88, 88, 88, 87, 86, 86, 86, 85, 85, 85, 85, 85, 84, 84, 84, 83, 83, 83, 83, 83, 83, 82, 82, 82, 82, 81, 81, 81, 81, 81, 80, 80, 79, 79, 79, 78, 77, 77, 77, 77, 76, 76, 76, 75, 75, 75, 74, 73, 73, 73, 72, 72, 72, 72, 70, 69, 68, 66, 64]","dict_values([39, 44, 36, 43, 38, 46, 36, 34, 46, 46, 50, 48, 39, 43, 46, 40, 44, 41, 45, 44, 37, 43, 35, 40, 43, 47, 51, 42, 43, 45, 43, 46, 44, 49, 34, 33, 44, 46, 39, 37, 37, 39, 41, 42, 38, 48, 49, 40, 30, 43, 31, 43, 40, 43, 37, 45, 38, 39, 49, 43, 34, 30, 39, 44, 38, 45, 43, 36, 35, 36, 41, 48, 41, 50, 44])",0.04424476623535156
51,81.73333333333333,0.5563830963622869,"{0: 0.006991100215321271, 1: 0.006780905259256793, 2: 0.007208715734391024, 3: 0.003633686080336779, 4: 0.004578325259945127, 5: 0.005040586938652872, 6: 0.006980466350376534, 7: 0.005306242524055491, 8: 0.0075877801982430675, 9: 0.005377130481285248, 10: 0.005526699033095377, 11: 0.007235112611688095, 12: 0.004598039847225092, 13: 0.004310555225258167, 14: 0.006153538208405287, 15: 0.0044439263954008405, 16: 0.0051319730894921105, 17: 0.004618197616018438, 18: 0.007667784261062851, 19: 0.006270711437494869, 20: 0.007126756307445593, 21: 0.004849651052339485, 22: 0.00701193019748616, 23: 0.00691167864508705, 24: 0.005493528997151698, 25: 0.005224282632209535, 26: 0.005883034354005825, 27: 0.007267448717793097, 28: 0.005513104839515997, 29: 0.006652889224308413, 30: 0.003987890143639509, 31: 0.005976152540196079, 32: 0.005720874400309585, 33: 0.0044464820406905714, 34: 0.008350211096361543, 35: 0.00639119621002367, 36: 0.007584688676455459, 37: 0.004686420393955708, 38: 0.006314908246878718, 39: 0.005655076468252073, 40: 0.006799060912348823, 41: 0.006325310042543372, 42: 0.004769337420760095, 43: 0.00595205406428554, 44: 0.0059633063273529085, 45: 0.0073041305548338055, 46: 0.006445990359153458, 47: 0.006895578285729337, 48: 0.008951609590639351, 49: 0.005095158934824453, 50: 0.005336610156515812, 51: 0.005315600623119192, 52: 0.007708859384508328, 53: 0.006555933863347644, 54: 0.0064782244886181384, 55: 0.008153237928611577, 56: 0.004915140275343645, 57: 0.006073202277188412, 58: 0.0037802219082871476, 59: 0.006370075667540979, 60: 0.008175336143790657, 61: 0.007270440053973831, 62: 0.0062660290697403335, 63: 0.0063358373556414715, 64: 0.006437225287560436, 65: 0.005584133975330628, 66: 0.007891012377236174, 67: 0.005797175734897902, 68: 0.004759179962493491, 69: 0.007889757352605175, 70: 0.008057985862728097, 71: 0.00575087892287745, 72: 0.005078605800018136, 73: 0.006750783738920361, 74: 0.006292102675400559}","[98, 96, 94, 94, 94, 94, 93, 91, 90, 90, 90, 90, 89, 89, 89, 88, 87, 87, 87, 87, 86, 86, 86, 85, 85, 85, 85, 84, 84, 84, 84, 84, 84, 84, 83, 83, 83, 83, 82, 82, 82, 81, 81, 80, 80, 80, 79, 79, 79, 78, 78, 77, 77, 77, 76, 76, 76, 76, 76, 76, 76, 76, 74, 73, 73, 73, 72, 72, 72, 70, 70, 69, 68, 65, 64]","dict_values([39, 44, 36, 43, 38, 46, 36, 34, 46, 46, 50, 48, 39, 43, 46, 40, 44, 41, 45, 44, 37, 43, 35, 40, 43, 47, 51, 42, 43, 45, 43, 46, 44, 49, 34, 33, 44, 46, 39, 37, 37, 39, 41, 42, 38, 48, 49, 40, 30, 43, 31, 43, 40, 43, 37, 45, 38, 39, 49, 43, 34, 30, 39, 44, 38, 45, 43, 36, 35, 36, 41, 48, 41, 50, 44])",0.04404344158246158
51,81.44,0.5544276910089075,"{0: 0.006889888644090455, 1: 0.0069144049152169975, 2: 0.007203065261227679, 3: 0.0035477614136350797, 4: 0.004561374806044459, 5: 0.005004704540942605, 6: 0.007008993214683612, 7: 0.005548411919192019, 8: 0.007421222239356074, 9: 0.005519278914059492, 10: 0.00541093424121594, 11: 0.00732831713005938, 12: 0.0046248851103755945, 13: 0.0043663353262526, 14: 0.00635830888522154, 15: 0.004526965361186442, 16: 0.005171424549923831, 17: 0.004691988091144919, 18: 0.007815144972167383, 19: 0.006268741619286342, 20: 0.007155955226337295, 21: 0.005028780904732306, 22: 0.007097535089465265, 23: 0.0068138118124379705, 24: 0.0056625604033056585, 25: 0.0052919655448443945, 26: 0.006023587024369659, 27: 0.0073367911265583745, 28: 0.00558193027806828, 29: 0.006756476086812106, 30: 0.00394721126872962, 31: 0.005551961870493928, 32: 0.005803053078240144, 33: 0.0043116753741712895, 34: 0.00844041804366491, 35: 0.006625898246365784, 36: 0.007551377091384014, 37: 0.004765177774413061, 38: 0.006367248508793056, 39: 0.005735852048798628, 40: 0.007056940042601023, 41: 0.006325532155701404, 42: 0.0045516236806589965, 43: 0.0060820247291084525, 44: 0.006058618560905611, 45: 0.00738850788364031, 46: 0.006566636736784753, 47: 0.0068641767837711145, 48: 0.008477303102740629, 49: 0.0048680033228299235, 50: 0.005303006910895068, 51: 0.005366719801716014, 52: 0.007806854404304072, 53: 0.006434891578710547, 54: 0.006562956573158289, 55: 0.00850253945608185, 56: 0.004989954408787475, 57: 0.006282517224039836, 58: 0.0036854779626226417, 59: 0.006279275861736776, 60: 0.008257639214140012, 61: 0.00711945951120172, 62: 0.006175966058317701, 63: 0.006273325336670037, 64: 0.006730184052141074, 65: 0.005166881242702137, 66: 0.007797982554841422, 67: 0.006086127734394646, 68: 0.0047877980731138, 69: 0.007784945104798973, 70: 0.008282488322069261, 71: 0.0058731840495875876, 72: 0.005105382317660211, 73: 0.0068466950850378325, 74: 0.00627805439333909}","[96, 95, 95, 94, 94, 94, 93, 90, 90, 90, 90, 89, 88, 88, 88, 88, 87, 87, 86, 86, 86, 86, 86, 85, 85, 85, 85, 84, 84, 84, 84, 84, 84, 83, 83, 83, 83, 82, 82, 82, 81, 81, 81, 81, 80, 79, 79, 78, 78, 78, 78, 77, 77, 77, 76, 76, 76, 76, 76, 75, 75, 75, 74, 73, 73, 72, 72, 72, 72, 70, 69, 68, 68, 64, 63]","dict_values([39, 44, 36, 43, 38, 46, 36, 34, 46, 46, 50, 48, 39, 43, 46, 40, 44, 41, 45, 44, 37, 43, 35, 40, 43, 47, 51, 42, 43, 45, 43, 46, 44, 49, 34, 33, 44, 46, 39, 37, 37, 39, 41, 42, 38, 48, 49, 40, 30, 43, 31, 43, 40, 43, 37, 45, 38, 39, 49, 43, 34, 30, 39, 44, 38, 45, 43, 36, 35, 36, 41, 48, 41, 50, 44])",0.04276268811684378
51,81.57333333333334,0.5545943009652012,"{0: 0.007103414514729105, 1: 0.006883925136620233, 2: 0.006939070341716307, 3: 0.0038105656485293627, 4: 0.004610455299427888, 5: 0.005363531153647535, 6: 0.007069996344582868, 7: 0.005709763605224339, 8: 0.00727218040371055, 9: 0.005514483422676869, 10: 0.005434317114029192, 11: 0.006653498600900374, 12: 0.004574496705430474, 13: 0.004160975057834286, 14: 0.006218940385145898, 15: 0.004750227062824878, 16: 0.005207615198276275, 17: 0.004886702298616441, 18: 0.0077867822092100815, 19: 0.005962803740712368, 20: 0.006908049529806014, 21: 0.005172833541714489, 22: 0.007065818228189106, 23: 0.006770872864286484, 24: 0.005815745103436846, 25: 0.005115387867680923, 26: 0.006013215496118097, 27: 0.007568740028335964, 28: 0.005595024609262381, 29: 0.006924854537185346, 30: 0.003808740316039162, 31: 0.0055219310416549745, 32: 0.0057880371866667005, 33: 0.004473029774215135, 34: 0.008480070970058554, 35: 0.00647720344626955, 36: 0.007547868496928074, 37: 0.004711809791450945, 38: 0.006232813119945501, 39: 0.005732494240158108, 40: 0.0069738643781156, 41: 0.006540026944004857, 42: 0.0043970645312895636, 43: 0.006098464476757064, 44: 0.006076379693941586, 45: 0.007388699668215034, 46: 0.00620954896886293, 47: 0.006844639805314758, 48: 0.008120454333202621, 49: 0.005177367228197263, 50: 0.00531062787464288, 51: 0.005102272307007127, 52: 0.007698853504292481, 53: 0.0066175135087050375, 54: 0.006544605106951068, 55: 0.0089062176407684, 56: 0.004894522084677506, 57: 0.006066840031221771, 58: 0.003809358360939011, 59: 0.006281791360596888, 60: 0.008101763942401021, 61: 0.007363817779218282, 62: 0.005998938173498938, 63: 0.00642659813587668, 64: 0.006849204508774167, 65: 0.005210906095056738, 66: 0.007842704929727901, 67: 0.006020735301568648, 68: 0.004789121571544228, 69: 0.007629658904235277, 70: 0.008231708644845398, 71: 0.006038771449777135, 72: 0.00501471670944384, 73: 0.006943805104526941, 74: 0.005965661579268217}","[97, 96, 94, 94, 94, 94, 93, 91, 90, 90, 90, 88, 88, 88, 87, 87, 87, 86, 86, 86, 86, 86, 85, 85, 85, 85, 85, 85, 84, 84, 84, 84, 84, 83, 83, 83, 83, 82, 82, 81, 81, 81, 81, 81, 80, 79, 79, 79, 79, 78, 78, 77, 77, 77, 76, 76, 76, 76, 76, 76, 76, 75, 75, 75, 74, 73, 72, 72, 71, 71, 70, 69, 67, 66, 64]","dict_values([39, 44, 36, 43, 38, 46, 36, 34, 46, 46, 50, 48, 39, 43, 46, 40, 44, 41, 45, 44, 37, 43, 35, 40, 43, 47, 51, 42, 43, 45, 43, 46, 44, 49, 34, 33, 44, 46, 39, 37, 37, 39, 41, 42, 38, 48, 49, 40, 30, 43, 31, 43, 40, 43, 37, 45, 38, 39, 49, 43, 34, 30, 39, 44, 38, 45, 43, 36, 35, 36, 41, 48, 41, 50, 44])",0.049835847916763015
52,81.81333333333333,0.5562734502813171,"{0: 0.007105704147020542, 1: 0.0067040341284862635, 2: 0.006823709186112627, 3: 0.003889985418590102, 4: 0.004609668499644184, 5: 0.005407992417777802, 6: 0.006994607813837202, 7: 0.005664120825887707, 8: 0.007143297446787247, 9: 0.005441117706413841, 10: 0.005327122140999004, 11: 0.006589945199783482, 12: 0.0045212373745115615, 13: 0.0041088524647977425, 14: 0.00636894223398943, 15: 0.004715346507639875, 16: 0.005100340428932405, 17: 0.004799321495459196, 18: 0.0077074976106862115, 19: 0.0060088551342967434, 20: 0.0068795976734317196, 21: 0.004925544563285071, 22: 0.006885345109153307, 23: 0.006703542547619225, 24: 0.005814176783165033, 25: 0.0052521345307829075, 26: 0.005930412617796389, 27: 0.007469748950954048, 28: 0.00575984638098981, 29: 0.007127338725374131, 30: 0.003771933400238909, 31: 0.005471645536561703, 32: 0.00630968887626514, 33: 0.004454494712630002, 34: 0.008760189079976275, 35: 0.006214175415674759, 36: 0.007324776302176184, 37: 0.004636901705713867, 38: 0.0059384832801083415, 39: 0.0058240999815015, 40: 0.00670146347209134, 41: 0.006412461303265451, 42: 0.0044834847296606, 43: 0.006035586397565469, 44: 0.006276182581681629, 45: 0.0075517218061246765, 46: 0.005994382365660799, 47: 0.006772702990614537, 48: 0.008013594898884865, 49: 0.00532993647679958, 50: 0.0053724671228060255, 51: 0.005442207068380933, 52: 0.007830617006594513, 53: 0.006666355359811715, 54: 0.006354282716684959, 55: 0.008941885647282653, 56: 0.0049551222942253855, 57: 0.006025338419193478, 58: 0.0037452692810944484, 59: 0.00614338283713471, 60: 0.008042261427470122, 61: 0.00725113043159242, 62: 0.005858726611338287, 63: 0.006545491547389953, 64: 0.006785767087917476, 65: 0.00515711773519838, 66: 0.007289470119021817, 67: 0.006069049591698605, 68: 0.004755005628181984, 69: 0.008011797536612231, 70: 0.00828907456547204, 71: 0.005867276073016178, 72: 0.004961224190435484, 73: 0.007067879573713297, 74: 0.005973968209791914}","[98, 98, 95, 94, 94, 93, 92, 91, 91, 90, 90, 89, 88, 88, 87, 87, 87, 86, 86, 86, 86, 86, 85, 85, 85, 85, 85, 85, 85, 85, 84, 84, 84, 84, 83, 83, 82, 82, 82, 82, 82, 82, 81, 81, 80, 79, 79, 79, 79, 79, 78, 78, 78, 77, 77, 77, 76, 76, 76, 76, 76, 76, 75, 75, 75, 73, 72, 72, 72, 71, 70, 69, 67, 67, 64]","dict_values([39, 44, 36, 43, 38, 46, 36, 34, 46, 46, 50, 48, 39, 43, 46, 40, 44, 41, 45, 44, 37, 43, 35, 40, 43, 47, 51, 42, 43, 45, 43, 46, 44, 49, 34, 33, 44, 46, 39, 37, 37, 39, 41, 42, 38, 48, 49, 40, 30, 43, 31, 43, 40, 43, 37, 45, 38, 39, 49, 43, 34, 30, 39, 44, 38, 45, 43, 36, 35, 36, 41, 48, 41, 50, 44])",0.048482973504519015
52,81.94666666666667,0.557368383771647,"{0: 0.007065955071695483, 1: 0.006517892860078197, 2: 0.006930173241061599, 3: 0.0035396426607942643, 4: 0.004574948206582608, 5: 0.005110694001837126, 6: 0.006868373825120328, 7: 0.005540837105532286, 8: 0.0069577051729411594, 9: 0.00543387341269744, 10: 0.005131633395237143, 11: 0.006569500345679093, 12: 0.0048334665734126375, 13: 0.003975711410009773, 14: 0.006497010339418024, 15: 0.004570441729517473, 16: 0.005110085401360381, 17: 0.0047711741029549445, 18: 0.007817900925352476, 19: 0.006290908330956621, 20: 0.006699702438356856, 21: 0.004911431477150852, 22: 0.006857992201582767, 23: 0.006857387125514202, 24: 0.005735799592977226, 25: 0.005246669374949373, 26: 0.006101718567463427, 27: 0.007261290881389725, 28: 0.005711968173791479, 29: 0.007169283872372627, 30: 0.0037647693007842637, 31: 0.00574479263875999, 32: 0.006363730409568485, 33: 0.004606955909844381, 34: 0.008606811411684167, 35: 0.006356396554438651, 36: 0.00728427228700052, 37: 0.004525865187943275, 38: 0.005878937845259613, 39: 0.005867397621824665, 40: 0.0064338417276594215, 41: 0.006352147123692473, 42: 0.004226135939276911, 43: 0.0058886225717662355, 44: 0.006247246950491153, 45: 0.007650995236906414, 46: 0.0059442834076011315, 47: 0.006770611794478937, 48: 0.007622802100476701, 49: 0.005356870622143073, 50: 0.005501067668032001, 51: 0.005394590865229123, 52: 0.007611987727444449, 53: 0.006860796779338215, 54: 0.006452863063981556, 55: 0.008914791842398143, 56: 0.005149842032254084, 57: 0.006351549851001548, 58: 0.003670066241787277, 59: 0.006072683540503289, 60: 0.007898385222197232, 61: 0.0073077863572608825, 62: 0.006130751938386733, 63: 0.006533389273189001, 64: 0.006804240959071679, 65: 0.004917007732111774, 66: 0.007292528262506317, 67: 0.006184318291121101, 68: 0.004891872171427044, 69: 0.008038271768910029, 70: 0.008265179554017782, 71: 0.006080974977572769, 72: 0.004779128496192876, 73: 0.007205106166262751, 74: 0.006070037100509816}","[98, 97, 95, 94, 93, 92, 92, 92, 92, 91, 90, 89, 88, 88, 87, 87, 87, 87, 86, 86, 86, 86, 86, 86, 86, 85, 85, 85, 85, 85, 84, 84, 84, 84, 84, 84, 83, 83, 83, 83, 82, 82, 82, 81, 81, 80, 79, 79, 79, 78, 78, 78, 78, 78, 77, 77, 77, 77, 77, 77, 76, 75, 75, 74, 74, 73, 73, 72, 72, 71, 69, 68, 67, 65, 63]","dict_values([39, 44, 36, 43, 38, 46, 36, 34, 46, 46, 50, 48, 39, 43, 46, 40, 44, 41, 45, 44, 37, 43, 35, 40, 43, 47, 51, 42, 43, 45, 43, 46, 44, 49, 34, 33, 44, 46, 39, 37, 37, 39, 41, 42, 38, 48, 49, 40, 30, 43, 31, 43, 40, 43, 37, 45, 38, 39, 49, 43, 34, 30, 39, 44, 38, 45, 43, 36, 35, 36, 41, 48, 41, 50, 44])",0.040846612460499934
52,82.08,0.5581037452422442,"{0: 0.007049386355928187, 1: 0.0066279512055721, 2: 0.006728272667896227, 3: 0.0036090304354427227, 4: 0.004496310045013194, 5: 0.00522482389023329, 6: 0.006809627213376496, 7: 0.005601504913510307, 8: 0.006960152626233858, 9: 0.005519239695045742, 10: 0.004931485319052807, 11: 0.006682628511958994, 12: 0.004647608012816859, 13: 0.0038491292704643937, 14: 0.006352981620592263, 15: 0.004710133266206498, 16: 0.005078346553558713, 17: 0.004497475737472292, 18: 0.007677828812031552, 19: 0.006268737486514576, 20: 0.006716375793580751, 21: 0.005147549848739757, 22: 0.0069291675453694015, 23: 0.006966624998267633, 24: 0.005779195599978147, 25: 0.005101489717979283, 26: 0.0064067521689244455, 27: 0.007596562911322006, 28: 0.00573243097645065, 29: 0.007111804538675649, 30: 0.0037822680763803613, 31: 0.005557473944645008, 32: 0.006330130893754375, 33: 0.004625674233061701, 34: 0.008501411872350253, 35: 0.006179344778775446, 36: 0.007279714119133718, 37: 0.004606910788399519, 38: 0.005854780781077492, 39: 0.006008465932439049, 40: 0.006313437730843096, 41: 0.006294899884338258, 42: 0.0042013354661786665, 43: 0.005933093001002601, 44: 0.0061139306564455785, 45: 0.00726011845686602, 46: 0.005874354688707062, 47: 0.007114140804438806, 48: 0.007605878252019566, 49: 0.005362538321527159, 50: 0.00544358816507942, 51: 0.005462910049387636, 52: 0.007581678114169465, 53: 0.006537373415897753, 54: 0.006305757424311259, 55: 0.008864525557711963, 56: 0.005226969436265412, 57: 0.006537180629097043, 58: 0.003764305990911336, 59: 0.006115242556535279, 60: 0.007903498429823479, 61: 0.007287991400117431, 62: 0.006292265760084571, 63: 0.00622573554963631, 64: 0.006912811878587557, 65: 0.004861412877777696, 66: 0.007435368988936902, 67: 0.006228780821814039, 68: 0.004884469578448759, 69: 0.008190148334360393, 70: 0.008456974779160631, 71: 0.006127357368587507, 72: 0.004429842721554196, 73: 0.007172058600858666, 74: 0.005749534375024336}","[98, 96, 95, 94, 93, 93, 92, 92, 91, 91, 90, 90, 89, 88, 88, 88, 87, 87, 86, 86, 86, 86, 86, 86, 86, 86, 85, 85, 85, 85, 85, 85, 84, 84, 84, 83, 83, 83, 83, 83, 82, 82, 82, 82, 80, 80, 79, 79, 79, 79, 79, 79, 78, 77, 77, 77, 77, 77, 77, 76, 76, 76, 75, 74, 74, 73, 73, 72, 72, 71, 70, 68, 67, 66, 64]","dict_values([39, 44, 36, 43, 38, 46, 36, 34, 46, 46, 50, 48, 39, 43, 46, 40, 44, 41, 45, 44, 37, 43, 35, 40, 43, 47, 51, 42, 43, 45, 43, 46, 44, 49, 34, 33, 44, 46, 39, 37, 37, 39, 41, 42, 38, 48, 49, 40, 30, 43, 31, 43, 40, 43, 37, 45, 38, 39, 49, 43, 34, 30, 39, 44, 38, 45, 43, 36, 35, 36, 41, 48, 41, 50, 44])",0.04594248900474178
51,82.0,0.5577287972224965,"{0: 0.007018831036181147, 1: 0.006619131586890735, 2: 0.006830053144941677, 3: 0.0036122449900645374, 4: 0.00472840102909779, 5: 0.005364275002722265, 6: 0.006628099854469607, 7: 0.005602826963175449, 8: 0.006870778816644866, 9: 0.0056247995709928006, 10: 0.004830220824046884, 11: 0.006696873137692266, 12: 0.00439376497908786, 13: 0.004227623794547789, 14: 0.006511480064912889, 15: 0.004968150959507518, 16: 0.004950587472508796, 17: 0.004127584419008503, 18: 0.007464527576225904, 19: 0.006014847023596225, 20: 0.007065601137906148, 21: 0.005151405750062141, 22: 0.006724903674925567, 23: 0.007195364257031309, 24: 0.005825016650396152, 25: 0.005167356850753041, 26: 0.006420648167833144, 27: 0.007849849024966047, 28: 0.005723356978920899, 29: 0.007397124172361588, 30: 0.003783851173165907, 31: 0.005488953471722438, 32: 0.006039737644550555, 33: 0.004620458210723211, 34: 0.008496290427383273, 35: 0.006249122649608959, 36: 0.007484146222379699, 37: 0.004506252307534183, 38: 0.006046659974266067, 39: 0.00599844038923615, 40: 0.00631449851371123, 41: 0.0061120869157812304, 42: 0.004151392236217776, 43: 0.006157898781222568, 44: 0.0058425845086923665, 45: 0.0072977451776002214, 46: 0.005775104467163825, 47: 0.007102234084178795, 48: 0.007614406899450897, 49: 0.005348389802766469, 50: 0.005506776960746117, 51: 0.005346317040046548, 52: 0.007612379243685932, 53: 0.006824566383418138, 54: 0.006461725666275432, 55: 0.008603655397580373, 56: 0.005227077812674913, 57: 0.006394161392180291, 58: 0.0037693897083079858, 59: 0.0063223450601362545, 60: 0.007654595572490558, 61: 0.0069534132159721155, 62: 0.006045521565948053, 63: 0.00639133126466244, 64: 0.00713977459324626, 65: 0.004973245819390789, 66: 0.007449972908464168, 67: 0.006278508143614072, 68: 0.005036070623914505, 69: 0.008196817736039416, 70: 0.0083237852456191, 71: 0.005893991038732397, 72: 0.0044890173761945335, 73: 0.007444396608520803, 74: 0.0057888239484613834}","[97, 96, 94, 94, 93, 93, 91, 90, 90, 90, 90, 90, 89, 89, 89, 89, 88, 88, 87, 86, 86, 86, 86, 86, 86, 86, 86, 85, 85, 85, 84, 84, 84, 84, 84, 84, 83, 83, 83, 82, 82, 82, 81, 81, 80, 80, 79, 79, 79, 79, 79, 78, 78, 78, 77, 77, 77, 77, 76, 76, 75, 75, 75, 74, 74, 73, 72, 72, 72, 71, 70, 69, 68, 66, 64]","dict_values([39, 44, 36, 43, 38, 46, 36, 34, 46, 46, 50, 48, 39, 43, 46, 40, 44, 41, 45, 44, 37, 43, 35, 40, 43, 47, 51, 42, 43, 45, 43, 46, 44, 49, 34, 33, 44, 46, 39, 37, 37, 39, 41, 42, 38, 48, 49, 40, 30, 43, 31, 43, 40, 43, 37, 45, 38, 39, 49, 43, 34, 30, 39, 44, 38, 45, 43, 36, 35, 36, 41, 48, 41, 50, 44])",0.04734123868067944
51,82.10666666666667,0.5588052669220687,"{0: 0.00712064990191927, 1: 0.006634488121186753, 2: 0.006693318916921782, 3: 0.003466189169017546, 4: 0.004659152143570372, 5: 0.005465039385984827, 6: 0.00662159313002563, 7: 0.005511088035497952, 8: 0.007051291087940855, 9: 0.0055798287135455675, 10: 0.004895723156861851, 11: 0.006098229386552966, 12: 0.0044107981454393885, 13: 0.004194163062507845, 14: 0.006181693563153005, 15: 0.0050244396395756116, 16: 0.004964956389703958, 17: 0.00419752350219553, 18: 0.007611853892339416, 19: 0.006035649526197393, 20: 0.006889133486352338, 21: 0.00508642959782611, 22: 0.007012573232875717, 23: 0.007305509936551345, 24: 0.0056952472016178445, 25: 0.005166898234140754, 26: 0.006246329195781651, 27: 0.007996457326850595, 28: 0.00565073106330307, 29: 0.0074694666216381525, 30: 0.003739896988086033, 31: 0.005453023820446831, 32: 0.006028253697338228, 33: 0.004529218457024402, 34: 0.008434469600947882, 35: 0.0062585015462871445, 36: 0.0075758209465390525, 37: 0.004602589609891367, 38: 0.006158606067763732, 39: 0.0061043883364665374, 40: 0.006259504655655202, 41: 0.005771348412629247, 42: 0.004067667237424885, 43: 0.006033477502575834, 44: 0.00597981372703115, 45: 0.007222580783470439, 46: 0.005765813711449534, 47: 0.0072681771667965625, 48: 0.007752721267055153, 49: 0.005375251779904659, 50: 0.005438139301177277, 51: 0.005528894945828115, 52: 0.007648946764539706, 53: 0.006955335319987095, 54: 0.006527806606584679, 55: 0.008307055141923316, 56: 0.005301016950960028, 57: 0.006221000163532894, 58: 0.003832438698979956, 59: 0.006608466778090179, 60: 0.007807733325514344, 61: 0.006958058446200017, 62: 0.0059517068124410565, 63: 0.006391766036836373, 64: 0.007072831406691374, 65: 0.004589493879609664, 66: 0.0074418927982442, 67: 0.006211535658453272, 68: 0.004907824097463798, 69: 0.008154670810243398, 70: 0.008624378907705819, 71: 0.006013297935293233, 72: 0.004400094131542432, 73: 0.0072903199080053, 74: 0.00592090169355231}","[96, 95, 95, 94, 94, 93, 91, 91, 91, 91, 91, 90, 90, 90, 90, 89, 89, 88, 87, 87, 87, 86, 86, 86, 86, 85, 85, 85, 85, 85, 85, 84, 84, 84, 84, 83, 83, 83, 83, 82, 82, 81, 81, 81, 81, 80, 80, 79, 79, 79, 79, 79, 78, 77, 77, 77, 77, 76, 76, 76, 75, 75, 75, 74, 73, 73, 73, 72, 71, 71, 70, 69, 69, 65, 65]","dict_values([39, 44, 36, 43, 38, 46, 36, 34, 46, 46, 50, 48, 39, 43, 46, 40, 44, 41, 45, 44, 37, 43, 35, 40, 43, 47, 51, 42, 43, 45, 43, 46, 44, 49, 34, 33, 44, 46, 39, 37, 37, 39, 41, 42, 38, 48, 49, 40, 30, 43, 31, 43, 40, 43, 37, 45, 38, 39, 49, 43, 34, 30, 39, 44, 38, 45, 43, 36, 35, 36, 41, 48, 41, 50, 44])",0.043127595595934695
51,82.21333333333334,0.560127931534539,"{0: 0.006874314912232656, 1: 0.0068749969797151965, 2: 0.00683816502159991, 3: 0.003199238549114878, 4: 0.004730817409048603, 5: 0.005232209110629466, 6: 0.0061740546907330844, 7: 0.005572906460807236, 8: 0.007111062642421004, 9: 0.005843454147247141, 10: 0.004686142296022587, 11: 0.006373322837468755, 12: 0.00436183964219898, 13: 0.004203429281503767, 14: 0.0060694600390551155, 15: 0.004882706307827249, 16: 0.004887460203714904, 17: 0.004149697167898125, 18: 0.007311046071337306, 19: 0.006121230731839039, 20: 0.006862075944846078, 21: 0.004896856946548794, 22: 0.006945422271824513, 23: 0.007203114482636753, 24: 0.00580992397350422, 25: 0.0051730182389799545, 26: 0.006222059486789038, 27: 0.00801009423030351, 28: 0.005587869709723703, 29: 0.007629959097629154, 30: 0.0036980099713356217, 31: 0.005469316431884371, 32: 0.006103326975883177, 33: 0.004698786401945277, 34: 0.008597897306928197, 35: 0.006424268336384121, 36: 0.0077569980014939284, 37: 0.004742113622452155, 38: 0.006140823892546962, 39: 0.006207126776485034, 40: 0.0063335111644573245, 41: 0.005750903107645562, 42: 0.004075117486514848, 43: 0.006220459166624191, 44: 0.005883981486273909, 45: 0.007347320570610323, 46: 0.005909467085194029, 47: 0.007379764796503384, 48: 0.007880219362435619, 49: 0.004958943949366528, 50: 0.005349034223039817, 51: 0.005387031488447195, 52: 0.007885826154469833, 53: 0.007049991225150896, 54: 0.006840938083985967, 55: 0.008641823051806797, 56: 0.005312806786258218, 57: 0.0060252837688196045, 58: 0.0037628152179982562, 59: 0.006745045999647129, 60: 0.0077724645746578315, 61: 0.006927177888138926, 62: 0.005878484153019571, 63: 0.006543176219236316, 64: 0.0069073192329963595, 65: 0.004527171507781738, 66: 0.007191982006472184, 67: 0.006235283068327334, 68: 0.004900847783180815, 69: 0.007957470787394078, 70: 0.008831713893334994, 71: 0.005665452578520475, 72: 0.0043372643102923625, 73: 0.006617783478904716, 74: 0.0059722178473209375}","[97, 97, 96, 95, 95, 92, 91, 91, 91, 91, 91, 90, 90, 90, 90, 89, 88, 88, 88, 87, 87, 87, 87, 86, 86, 86, 86, 86, 86, 85, 85, 84, 84, 84, 84, 83, 83, 83, 83, 82, 82, 81, 81, 81, 80, 80, 80, 80, 80, 79, 79, 77, 77, 77, 77, 77, 76, 76, 76, 76, 75, 75, 74, 74, 74, 74, 73, 72, 72, 71, 70, 69, 69, 65, 63]","dict_values([39, 44, 36, 43, 38, 46, 36, 34, 46, 46, 50, 48, 39, 43, 46, 40, 44, 41, 45, 44, 37, 43, 35, 40, 43, 47, 51, 42, 43, 45, 43, 46, 44, 49, 34, 33, 44, 46, 39, 37, 37, 39, 41, 42, 38, 48, 49, 40, 30, 43, 31, 43, 40, 43, 37, 45, 38, 39, 49, 43, 34, 30, 39, 44, 38, 45, 43, 36, 35, 36, 41, 48, 41, 50, 44])",0.04821160983573822
51,82.37333333333333,0.5613168484535852,"{0: 0.006566571511514982, 1: 0.006857569435916195, 2: 0.006787729884723781, 3: 0.003328972408144123, 4: 0.00481383799149602, 5: 0.005463995490830661, 6: 0.006134940141350145, 7: 0.005531318299913999, 8: 0.006949357709412468, 9: 0.0057832615152018565, 10: 0.0048683804662581626, 11: 0.006476670265420872, 12: 0.004213563996895834, 13: 0.0038466950579964377, 14: 0.006179768448480807, 15: 0.004862443314775506, 16: 0.004723460443835426, 17: 0.004427208398692741, 18: 0.007425748501546084, 19: 0.006240115615248352, 20: 0.0069425513265866925, 21: 0.004856757160731572, 22: 0.006864679947127998, 23: 0.007098672905958594, 24: 0.005685970016413101, 25: 0.004975919330809942, 26: 0.006302571470818801, 27: 0.007767180438276628, 28: 0.005867075345101837, 29: 0.007600697508309656, 30: 0.0036153619135382577, 31: 0.0056948196817686045, 32: 0.0063056875726966305, 33: 0.00476322903424054, 34: 0.008516037937928031, 35: 0.006532211576587401, 36: 0.00793125392165488, 37: 0.004559256360675403, 38: 0.006122551418882694, 39: 0.0061743353301321685, 40: 0.006027887840298082, 41: 0.005316345255397001, 42: 0.003875743694805684, 43: 0.006042390159781493, 44: 0.006004965114063691, 45: 0.007315500957501771, 46: 0.005848356616652604, 47: 0.007562100881088709, 48: 0.007855442728109232, 49: 0.005206096789773934, 50: 0.005395126060334219, 51: 0.00557270171841094, 52: 0.008045464728187252, 53: 0.006887727479140654, 54: 0.006941612410396657, 55: 0.00854830492038678, 56: 0.005050654458558826, 57: 0.006114795563924363, 58: 0.003868210877586291, 59: 0.006723217963887429, 60: 0.007765363258984626, 61: 0.006809910803168331, 62: 0.005921584092332373, 63: 0.00625356034251769, 64: 0.007132764932442421, 65: 0.004488210430530176, 66: 0.007282885602556129, 67: 0.006379040657223097, 68: 0.005325016684013432, 69: 0.007978789634928653, 70: 0.008595467234851948, 71: 0.005273557928646894, 72: 0.004202241708740914, 73: 0.006579258789621364, 74: 0.0057232829517933695}","[97, 97, 96, 95, 95, 93, 92, 92, 91, 91, 91, 90, 90, 90, 89, 89, 89, 89, 88, 87, 87, 87, 87, 87, 87, 87, 86, 85, 85, 85, 85, 84, 84, 84, 84, 84, 84, 84, 82, 82, 82, 81, 81, 81, 81, 80, 80, 80, 80, 80, 80, 78, 78, 78, 78, 77, 77, 77, 76, 75, 74, 74, 74, 74, 73, 73, 73, 73, 72, 70, 70, 69, 68, 66, 64]","dict_values([39, 44, 36, 43, 38, 46, 36, 34, 46, 46, 50, 48, 39, 43, 46, 40, 44, 41, 45, 44, 37, 43, 35, 40, 43, 47, 51, 42, 43, 45, 43, 46, 44, 49, 34, 33, 44, 46, 39, 37, 37, 39, 41, 42, 38, 48, 49, 40, 30, 43, 31, 43, 40, 43, 37, 45, 38, 39, 49, 43, 34, 30, 39, 44, 38, 45, 43, 36, 35, 36, 41, 48, 41, 50, 44])",0.0410358668867621
51,82.34666666666666,0.5610381913000272,"{0: 0.006824320408532415, 1: 0.006892559166592087, 2: 0.0067381068287975625, 3: 0.003271549017421017, 4: 0.004648398160981424, 5: 0.005439083053511951, 6: 0.006161796777339669, 7: 0.005654576579612303, 8: 0.007047922034714183, 9: 0.005816640434589484, 10: 0.005080150486318106, 11: 0.006521408144978122, 12: 0.004110013628643267, 13: 0.003975343052419307, 14: 0.006293057283583269, 15: 0.0049602309137117655, 16: 0.004776975948828923, 17: 0.004516688615762866, 18: 0.007340717841013067, 19: 0.00633326735347377, 20: 0.007024231010163647, 21: 0.005008730802988935, 22: 0.007224918465580633, 23: 0.00699418788138727, 24: 0.005806048311608554, 25: 0.0047461604224297, 26: 0.006127818831960111, 27: 0.007503687467767231, 28: 0.00574992900563175, 29: 0.007664936202587197, 30: 0.0035440441677436953, 31: 0.00575944196596424, 32: 0.006231156786762062, 33: 0.004667184403954626, 34: 0.008487977856754822, 35: 0.006155008729290611, 36: 0.00827909525122351, 37: 0.004605334371065303, 38: 0.006153181624438443, 39: 0.005949547329319737, 40: 0.005527424838438217, 41: 0.005676107123606345, 42: 0.004067014882608218, 43: 0.0060108429346567875, 44: 0.006087182081438334, 45: 0.007326018552882139, 46: 0.005869284810122669, 47: 0.007386548578226811, 48: 0.007864997834273, 49: 0.005283390158518619, 50: 0.0051640852134325075, 51: 0.005618496479718144, 52: 0.008216752153874475, 53: 0.006857061768860235, 54: 0.007019113211589565, 55: 0.008349161100816141, 56: 0.005246411328231249, 57: 0.005809305793247592, 58: 0.0040476989770440695, 59: 0.006502711813340186, 60: 0.0074292347686166806, 61: 0.0069739358681143275, 62: 0.00569738678653357, 63: 0.006464532163727163, 64: 0.007180696986704775, 65: 0.004493332015006539, 66: 0.007279990093077254, 67: 0.006176820049548906, 68: 0.0054558388989252955, 69: 0.007788797798274269, 70: 0.008633198848279879, 71: 0.005100181837617222, 72: 0.004245307124589274, 73: 0.006692024623325851, 74: 0.006130812873290759}","[97, 97, 96, 95, 95, 94, 93, 93, 91, 91, 91, 90, 90, 89, 89, 89, 88, 88, 88, 88, 88, 87, 87, 87, 86, 86, 86, 86, 86, 85, 85, 85, 84, 84, 84, 84, 83, 83, 83, 82, 82, 81, 81, 80, 80, 80, 80, 80, 80, 79, 79, 79, 77, 77, 77, 77, 77, 76, 76, 76, 75, 75, 75, 73, 73, 73, 72, 72, 72, 71, 71, 69, 68, 67, 63]","dict_values([39, 44, 36, 43, 38, 46, 36, 34, 46, 46, 50, 48, 39, 43, 46, 40, 44, 41, 45, 44, 37, 43, 35, 40, 43, 47, 51, 42, 43, 45, 43, 46, 44, 49, 34, 33, 44, 46, 39, 37, 37, 39, 41, 42, 38, 48, 49, 40, 30, 43, 31, 43, 40, 43, 37, 45, 38, 39, 49, 43, 34, 30, 39, 44, 38, 45, 43, 36, 35, 36, 41, 48, 41, 50, 44])",0.042399418440763524
51,82.53333333333333,0.562302384611905,"{0: 0.006792516573653604, 1: 0.0070079109182976974, 2: 0.006455226211159356, 3: 0.0030901494652187163, 4: 0.004740608562976669, 5: 0.005662827472712885, 6: 0.006038216839071379, 7: 0.005626248163687793, 8: 0.0068496038001761754, 9: 0.006120962487822187, 10: 0.0050498821227872095, 11: 0.006643904884476141, 12: 0.004068547658125451, 13: 0.003994738440024308, 14: 0.00607773118781398, 15: 0.005044628123590895, 16: 0.004654426606938558, 17: 0.004600267099782137, 18: 0.007543532982754646, 19: 0.006353532484800922, 20: 0.006963018024205456, 21: 0.0048948103616513515, 22: 0.006877251487083211, 23: 0.0069409037810124335, 24: 0.005758833712286566, 25: 0.0045126206892903776, 26: 0.006118544117569633, 27: 0.007306906597063983, 28: 0.005969517840909235, 29: 0.007519482211987173, 30: 0.003774792072409783, 31: 0.0056092731906196595, 32: 0.006160371632052424, 33: 0.004855116479860054, 34: 0.008369899394229517, 35: 0.006281631406140354, 36: 0.007893724711755902, 37: 0.004569986610231338, 38: 0.006296053147420145, 39: 0.0062148043502387226, 40: 0.005319289428291887, 41: 0.0055228144826289845, 42: 0.004190699017803749, 43: 0.0062918153168819236, 44: 0.00630106690994685, 45: 0.007312652416749379, 46: 0.005578707433267415, 47: 0.007399877324132934, 48: 0.007811805330768473, 49: 0.00494831021913149, 50: 0.005268501788112714, 51: 0.0058081130470973895, 52: 0.008173069004436099, 53: 0.006789230236687046, 54: 0.006795947648950155, 55: 0.008391977227474472, 56: 0.005276721948159958, 57: 0.005472189052377455, 58: 0.003790804239407673, 59: 0.0064538890555805835, 60: 0.007411991307811995, 61: 0.0069267533872846105, 62: 0.005757125183027262, 63: 0.006567206538513533, 64: 0.007224383405822779, 65: 0.0045077974507183455, 66: 0.007467374047353859, 67: 0.005785729041187971, 68: 0.005642960771495764, 69: 0.007793362874053078, 70: 0.008942588383356622, 71: 0.00518385661818555, 72: 0.00408038833136399, 73: 0.0069588149618379485, 74: 0.006010493291906223}","[97, 97, 96, 96, 95, 94, 93, 92, 91, 91, 91, 91, 90, 90, 90, 89, 89, 88, 88, 88, 88, 88, 88, 87, 86, 86, 86, 86, 85, 85, 85, 85, 85, 84, 84, 83, 83, 83, 82, 82, 82, 82, 81, 81, 81, 81, 81, 81, 81, 79, 79, 78, 78, 78, 78, 77, 77, 76, 76, 76, 75, 75, 74, 74, 73, 73, 73, 72, 72, 72, 71, 70, 69, 65, 62]","dict_values([39, 44, 36, 43, 38, 46, 36, 34, 46, 46, 50, 48, 39, 43, 46, 40, 44, 41, 45, 44, 37, 43, 35, 40, 43, 47, 51, 42, 43, 45, 43, 46, 44, 49, 34, 33, 44, 46, 39, 37, 37, 39, 41, 42, 38, 48, 49, 40, 30, 43, 31, 43, 40, 43, 37, 45, 38, 39, 49, 43, 34, 30, 39, 44, 38, 45, 43, 36, 35, 36, 41, 48, 41, 50, 44])",0.04406565386351949
51,82.74666666666667,0.5638350117281483,"{0: 0.006662666070357286, 1: 0.006995740443484993, 2: 0.006459210207441572, 3: 0.0030662017630639525, 4: 0.004678594251585043, 5: 0.00569150359795028, 6: 0.006121521331150214, 7: 0.005428452851861072, 8: 0.00653522652401406, 9: 0.0062903082311536905, 10: 0.005005309327769401, 11: 0.006510152715133305, 12: 0.004077511173155044, 13: 0.004139910015920861, 14: 0.006170604908117674, 15: 0.0050047107767402805, 16: 0.004711500352421731, 17: 0.004510740606475534, 18: 0.007526205081361845, 19: 0.006359741556296594, 20: 0.006967598291544176, 21: 0.0048568997649427684, 22: 0.007051427548323257, 23: 0.00646499276596847, 24: 0.005725167774683027, 25: 0.004715951756500441, 26: 0.006365571553265497, 27: 0.006920124237101033, 28: 0.0060661690840599575, 29: 0.007626015421945641, 30: 0.0038976920783149525, 31: 0.005676300921277253, 32: 0.005985760626486344, 33: 0.00488667636329319, 34: 0.00832591586375466, 35: 0.006401807833696114, 36: 0.007894919692071957, 37: 0.004395693851035681, 38: 0.0061647955777222084, 39: 0.006277244325796423, 40: 0.005168762769260765, 41: 0.005489050763333914, 42: 0.004207750056739777, 43: 0.0061387293501637555, 44: 0.006109399065743611, 45: 0.007146628101887688, 46: 0.005634462321726828, 47: 0.007223497440614255, 48: 0.008138788085770659, 49: 0.005089350118575732, 50: 0.005327439642986663, 51: 0.0058354091348851314, 52: 0.008052483390454937, 53: 0.0068264094668342625, 54: 0.0069121530398148796, 55: 0.008342679776402268, 56: 0.005347485160694845, 57: 0.005481960857253522, 58: 0.00329423999176488, 59: 0.006386303694287512, 60: 0.007527104275772727, 61: 0.006877634730098715, 62: 0.005816327819368494, 63: 0.006794858540354606, 64: 0.0071948479963624, 65: 0.004565696003656166, 66: 0.00723117450619303, 67: 0.0057299895340200396, 68: 0.005512613846406069, 69: 0.00807952363861076, 70: 0.008971966191789766, 71: 0.004811702104555907, 72: 0.004046790337960366, 73: 0.007216562214826437, 74: 0.005838066551503028}","[97, 97, 97, 96, 96, 94, 93, 92, 92, 92, 91, 91, 91, 91, 90, 90, 89, 88, 88, 88, 88, 88, 87, 87, 86, 86, 85, 85, 85, 85, 85, 85, 85, 84, 84, 84, 84, 83, 83, 83, 82, 82, 82, 81, 81, 81, 81, 80, 80, 80, 80, 80, 79, 78, 78, 78, 77, 77, 77, 75, 75, 75, 75, 74, 73, 73, 73, 73, 72, 72, 71, 71, 70, 63, 62]","dict_values([39, 44, 36, 43, 38, 46, 36, 34, 46, 46, 50, 48, 39, 43, 46, 40, 44, 41, 45, 44, 37, 43, 35, 40, 43, 47, 51, 42, 43, 45, 43, 46, 44, 49, 34, 33, 44, 46, 39, 37, 37, 39, 41, 42, 38, 48, 49, 40, 30, 43, 31, 43, 40, 43, 37, 45, 38, 39, 49, 43, 34, 30, 39, 44, 38, 45, 43, 36, 35, 36, 41, 48, 41, 50, 44])",0.04352072038650648
51,82.45333333333333,0.5616869067935016,"{0: 0.006857708604766554, 1: 0.007268155150836605, 2: 0.006465931168027394, 3: 0.0030517879865076415, 4: 0.0045065970839215175, 5: 0.00552529238665256, 6: 0.006431381975580035, 7: 0.005367831580444264, 8: 0.006628081194318319, 9: 0.0063765352125462384, 10: 0.004985816477527742, 11: 0.006819536531060196, 12: 0.004160002427006514, 13: 0.004105133226077631, 14: 0.0063380379780136826, 15: 0.005020574622762739, 16: 0.004738198351447865, 17: 0.004447444811286769, 18: 0.007689670674902165, 19: 0.006530673542563845, 20: 0.007069559504805387, 21: 0.004849426867401593, 22: 0.0070648880741078085, 23: 0.006114878009120294, 24: 0.005779941337520304, 25: 0.004458068448587633, 26: 0.006354754056037122, 27: 0.006954090273976245, 28: 0.006070720589996915, 29: 0.007741063405699733, 30: 0.003753948036027254, 31: 0.005754681526525716, 32: 0.0059886986733856664, 33: 0.004856633432716293, 34: 0.008195222018010673, 35: 0.006645878095192761, 36: 0.008187651384460428, 37: 0.00445102647223096, 38: 0.006434846650256089, 39: 0.006448579310858809, 40: 0.00555099034975886, 41: 0.005244234833740079, 42: 0.004031404191990435, 43: 0.005834831870138824, 44: 0.006134007476876757, 45: 0.006955531384325555, 46: 0.005990133044090971, 47: 0.007288356568775185, 48: 0.008020270550316575, 49: 0.005000265281022781, 50: 0.0054499506211945535, 51: 0.0059876562319295164, 52: 0.008091834062453371, 53: 0.00671304873532204, 54: 0.006808409639694567, 55: 0.00825520444314518, 56: 0.0052040865293087905, 57: 0.005791397500832529, 58: 0.0031837282241951354, 59: 0.006341242367620979, 60: 0.0073796744266046215, 61: 0.006762867422256227, 62: 0.006062170000890681, 63: 0.006923146493865012, 64: 0.0072123245233013345, 65: 0.004481595775377063, 66: 0.007025010061351511, 67: 0.005707561001379631, 68: 0.0053818339848242655, 69: 0.00799944261535925, 70: 0.009033467289087981, 71: 0.005034343495319524, 72: 0.004127721355142856, 73: 0.007545478097437241, 74: 0.005974492894014696}","[97, 96, 96, 95, 95, 95, 93, 92, 91, 91, 91, 91, 90, 90, 89, 89, 88, 88, 88, 88, 88, 88, 87, 86, 86, 86, 86, 85, 85, 85, 85, 84, 84, 84, 84, 84, 84, 83, 83, 83, 83, 82, 82, 82, 81, 81, 80, 80, 79, 79, 79, 79, 79, 79, 78, 77, 77, 77, 77, 76, 75, 75, 75, 73, 73, 73, 73, 72, 72, 70, 70, 70, 69, 62, 62]","dict_values([39, 44, 36, 43, 38, 46, 36, 34, 46, 46, 50, 48, 39, 43, 46, 40, 44, 41, 45, 44, 37, 43, 35, 40, 43, 47, 51, 42, 43, 45, 43, 46, 44, 49, 34, 33, 44, 46, 39, 37, 37, 39, 41, 42, 38, 48, 49, 40, 30, 43, 31, 43, 40, 43, 37, 45, 38, 39, 49, 43, 34, 30, 39, 44, 38, 45, 43, 36, 35, 36, 41, 48, 41, 50, 44])",0.04310177832372991
51,82.18666666666667,0.5599633437974583,"{0: 0.006724533423225955, 1: 0.007434461125171292, 2: 0.006266431970664653, 3: 0.00309032757365788, 4: 0.004706079505118815, 5: 0.005632949523007647, 6: 0.006477242614471705, 7: 0.005126155315842929, 8: 0.006713067116662594, 9: 0.006343259178876017, 10: 0.004960256700448068, 11: 0.006873148730375557, 12: 0.004073642815232471, 13: 0.004031960380465912, 14: 0.006363388301414779, 15: 0.005070974452293377, 16: 0.004510843230508279, 17: 0.0044902400929079265, 18: 0.007998475908781427, 19: 0.006638143884159611, 20: 0.0069472621202634685, 21: 0.004821239763167991, 22: 0.007145795897793063, 23: 0.006224913885373012, 24: 0.005821704936684384, 25: 0.004897369052516924, 26: 0.006501206241839736, 27: 0.0070263817328329896, 28: 0.005937106397714624, 29: 0.007618505098476069, 30: 0.0038903134898329423, 31: 0.006031524749427033, 32: 0.0060480015427224025, 33: 0.004809570902695565, 34: 0.00803436677827711, 35: 0.006743527712876979, 36: 0.008374623043321108, 37: 0.004455357454562601, 38: 0.006426318212769918, 39: 0.006460027717679315, 40: 0.005637036286678212, 41: 0.005150639475853727, 42: 0.004268623620905123, 43: 0.0061385936513864295, 44: 0.006081450936430071, 45: 0.007000635951153639, 46: 0.005738838786006725, 47: 0.0069627986151620126, 48: 0.008136676749407103, 49: 0.005009329308637762, 50: 0.0055786789058936736, 51: 0.005856245324989125, 52: 0.008341976650867692, 53: 0.0068112479199431575, 54: 0.006690856571547009, 55: 0.008233546404168176, 56: 0.005304051951750059, 57: 0.005587823718675989, 58: 0.0032830625238929323, 59: 0.006408171183176391, 60: 0.007459556810739581, 61: 0.006602607009492118, 62: 0.006299363184362586, 63: 0.007000314083701258, 64: 0.007121462532379611, 65: 0.004466331080636125, 66: 0.006939695992913893, 67: 0.005742521183742414, 68: 0.0052843715373686465, 69: 0.007876213657729593, 70: 0.009329915774372578, 71: 0.005088744803009422, 72: 0.004062089532583081, 73: 0.007638373315522846, 74: 0.005995283121647524}","[97, 96, 96, 95, 95, 94, 93, 93, 91, 91, 90, 90, 89, 89, 88, 88, 88, 88, 88, 87, 87, 87, 86, 86, 86, 86, 86, 86, 85, 84, 84, 84, 84, 84, 83, 83, 83, 83, 83, 82, 82, 82, 81, 81, 81, 81, 80, 80, 80, 79, 79, 78, 78, 78, 78, 77, 77, 77, 77, 76, 74, 74, 74, 73, 73, 73, 73, 73, 72, 71, 70, 70, 69, 63, 62]","dict_values([39, 44, 36, 43, 38, 46, 36, 34, 46, 46, 50, 48, 39, 43, 46, 40, 44, 41, 45, 44, 37, 43, 35, 40, 43, 47, 51, 42, 43, 45, 43, 46, 44, 49, 34, 33, 44, 46, 39, 37, 37, 39, 41, 42, 38, 48, 49, 40, 30, 43, 31, 43, 40, 43, 37, 45, 38, 39, 49, 43, 34, 30, 39, 44, 38, 45, 43, 36, 35, 36, 41, 48, 41, 50, 44])",0.04466263047541966
51,82.37333333333333,0.5613382740888924,"{0: 0.006668231641708648, 1: 0.007546535569461127, 2: 0.0062516512292567356, 3: 0.00314347083405407, 4: 0.004681145223182702, 5: 0.005685141151059323, 6: 0.006253987559438104, 7: 0.005394239742249815, 8: 0.006647083088647975, 9: 0.0062632218830993985, 10: 0.00519471080854055, 11: 0.006813195509500225, 12: 0.0038624169588525074, 13: 0.003806537427086291, 14: 0.006490054944402237, 15: 0.00511133788189494, 16: 0.0046366617896924376, 17: 0.004559057866591549, 18: 0.007913660604175789, 19: 0.006187989765087924, 20: 0.006869463516995823, 21: 0.004998383984366518, 22: 0.007463572784680773, 23: 0.006141544166686043, 24: 0.005769092684269531, 25: 0.004749327668428692, 26: 0.0065458183984033495, 27: 0.00709685327514665, 28: 0.00585844445130017, 29: 0.007555018247359858, 30: 0.003710652607158334, 31: 0.005835912807811826, 32: 0.0059447045299399065, 33: 0.004746991492179506, 34: 0.008306399157382242, 35: 0.006810663228770269, 36: 0.008263300145209469, 37: 0.004573908414519693, 38: 0.006410328175082224, 39: 0.006407680177050573, 40: 0.005728562886756385, 41: 0.005251555517300818, 42: 0.004146472685572898, 43: 0.006343153031634647, 44: 0.005564984258058095, 45: 0.007058200018198822, 46: 0.00574406847889015, 47: 0.006649018384964345, 48: 0.007727174918137673, 49: 0.004981321972955895, 50: 0.005385062250758424, 51: 0.005613886567816726, 52: 0.00893047675948693, 53: 0.0071031699116623, 54: 0.007169509206662094, 55: 0.00814567259202558, 56: 0.005391320661809367, 57: 0.005460295662487117, 58: 0.0033683284127599706, 59: 0.006341994204993666, 60: 0.007452478666562488, 61: 0.006601678772931553, 62: 0.005990134860231373, 63: 0.007041074219315377, 64: 0.007362318668934281, 65: 0.004529400580358387, 66: 0.0063448182357646815, 67: 0.005815926444223881, 68: 0.005467137754697781, 69: 0.0078369690302742, 70: 0.009155321052005016, 71: 0.0051720301398531544, 72: 0.003944022217598606, 73: 0.00765528263822514, 74: 0.005930797311899277}","[100, 96, 95, 95, 94, 94, 93, 93, 92, 91, 90, 90, 90, 89, 89, 89, 89, 88, 88, 88, 88, 87, 87, 87, 85, 85, 85, 85, 84, 84, 84, 84, 84, 84, 84, 84, 83, 83, 82, 82, 82, 82, 82, 81, 81, 81, 80, 80, 79, 79, 79, 79, 79, 78, 78, 78, 78, 78, 78, 77, 75, 74, 74, 74, 73, 73, 73, 73, 71, 71, 70, 69, 68, 64, 63]","dict_values([39, 44, 36, 43, 38, 46, 36, 34, 46, 46, 50, 48, 39, 43, 46, 40, 44, 41, 45, 44, 37, 43, 35, 40, 43, 47, 51, 42, 43, 45, 43, 46, 44, 49, 34, 33, 44, 46, 39, 37, 37, 39, 41, 42, 38, 48, 49, 40, 30, 43, 31, 43, 40, 43, 37, 45, 38, 39, 49, 43, 34, 30, 39, 44, 38, 45, 43, 36, 35, 36, 41, 48, 41, 50, 44])",0.04548277018851864
51,82.24,0.5600774779693558,"{0: 0.006885838292676155, 1: 0.007401880296112949, 2: 0.006332926760910748, 3: 0.0033658182797976356, 4: 0.005032452404800031, 5: 0.005557424469202705, 6: 0.00615202889084009, 7: 0.005352819205567733, 8: 0.0068676387238046175, 9: 0.006174522236582523, 10: 0.005374657495163955, 11: 0.006901691668237956, 12: 0.003956795866358141, 13: 0.0038330055057547727, 14: 0.0061520403956100145, 15: 0.00528899618253932, 16: 0.00483816272844685, 17: 0.004948736456575068, 18: 0.0078054157084807025, 19: 0.005903101025158667, 20: 0.006770635223359639, 21: 0.005236963738610393, 22: 0.007520995993438066, 23: 0.006371516130903991, 24: 0.005710425836487974, 25: 0.004428479103522862, 26: 0.006510184154951892, 27: 0.006910802265164562, 28: 0.006147762030022291, 29: 0.007455566355605609, 30: 0.0037507034857856302, 31: 0.005869876454156182, 32: 0.005962592285014219, 33: 0.004285312575616442, 34: 0.008088045403431153, 35: 0.006828483285728066, 36: 0.007754368946761988, 37: 0.004463788692657161, 38: 0.0066065832343111825, 39: 0.006525379022960568, 40: 0.005721104203407034, 41: 0.005149479733884043, 42: 0.004230642549822621, 43: 0.006440761942989435, 44: 0.005603832750681874, 45: 0.007127110202784835, 46: 0.005933197836370151, 47: 0.006623667488347724, 48: 0.008091259602655665, 49: 0.005310987190491911, 50: 0.00543364951711415, 51: 0.005835703513504499, 52: 0.00900015059326666, 53: 0.007086618410248227, 54: 0.0071939260888883305, 55: 0.00849926280438327, 56: 0.005320201753740145, 57: 0.005665754253373754, 58: 0.003441229973561648, 59: 0.006148416507322881, 60: 0.007262332992495696, 61: 0.006366344407396957, 62: 0.005803829040209875, 63: 0.006851690741193661, 64: 0.007363154771503264, 65: 0.0045242652581123696, 66: 0.006420772191822739, 67: 0.005882990022762451, 68: 0.005457582362219815, 69: 0.00787070834973298, 70: 0.009226712669554285, 71: 0.004963681495304313, 72: 0.004042470148819462, 73: 0.007708471633935631, 74: 0.005571213670881982}","[100, 95, 95, 95, 95, 93, 93, 92, 92, 90, 90, 89, 89, 89, 89, 89, 89, 88, 88, 88, 87, 86, 86, 85, 85, 85, 85, 85, 85, 85, 84, 84, 84, 84, 84, 84, 83, 83, 83, 82, 82, 82, 81, 81, 81, 80, 80, 80, 80, 79, 79, 79, 78, 78, 78, 78, 78, 78, 77, 76, 76, 75, 74, 73, 73, 73, 73, 71, 71, 71, 70, 69, 68, 65, 64]","dict_values([39, 44, 36, 43, 38, 46, 36, 34, 46, 46, 50, 48, 39, 43, 46, 40, 44, 41, 45, 44, 37, 43, 35, 40, 43, 47, 51, 42, 43, 45, 43, 46, 44, 49, 34, 33, 44, 46, 39, 37, 37, 39, 41, 42, 38, 48, 49, 40, 30, 43, 31, 43, 40, 43, 37, 45, 38, 39, 49, 43, 34, 30, 39, 44, 38, 45, 43, 36, 35, 36, 41, 48, 41, 50, 44])",0.04245616890490392
51,82.26666666666667,0.5600293704067026,"{0: 0.006822394596379385, 1: 0.007390489401003677, 2: 0.0062016094868757735, 3: 0.0033875523800228785, 4: 0.005003296753276334, 5: 0.005327391391841872, 6: 0.006000509481527189, 7: 0.005165468168455379, 8: 0.006866363998828195, 9: 0.0061228596470088185, 10: 0.005359838155677791, 11: 0.0067990399859731866, 12: 0.004117797124856403, 13: 0.003707141035323739, 14: 0.006286825963634828, 15: 0.005459178697610986, 16: 0.004939847663392922, 17: 0.0050001889186875965, 18: 0.008038244829734606, 19: 0.005916005810032411, 20: 0.006494580796900872, 21: 0.005281871248036518, 22: 0.007319142981345796, 23: 0.006326897262612802, 24: 0.0057778587006061775, 25: 0.0045136052838191535, 26: 0.006473981448649841, 27: 0.00678211758536238, 28: 0.006335835600744114, 29: 0.007480804937079477, 30: 0.0038772675983867987, 31: 0.005771928967659835, 32: 0.006126765604408192, 33: 0.004255424444988233, 34: 0.008364868138648139, 35: 0.006418783867221702, 36: 0.007785737480641227, 37: 0.004435103065796447, 38: 0.006680395227995132, 39: 0.006797061139531755, 40: 0.005863633832121195, 41: 0.005417581337018322, 42: 0.004473107197374359, 43: 0.006438107204105287, 44: 0.005552487135344363, 45: 0.007088976020211014, 46: 0.00633856263873719, 47: 0.006415183842084887, 48: 0.007851095660244146, 49: 0.005159898125911834, 50: 0.005584849608015311, 51: 0.005729912169926612, 52: 0.008740759404757513, 53: 0.007037521037665394, 54: 0.007039765417156366, 55: 0.008571144203411228, 56: 0.005392290829877107, 57: 0.005490688754103508, 58: 0.003458353643158662, 59: 0.006101062286663115, 60: 0.0070750378177477525, 61: 0.006488407688735569, 62: 0.005835327318774044, 63: 0.006621931510803782, 64: 0.0077223663804628076, 65: 0.004572254108349864, 66: 0.006127211925630595, 67: 0.00594110849734187, 68: 0.005676136704464324, 69: 0.007600857865230026, 70: 0.009411404772581454, 71: 0.004967790818660029, 72: 0.004027703812175237, 73: 0.007676474775780468, 74: 0.0056114076452182604}","[99, 96, 96, 95, 94, 94, 93, 92, 92, 91, 89, 89, 89, 89, 89, 89, 88, 88, 88, 87, 87, 86, 86, 86, 85, 85, 85, 85, 85, 85, 85, 84, 84, 84, 84, 84, 84, 82, 82, 82, 81, 81, 81, 81, 81, 80, 80, 80, 80, 79, 79, 79, 79, 79, 78, 78, 77, 77, 76, 76, 76, 76, 75, 74, 74, 73, 73, 72, 71, 71, 70, 70, 67, 65, 64]","dict_values([39, 44, 36, 43, 38, 46, 36, 34, 46, 46, 50, 48, 39, 43, 46, 40, 44, 41, 45, 44, 37, 43, 35, 40, 43, 47, 51, 42, 43, 45, 43, 46, 44, 49, 34, 33, 44, 46, 39, 37, 37, 39, 41, 42, 38, 48, 49, 40, 30, 43, 31, 43, 40, 43, 37, 45, 38, 39, 49, 43, 34, 30, 39, 44, 38, 45, 43, 36, 35, 36, 41, 48, 41, 50, 44])",0.040663533750646824
51,82.13333333333334,0.5588152172629761,"{0: 0.006818533235420351, 1: 0.007398050420992986, 2: 0.006549832855099171, 3: 0.0035113844587428395, 4: 0.0050110768330905095, 5: 0.00534406589162929, 6: 0.0059166664018007065, 7: 0.0054738331915628255, 8: 0.006601225358689536, 9: 0.006275830118358775, 10: 0.005616179310677774, 11: 0.006828594485942678, 12: 0.0043661081018418835, 13: 0.003590480408198615, 14: 0.006129161985567632, 15: 0.00537665946967586, 16: 0.0049455639179555545, 17: 0.005193482843823641, 18: 0.007868533907789835, 19: 0.005722040794954801, 20: 0.006379232681366319, 21: 0.005349436285257733, 22: 0.0073046567312415045, 23: 0.006707761239347655, 24: 0.0058396664731470635, 25: 0.004392555931903974, 26: 0.006549402263123413, 27: 0.006811268294453755, 28: 0.006360139818437157, 29: 0.007131529607831944, 30: 0.00398433417243068, 31: 0.005698396310818793, 32: 0.006395597394429888, 33: 0.004289270235220424, 34: 0.008262434361831697, 35: 0.006390967978148084, 36: 0.007584376615073662, 37: 0.004217967054513293, 38: 0.006260558475729659, 39: 0.006783505999710678, 40: 0.00626926188290296, 41: 0.005434752171777732, 42: 0.004498899082692843, 43: 0.0064202016424630415, 44: 0.005399991303153782, 45: 0.007237740903703081, 46: 0.006222983056950544, 47: 0.006412782981506735, 48: 0.00842698706231746, 49: 0.005370709321293522, 50: 0.005378006319184146, 51: 0.005664735670615106, 52: 0.008766861988561178, 53: 0.007038256593929203, 54: 0.007082529216191022, 55: 0.008413188497013054, 56: 0.00540678619963309, 57: 0.005669300317336668, 58: 0.003409602684306099, 59: 0.006130928936850007, 60: 0.007169113265397641, 61: 0.006393624345836196, 62: 0.005865271662402038, 63: 0.006685084928714315, 64: 0.007776616750287368, 65: 0.0044805695577246705, 66: 0.005979362947679944, 67: 0.006022740978079716, 68: 0.0053622641810552015, 69: 0.007353984757848045, 70: 0.009465235617968967, 71: 0.00516396624757994, 72: 0.00394063095115447, 73: 0.007787195563831534, 74: 0.00590753047401203}","[99, 96, 96, 95, 94, 93, 93, 92, 91, 91, 89, 89, 89, 89, 89, 89, 87, 87, 87, 87, 87, 86, 85, 85, 85, 85, 85, 84, 84, 84, 84, 84, 84, 84, 84, 84, 83, 82, 82, 82, 82, 82, 82, 81, 81, 81, 80, 80, 80, 80, 79, 79, 79, 79, 78, 78, 77, 77, 76, 76, 76, 76, 75, 74, 74, 73, 73, 71, 71, 70, 70, 70, 66, 66, 63]","dict_values([39, 44, 36, 43, 38, 46, 36, 34, 46, 46, 50, 48, 39, 43, 46, 40, 44, 41, 45, 44, 37, 43, 35, 40, 43, 47, 51, 42, 43, 45, 43, 46, 44, 49, 34, 33, 44, 46, 39, 37, 37, 39, 41, 42, 38, 48, 49, 40, 30, 43, 31, 43, 40, 43, 37, 45, 38, 39, 49, 43, 34, 30, 39, 44, 38, 45, 43, 36, 35, 36, 41, 48, 41, 50, 44])",0.04288982121774326
50,82.05333333333333,0.557907261974658,"{0: 0.006802162011706078, 1: 0.007386636815979071, 2: 0.0065887920702063394, 3: 0.003552537214957476, 4: 0.004967269047338379, 5: 0.005304337973864778, 6: 0.0060845458062124885, 7: 0.005379452808958968, 8: 0.006584151562445309, 9: 0.00629373414820136, 10: 0.00552006377462151, 11: 0.006782090557228732, 12: 0.004454701446926761, 13: 0.0036090667075181757, 14: 0.006285908398450383, 15: 0.005202775391122252, 16: 0.005078599824231458, 17: 0.005356035268073463, 18: 0.007765550404119409, 19: 0.005757599153331903, 20: 0.00658561887378909, 21: 0.005189953140545295, 22: 0.007277209552359718, 23: 0.006875470870482181, 24: 0.005423761617041324, 25: 0.004498526471645086, 26: 0.00635203475229588, 27: 0.006654180790283451, 28: 0.006387803250561918, 29: 0.0072839567747635834, 30: 0.003995547904699497, 31: 0.0056670846526797455, 32: 0.006549639083713485, 33: 0.004466638559632307, 34: 0.008004102390867504, 35: 0.006347099172323727, 36: 0.0075785704520645565, 37: 0.004348748012427559, 38: 0.006249914321170246, 39: 0.00673122916389939, 40: 0.006438124404535979, 41: 0.0054281621585942005, 42: 0.004483186168092246, 43: 0.0062609006936363825, 44: 0.005566625966112744, 45: 0.007441158536113355, 46: 0.006229262238251077, 47: 0.0062371103638817135, 48: 0.008420882574816966, 49: 0.005413069592312367, 50: 0.005258409845842056, 51: 0.005713288165414372, 52: 0.008594694609387632, 53: 0.007155997949447902, 54: 0.0071367214516136505, 55: 0.008343441786758289, 56: 0.0056850819826531436, 57: 0.0058643725642685916, 58: 0.003408469792967769, 59: 0.0061822413574843475, 60: 0.007205377816039054, 61: 0.006382532849905645, 62: 0.006063190132314176, 63: 0.006741837826143287, 64: 0.007846894415293407, 65: 0.004522001885521053, 66: 0.005810449148599655, 67: 0.005852390235893352, 68: 0.00537205268066355, 69: 0.007425342723147728, 70: 0.009463513977452655, 71: 0.005041661407308836, 72: 0.003945032313674787, 73: 0.007609421460371277, 74: 0.0060274085809513}","[98, 96, 96, 94, 93, 92, 92, 92, 91, 91, 90, 89, 89, 89, 89, 88, 88, 88, 87, 87, 87, 86, 86, 86, 85, 85, 85, 84, 84, 84, 84, 84, 84, 83, 83, 83, 83, 83, 82, 82, 82, 81, 81, 81, 81, 81, 80, 80, 80, 80, 78, 78, 78, 78, 78, 78, 77, 77, 77, 77, 76, 76, 75, 74, 74, 73, 72, 71, 71, 71, 71, 70, 66, 66, 63]","dict_values([39, 44, 36, 43, 38, 46, 36, 34, 46, 46, 50, 48, 39, 43, 46, 40, 44, 41, 45, 44, 37, 43, 35, 40, 43, 47, 51, 42, 43, 45, 43, 46, 44, 49, 34, 33, 44, 46, 39, 37, 37, 39, 41, 42, 38, 48, 49, 40, 30, 43, 31, 43, 40, 43, 37, 45, 38, 39, 49, 43, 34, 30, 39, 44, 38, 45, 43, 36, 35, 36, 41, 48, 41, 50, 44])",0.04187673988683267
50,81.81333333333333,0.555927815625896,"{0: 0.006802428106675567, 1: 0.007288628254584635, 2: 0.006718635264468632, 3: 0.003475636416228033, 4: 0.005051094786327191, 5: 0.005418756006177316, 6: 0.006420781434206322, 7: 0.005468937234834497, 8: 0.006574522474965193, 9: 0.006296444942371692, 10: 0.005872744580711751, 11: 0.0066851515131909085, 12: 0.0046042966273830725, 13: 0.003586548115906514, 14: 0.006119325898079306, 15: 0.005078757070845036, 16: 0.004912182387546116, 17: 0.005435286453523394, 18: 0.007654314113095502, 19: 0.006132126433274862, 20: 0.006742919422075829, 21: 0.005454346004871442, 22: 0.007396525331273059, 23: 0.007191497030373678, 24: 0.005129907248983071, 25: 0.004727905036886074, 26: 0.006262012472324213, 27: 0.0067556002239931925, 28: 0.006431613355599706, 29: 0.007047735427323052, 30: 0.004061340782765469, 31: 0.005538187671676472, 32: 0.0065285707492141794, 33: 0.004326268408525015, 34: 0.0076619811206030805, 35: 0.0063537766769818805, 36: 0.007636703553175563, 37: 0.004858917792120408, 38: 0.006312049335326289, 39: 0.006451927826687223, 40: 0.00639842542108691, 41: 0.0054641617362593585, 42: 0.004635842456522277, 43: 0.0064023417257271864, 44: 0.005573024698501994, 45: 0.007509015200658092, 46: 0.006253778320354562, 47: 0.006047055713134546, 48: 0.00812327110396279, 49: 0.005589466405792196, 50: 0.005276083299578576, 51: 0.005575604968854675, 52: 0.008750609993219033, 53: 0.007029892949542369, 54: 0.007052624786178746, 55: 0.008445338946716391, 56: 0.005778222142521959, 57: 0.005770973994818606, 58: 0.0036679282380736684, 59: 0.0061495028639378824, 60: 0.007265808431581924, 61: 0.0061152927819874475, 62: 0.006058856284646971, 63: 0.0068533891823289944, 64: 0.008067286384514608, 65: 0.004798754589573211, 66: 0.005872042895996421, 67: 0.006188610705616406, 68: 0.005344518893605488, 69: 0.007390712846797548, 70: 0.009521751296588762, 71: 0.005227359967471408, 72: 0.003904417252196919, 73: 0.0071560170558005315, 74: 0.005735092340136554}","[98, 96, 95, 93, 93, 92, 91, 91, 91, 90, 89, 89, 89, 88, 88, 88, 87, 87, 87, 86, 86, 86, 86, 85, 85, 85, 85, 84, 84, 84, 84, 84, 84, 83, 83, 83, 82, 82, 82, 82, 82, 81, 81, 81, 81, 81, 80, 80, 80, 78, 78, 78, 78, 78, 78, 78, 77, 77, 77, 76, 76, 76, 76, 75, 75, 74, 72, 72, 71, 70, 69, 69, 65, 65, 64]","dict_values([39, 44, 36, 43, 38, 46, 36, 34, 46, 46, 50, 48, 39, 43, 46, 40, 44, 41, 45, 44, 37, 43, 35, 40, 43, 47, 51, 42, 43, 45, 43, 46, 44, 49, 34, 33, 44, 46, 39, 37, 37, 39, 41, 42, 38, 48, 49, 40, 30, 43, 31, 43, 40, 43, 37, 45, 38, 39, 49, 43, 34, 30, 39, 44, 38, 45, 43, 36, 35, 36, 41, 48, 41, 50, 44])",0.04242217685525308
51,81.84,0.5561633822830003,"{0: 0.006757629115823196, 1: 0.007358881096660792, 2: 0.006492962470139361, 3: 0.0035936109565826903, 4: 0.005454122584255048, 5: 0.005418327584499708, 6: 0.006412264819563212, 7: 0.005399241457623718, 8: 0.006295623874162553, 9: 0.00593080456722774, 10: 0.005655400554705654, 11: 0.006736284209831789, 12: 0.004513770698244496, 13: 0.0037667264735138993, 14: 0.0062982426858428225, 15: 0.00495942041149219, 16: 0.005008006148851167, 17: 0.0054772227708551734, 18: 0.007559332775604037, 19: 0.005988575082607592, 20: 0.006565702721780745, 21: 0.005485863847205145, 22: 0.007598955362729602, 23: 0.007206500393978751, 24: 0.005066615374729963, 25: 0.0045168646339515724, 26: 0.006202981179691879, 27: 0.007083070165738187, 28: 0.006525481577608555, 29: 0.006792607048712371, 30: 0.004070438203749383, 31: 0.0056077114372837635, 32: 0.0066873614519964136, 33: 0.004241503927137691, 34: 0.007478755417542756, 35: 0.006362706882125436, 36: 0.0075851055905805775, 37: 0.004983593315472934, 38: 0.006483016621145311, 39: 0.006034097283282359, 40: 0.006292740997600214, 41: 0.005630097107549638, 42: 0.004813532470468423, 43: 0.006629703401710193, 44: 0.005418849566337321, 45: 0.0074858100382531375, 46: 0.006298467307793515, 47: 0.005758559416940991, 48: 0.008020930331667557, 49: 0.005135128945502417, 50: 0.005365078391409241, 51: 0.005838658254468566, 52: 0.00911088968863749, 53: 0.007015056538375906, 54: 0.006841711610624855, 55: 0.008446440865435325, 56: 0.0059160756557324005, 57: 0.005726970967448638, 58: 0.0037625296512853734, 59: 0.00592736893616374, 60: 0.007181050235713355, 61: 0.006674545072860805, 62: 0.0060765983934470994, 63: 0.006868253051999822, 64: 0.007751626936181484, 65: 0.004936131947135441, 66: 0.005943891238984946, 67: 0.006322764652459462, 68: 0.0054122107780418425, 69: 0.007503000399679882, 70: 0.009243363817972432, 71: 0.005392472639651361, 72: 0.004061104345975632, 73: 0.00711297690748455, 74: 0.005704369500463387}","[100, 95, 95, 93, 92, 92, 91, 91, 90, 90, 89, 89, 89, 89, 89, 88, 87, 87, 87, 87, 87, 87, 86, 86, 86, 86, 85, 84, 84, 84, 84, 84, 83, 83, 82, 82, 82, 82, 81, 81, 81, 81, 80, 80, 80, 80, 80, 80, 79, 79, 79, 79, 79, 78, 78, 78, 78, 77, 77, 77, 76, 76, 76, 76, 74, 74, 71, 71, 71, 70, 69, 68, 66, 66, 65]","dict_values([39, 44, 36, 43, 38, 46, 36, 34, 46, 46, 50, 48, 39, 43, 46, 40, 44, 41, 45, 44, 37, 43, 35, 40, 43, 47, 51, 42, 43, 45, 43, 46, 44, 49, 34, 33, 44, 46, 39, 37, 37, 39, 41, 42, 38, 48, 49, 40, 30, 43, 31, 43, 40, 43, 37, 45, 38, 39, 49, 43, 34, 30, 39, 44, 38, 45, 43, 36, 35, 36, 41, 48, 41, 50, 44])",0.04680530698252136
50,81.84,0.5558233113148099,"{0: 0.006611295060544239, 1: 0.0073122635327865304, 2: 0.006440959766716027, 3: 0.003944764793499351, 4: 0.005429249767785571, 5: 0.00524317484820487, 6: 0.006706262036710853, 7: 0.0056554494027132775, 8: 0.006637772603676418, 9: 0.005932530757784731, 10: 0.005524432213624578, 11: 0.0068584763374145135, 12: 0.00498108481647717, 13: 0.003946773321872307, 14: 0.006281945759115389, 15: 0.004986013310520727, 16: 0.004966673275371877, 17: 0.005484560793333839, 18: 0.0077153704668556445, 19: 0.006015029312202214, 20: 0.006134271696848253, 21: 0.0056277859553568845, 22: 0.007447607851783811, 23: 0.007230285344022786, 24: 0.005036575655582432, 25: 0.004945654413191413, 26: 0.00611064522414843, 27: 0.006897147606398771, 28: 0.006272128976729465, 29: 0.006677733306494519, 30: 0.004159273238837446, 31: 0.005594711916499672, 32: 0.006678880262849089, 33: 0.0040996231342562035, 34: 0.007392954082655961, 35: 0.00628690465562683, 36: 0.007328096324299263, 37: 0.004834191038082727, 38: 0.006664111083517806, 39: 0.006212239843470017, 40: 0.006421497276033971, 41: 0.00559610988136556, 42: 0.004966201342199664, 43: 0.006595624395461934, 44: 0.005411595044771833, 45: 0.0071974962257946055, 46: 0.006397603159867462, 47: 0.005718774407302624, 48: 0.008008737119613713, 49: 0.005033962184298073, 50: 0.005359362734802228, 51: 0.005863367093140851, 52: 0.009190552271838086, 53: 0.0067880030943911806, 54: 0.006875758926978808, 55: 0.008255184081417333, 56: 0.005905773831329405, 57: 0.005736917620337153, 58: 0.003802110636606385, 59: 0.0059121624591483325, 60: 0.007095603110645562, 61: 0.006676406797009725, 62: 0.006060573455922876, 63: 0.006862977769255241, 64: 0.007488306369702859, 65: 0.0052244217295031245, 66: 0.005907888212178816, 67: 0.006154208668166231, 68: 0.005615248225844435, 69: 0.00735065948933268, 70: 0.00923494188772966, 71: 0.005516306191802135, 72: 0.004083507883232221, 73: 0.007173591819004599, 74: 0.005488003652095366}","[100, 95, 95, 92, 91, 91, 91, 90, 90, 90, 89, 89, 89, 88, 88, 88, 87, 87, 87, 87, 86, 86, 86, 86, 86, 85, 85, 85, 85, 84, 84, 84, 83, 82, 82, 82, 82, 82, 82, 81, 81, 81, 80, 80, 80, 80, 80, 80, 80, 80, 79, 79, 79, 79, 79, 78, 77, 77, 77, 77, 76, 76, 76, 76, 75, 73, 73, 71, 71, 70, 69, 68, 67, 67, 65]","dict_values([39, 44, 36, 43, 38, 46, 36, 34, 46, 46, 50, 48, 39, 43, 46, 40, 44, 41, 45, 44, 37, 43, 35, 40, 43, 47, 51, 42, 43, 45, 43, 46, 44, 49, 34, 33, 44, 46, 39, 37, 37, 39, 41, 42, 38, 48, 49, 40, 30, 43, 31, 43, 40, 43, 37, 45, 38, 39, 49, 43, 34, 30, 39, 44, 38, 45, 43, 36, 35, 36, 41, 48, 41, 50, 44])",0.04610701980865638
50,81.62666666666667,0.554440703729733,"{0: 0.00654633366349229, 1: 0.0075924027760589565, 2: 0.00672396664591909, 3: 0.0038700297136799286, 4: 0.005405328669579145, 5: 0.005334638616337587, 6: 0.006834449281243584, 7: 0.005712070519370591, 8: 0.006601712489839227, 9: 0.005702623487603197, 10: 0.005321462425094041, 11: 0.007206348452450291, 12: 0.004936542662086576, 13: 0.003859471463288436, 14: 0.006074019506269546, 15: 0.0050518676764955564, 16: 0.004978499021015735, 17: 0.005443875121876672, 18: 0.00768360486909143, 19: 0.006283281009560589, 20: 0.006083410508687987, 21: 0.005655306925416291, 22: 0.007789935972649089, 23: 0.007320893466520091, 24: 0.004812483774820424, 25: 0.004934357285514805, 26: 0.005952613268834166, 27: 0.0068825701881407315, 28: 0.006482706231385489, 29: 0.006700310490163311, 30: 0.004164534304658369, 31: 0.00565011181013226, 32: 0.006763722378261839, 33: 0.0041263808667476734, 34: 0.007286493464670911, 35: 0.006473911143229905, 36: 0.00723578260050518, 37: 0.005049196919780299, 38: 0.006780827231298449, 39: 0.0062325561795269985, 40: 0.0064424538587030495, 41: 0.005688358999484516, 42: 0.004993470076620321, 43: 0.006782424866628868, 44: 0.005251440349468817, 45: 0.007397496789859957, 46: 0.005924022558358412, 47: 0.005482433838639577, 48: 0.007955914158355629, 49: 0.005070982167047853, 50: 0.005375143275000332, 51: 0.005908260087390848, 52: 0.009148608522418061, 53: 0.006824986350098943, 54: 0.0067798648659544835, 55: 0.008307572631660641, 56: 0.006073418861813586, 57: 0.00566333800971503, 58: 0.003912451516532893, 59: 0.0059969049383625074, 60: 0.007167292678680094, 61: 0.00667714847992784, 62: 0.006386459726784225, 63: 0.006522906285217373, 64: 0.007182808627345407, 65: 0.005473482316035357, 66: 0.005761223828987147, 67: 0.006215548514047072, 68: 0.005537868142419976, 69: 0.007380670958618763, 70: 0.009320828093614989, 71: 0.005723310493292094, 72: 0.004085906464569421, 73: 0.007337825076458881, 74: 0.005461816334359273}","[100, 95, 94, 92, 92, 91, 90, 90, 89, 89, 89, 89, 89, 89, 89, 88, 87, 86, 86, 86, 86, 86, 86, 86, 85, 85, 85, 85, 85, 84, 84, 83, 82, 82, 82, 82, 82, 82, 81, 81, 81, 81, 81, 81, 80, 80, 79, 79, 79, 79, 79, 79, 79, 78, 78, 78, 77, 77, 77, 77, 76, 76, 75, 75, 75, 74, 73, 71, 71, 70, 68, 67, 67, 66, 65]","dict_values([39, 44, 36, 43, 38, 46, 36, 34, 46, 46, 50, 48, 39, 43, 46, 40, 44, 41, 45, 44, 37, 43, 35, 40, 43, 47, 51, 42, 43, 45, 43, 46, 44, 49, 34, 33, 44, 46, 39, 37, 37, 39, 41, 42, 38, 48, 49, 40, 30, 43, 31, 43, 40, 43, 37, 45, 38, 39, 49, 43, 34, 30, 39, 44, 38, 45, 43, 36, 35, 36, 41, 48, 41, 50, 44])",0.04534478668041453
50,81.86666666666666,0.5560873946845192,"{0: 0.006414764803178599, 1: 0.007273944170975686, 2: 0.006568352791377504, 3: 0.0039919263806506905, 4: 0.005359603911960992, 5: 0.0053142852097145575, 6: 0.0068768184148454425, 7: 0.0056811276384267015, 8: 0.006602723612782669, 9: 0.005792492577429975, 10: 0.005231818416922922, 11: 0.00710045062531868, 12: 0.004880644862852111, 13: 0.0035460701732495914, 14: 0.0063039127855939224, 15: 0.00517817400717746, 16: 0.00498190540047417, 17: 0.005082744390676906, 18: 0.007552029728378315, 19: 0.006173652935495751, 20: 0.006015264734199512, 21: 0.005740041305774101, 22: 0.007530711650011995, 23: 0.007206648872147278, 24: 0.004894780404198727, 25: 0.004935903787137492, 26: 0.005790000491272003, 27: 0.007035026863555167, 28: 0.006459236451217664, 29: 0.006405980377230016, 30: 0.004113110509763566, 31: 0.0054423463590094, 32: 0.006578570300628981, 33: 0.004247966676796444, 34: 0.006966610059525632, 35: 0.006883337642887786, 36: 0.007309944758183272, 37: 0.0049300205916803196, 38: 0.006648378500638175, 39: 0.006353842611809381, 40: 0.006134938112105145, 41: 0.005679942349363414, 42: 0.004941281568194086, 43: 0.00700596858332363, 44: 0.005254632809134488, 45: 0.0076880606238245355, 46: 0.0060954707548173575, 47: 0.0057973569352101385, 48: 0.007897335229193591, 49: 0.0051008131215480885, 50: 0.00543656067528532, 51: 0.005767620265409266, 52: 0.008882438211508477, 53: 0.006936656417610475, 54: 0.006929819313924926, 55: 0.008481475064896818, 56: 0.0061485863755259135, 57: 0.005465324712486706, 58: 0.003574582818438697, 59: 0.006105190664569985, 60: 0.007030564923070452, 61: 0.006757398549177042, 62: 0.006480131524905856, 63: 0.006382046795701904, 64: 0.007171928011723199, 65: 0.005562303066785927, 66: 0.0057240615568707395, 67: 0.006283975106482103, 68: 0.005621677030414953, 69: 0.007275169821405699, 70: 0.009338196612890069, 71: 0.005985901861078716, 72: 0.004042757039108375, 73: 0.00728232419473959, 74: 0.00543156972663863}","[99, 96, 94, 93, 91, 91, 91, 90, 90, 90, 89, 89, 89, 89, 88, 88, 88, 88, 87, 86, 86, 86, 86, 85, 85, 85, 85, 85, 85, 85, 84, 84, 83, 83, 83, 83, 82, 82, 82, 82, 81, 81, 81, 81, 80, 80, 80, 80, 80, 80, 79, 79, 79, 79, 78, 78, 78, 78, 77, 76, 76, 76, 75, 75, 74, 73, 73, 72, 71, 70, 69, 68, 68, 65, 63]","dict_values([39, 44, 36, 43, 38, 46, 36, 34, 46, 46, 50, 48, 39, 43, 46, 40, 44, 41, 45, 44, 37, 43, 35, 40, 43, 47, 51, 42, 43, 45, 43, 46, 44, 49, 34, 33, 44, 46, 39, 37, 37, 39, 41, 42, 38, 48, 49, 40, 30, 43, 31, 43, 40, 43, 37, 45, 38, 39, 49, 43, 34, 30, 39, 44, 38, 45, 43, 36, 35, 36, 41, 48, 41, 50, 44])",0.043429956816517935
51,82.10666666666667,0.5577552237320396,"{0: 0.006563862473700899, 1: 0.007280139880244547, 2: 0.006750895986614936, 3: 0.004021452085555011, 4: 0.005290915913546762, 5: 0.005259764709051046, 6: 0.0068206066434686845, 7: 0.005578799009309328, 8: 0.006764540629964859, 9: 0.0056778808480680305, 10: 0.0051795814442221425, 11: 0.007034131302031854, 12: 0.004900522441355047, 13: 0.003413251198626449, 14: 0.006138524437432763, 15: 0.005135323545756039, 16: 0.005052051852092754, 17: 0.005079978555780725, 18: 0.007853035914470436, 19: 0.006176286717910897, 20: 0.0059677360549611706, 21: 0.005686781119783176, 22: 0.007498467423635471, 23: 0.0073195366996586094, 24: 0.0046629860186117285, 25: 0.004883665604484391, 26: 0.005652950046202012, 27: 0.006855592993981946, 28: 0.00640959456837709, 29: 0.006221432029597654, 30: 0.0041751452328551986, 31: 0.005693370905420866, 32: 0.006597445185908384, 33: 0.004289895030292464, 34: 0.006505200086724142, 35: 0.006804025643851883, 36: 0.0072349876837593035, 37: 0.005115868291656635, 38: 0.006553911509774262, 39: 0.006228991707813918, 40: 0.006212171516187173, 41: 0.005833432572304112, 42: 0.004766883906243613, 43: 0.007140243868233117, 44: 0.005202153678781935, 45: 0.007978217299136763, 46: 0.0060777500444181695, 47: 0.0059324611577370465, 48: 0.007844296686846322, 49: 0.005136474536020071, 50: 0.005420771180491039, 51: 0.005697305225938705, 52: 0.008710767702554391, 53: 0.006636026342096405, 54: 0.006873557078261662, 55: 0.008608702912960613, 56: 0.006060287187096806, 57: 0.0055585424917905845, 58: 0.0036110062807562923, 59: 0.005974880705568056, 60: 0.006625806257024824, 61: 0.0067508757158811555, 62: 0.006385713694320031, 63: 0.0064190361277914314, 64: 0.007202255912163139, 65: 0.005564520804789941, 66: 0.00532289745422096, 67: 0.006492925205695174, 68: 0.005773507063454292, 69: 0.00722878944840753, 70: 0.009241366471910492, 71: 0.00612870003411618, 72: 0.003957300705518196, 73: 0.007321045447068637, 74: 0.0054033744589204085}","[99, 96, 94, 94, 93, 92, 91, 91, 91, 90, 90, 90, 89, 89, 88, 87, 87, 87, 87, 86, 86, 86, 86, 86, 85, 85, 85, 85, 85, 84, 84, 84, 83, 83, 83, 83, 83, 82, 82, 82, 82, 81, 81, 81, 81, 81, 81, 80, 80, 80, 80, 80, 79, 79, 79, 78, 78, 78, 77, 77, 76, 76, 76, 75, 75, 73, 73, 72, 72, 70, 69, 69, 68, 64, 64]","dict_values([39, 44, 36, 43, 38, 46, 36, 34, 46, 46, 50, 48, 39, 43, 46, 40, 44, 41, 45, 44, 37, 43, 35, 40, 43, 47, 51, 42, 43, 45, 43, 46, 44, 49, 34, 33, 44, 46, 39, 37, 37, 39, 41, 42, 38, 48, 49, 40, 30, 43, 31, 43, 40, 43, 37, 45, 38, 39, 49, 43, 34, 30, 39, 44, 38, 45, 43, 36, 35, 36, 41, 48, 41, 50, 44])",0.044349399978333856
51,82.29333333333334,0.5595274643366158,"{0: 0.0067594141008271835, 1: 0.00718527781071155, 2: 0.0070854374420553975, 3: 0.004160111174051359, 4: 0.005256832282360435, 5: 0.005159329593973693, 6: 0.006514749228871125, 7: 0.005617988498182369, 8: 0.006837347368283687, 9: 0.005737985275990955, 10: 0.005362127881460254, 11: 0.007200747785607634, 12: 0.005011932957614307, 13: 0.003347914176885234, 14: 0.005526215550168004, 15: 0.00465380060107756, 16: 0.0050445076374743695, 17: 0.005219857181007523, 18: 0.008055732625606016, 19: 0.006348005600076948, 20: 0.006013214278855162, 21: 0.005755287032669122, 22: 0.007390545091024257, 23: 0.007154427987159222, 24: 0.004428913848583178, 25: 0.004999772779932381, 26: 0.005808346935800368, 27: 0.006761914920197321, 28: 0.006519335558243496, 29: 0.006160071131340026, 30: 0.004140770348846616, 31: 0.005798220505019955, 32: 0.006444829568424784, 33: 0.004110207667438406, 34: 0.00644029491602624, 35: 0.006797237704439187, 36: 0.0071974038743196425, 37: 0.005066072149552977, 38: 0.00665377049249071, 39: 0.006180667265475237, 40: 0.006287709745659814, 41: 0.005629070777803243, 42: 0.004467174072200411, 43: 0.007086232071922709, 44: 0.00528817408696593, 45: 0.008168047247905255, 46: 0.0060352223540419934, 47: 0.005893338703640605, 48: 0.008006392580150621, 49: 0.005014864054353467, 50: 0.005488157654857974, 51: 0.005802882517580703, 52: 0.008373620489383992, 53: 0.006948916890806453, 54: 0.00698943453241854, 55: 0.008445785039386377, 56: 0.00613105496522513, 57: 0.0054259519860647585, 58: 0.003675454916669719, 59: 0.005848579824272227, 60: 0.006982281735128202, 61: 0.006379729057826392, 62: 0.006499858468465973, 63: 0.006515882894804187, 64: 0.007154112514637293, 65: 0.005538221141015361, 66: 0.005391310234006131, 67: 0.006541400213373103, 68: 0.005763959113235338, 69: 0.007178571225923516, 70: 0.009460936992957388, 71: 0.006003298455446806, 72: 0.003930673954821352, 73: 0.006771559020760519, 74: 0.005102881875113913}","[98, 98, 95, 94, 94, 93, 91, 91, 90, 90, 89, 89, 89, 89, 89, 88, 87, 87, 87, 87, 87, 87, 86, 86, 86, 86, 85, 85, 85, 85, 84, 84, 83, 83, 83, 83, 82, 82, 82, 82, 82, 82, 82, 81, 81, 81, 81, 81, 80, 80, 80, 80, 80, 80, 79, 79, 79, 78, 78, 78, 76, 76, 75, 74, 74, 74, 74, 72, 70, 70, 70, 68, 67, 65, 64]","dict_values([39, 44, 36, 43, 38, 46, 36, 34, 46, 46, 50, 48, 39, 43, 46, 40, 44, 41, 45, 44, 37, 43, 35, 40, 43, 47, 51, 42, 43, 45, 43, 46, 44, 49, 34, 33, 44, 46, 39, 37, 37, 39, 41, 42, 38, 48, 49, 40, 30, 43, 31, 43, 40, 43, 37, 45, 38, 39, 49, 43, 34, 30, 39, 44, 38, 45, 43, 36, 35, 36, 41, 48, 41, 50, 44])",0.04310206149150997
51,82.53333333333333,0.5612271711324275,"{0: 0.006620246948159537, 1: 0.0068704725272675715, 2: 0.007303717208338945, 3: 0.0040145447602792, 4: 0.005098752219349079, 5: 0.00495044895242865, 6: 0.006849563732874505, 7: 0.005577419917807003, 8: 0.006826655533226576, 9: 0.0056327101148792086, 10: 0.005466612319391075, 11: 0.007307016949357302, 12: 0.004959010675814785, 13: 0.00339957985709494, 14: 0.005755993409358496, 15: 0.004400727895444321, 16: 0.004976982329705046, 17: 0.005183119245512452, 18: 0.008185829590694063, 19: 0.006380447834088022, 20: 0.006362116316463382, 21: 0.005561746564220332, 22: 0.00732169637848136, 23: 0.006879366301747019, 24: 0.004498874960823782, 25: 0.00470006113047501, 26: 0.0057317407949828095, 27: 0.0068865244891807426, 28: 0.0065060837800987575, 29: 0.0060089094657251015, 30: 0.004431370029034388, 31: 0.0059249053005349965, 32: 0.006467984334435108, 33: 0.004500284214528857, 34: 0.0067729645665410105, 35: 0.006737731628049313, 36: 0.007144017175912464, 37: 0.005067192451387062, 38: 0.006292112183530525, 39: 0.006073047949862849, 40: 0.0062268565319553056, 41: 0.0058174931512461414, 42: 0.004556774093569288, 43: 0.007395345137090395, 44: 0.004981136045918841, 45: 0.008099225227526083, 46: 0.006036754772002552, 47: 0.00564658516736872, 48: 0.00790506360980334, 49: 0.005031418995721245, 50: 0.005518451982359323, 51: 0.005696561482970839, 52: 0.0084589776507684, 53: 0.006563403554280347, 54: 0.007016805739918856, 55: 0.008460347678245966, 56: 0.005842007558242938, 57: 0.00543153959057681, 58: 0.0036464316490033366, 59: 0.006153159191992327, 60: 0.006943998978183903, 61: 0.0062803311795553585, 62: 0.0061936354759185835, 63: 0.006227890343066363, 64: 0.007351275443627049, 65: 0.005677669532557005, 66: 0.005298178701272765, 67: 0.006706364385309228, 68: 0.00577516612414878, 69: 0.007055121913734594, 70: 0.00929695322216096, 71: 0.006157034095739505, 72: 0.0038923162331748764, 73: 0.006589130164154443, 74: 0.004903323985444073}","[99, 98, 95, 95, 94, 94, 91, 91, 90, 90, 90, 89, 89, 89, 88, 88, 88, 88, 88, 88, 87, 87, 87, 86, 86, 85, 85, 85, 85, 85, 85, 84, 84, 84, 83, 83, 83, 83, 83, 83, 83, 82, 81, 81, 81, 81, 81, 81, 81, 80, 80, 80, 80, 80, 79, 79, 79, 78, 78, 78, 76, 75, 75, 74, 74, 74, 73, 73, 71, 70, 70, 69, 68, 65, 65]","dict_values([39, 44, 36, 43, 38, 46, 36, 34, 46, 46, 50, 48, 39, 43, 46, 40, 44, 41, 45, 44, 37, 43, 35, 40, 43, 47, 51, 42, 43, 45, 43, 46, 44, 49, 34, 33, 44, 46, 39, 37, 37, 39, 41, 42, 38, 48, 49, 40, 30, 43, 31, 43, 40, 43, 37, 45, 38, 39, 49, 43, 34, 30, 39, 44, 38, 45, 43, 36, 35, 36, 41, 48, 41, 50, 44])",0.04629416876978607
52,82.50666666666666,0.5612842322737772,"{0: 0.00645210307894782, 1: 0.0068386135771102, 2: 0.007232792701102027, 3: 0.004312247344830871, 4: 0.004910760516482784, 5: 0.004921376761812473, 6: 0.00684637891597793, 7: 0.005429070846260621, 8: 0.006842134653587213, 9: 0.0055202358736529, 10: 0.005687615332187822, 11: 0.007172161060452611, 12: 0.004985328381012223, 13: 0.003404685582779665, 14: 0.0057349632380993025, 15: 0.004333829005954538, 16: 0.0048012583962197385, 17: 0.005245884764753502, 18: 0.008171400298069299, 19: 0.006497159450916663, 20: 0.006549268260707741, 21: 0.005780901029674764, 22: 0.007163440646246382, 23: 0.00708887553105629, 24: 0.004679883168441428, 25: 0.004670767821407058, 26: 0.005936123436029931, 27: 0.007018925485739021, 28: 0.006556813970829271, 29: 0.0060350178185737445, 30: 0.004384619139140085, 31: 0.005804000561953872, 32: 0.006337329328889642, 33: 0.004346387868614544, 34: 0.006779748123947157, 35: 0.006699696509785622, 36: 0.007117711510397454, 37: 0.004942621694650781, 38: 0.0063394544377939266, 39: 0.006157572920218647, 40: 0.00629962407788238, 41: 0.005860567700367721, 42: 0.004335421678930032, 43: 0.007366014687758621, 44: 0.004829220825600588, 45: 0.008065544077294564, 46: 0.005740173172287944, 47: 0.0058978385898646015, 48: 0.007933119210043174, 49: 0.005162219414544004, 50: 0.005477596813147208, 51: 0.005577438324599119, 52: 0.008623127283591242, 53: 0.006579095187978924, 54: 0.0070602169949570415, 55: 0.008513364981340478, 56: 0.005828858492429877, 57: 0.005284625450578287, 58: 0.0035422376440678257, 59: 0.00652413054961069, 60: 0.006748396330727627, 61: 0.006301972832454948, 62: 0.006430006384263561, 63: 0.006068357954679591, 64: 0.007301582742236711, 65: 0.005659985530074421, 66: 0.005343658752323286, 67: 0.006933947151177487, 68: 0.005777664114738448, 69: 0.007139614867542749, 70: 0.009225374922435392, 71: 0.006043900285939221, 72: 0.0038942316481382997, 73: 0.006621217520890038, 74: 0.004926922010363299}","[100, 98, 95, 95, 94, 94, 91, 91, 90, 90, 90, 89, 89, 89, 88, 88, 88, 88, 88, 88, 87, 87, 87, 86, 86, 86, 86, 86, 85, 85, 85, 84, 84, 84, 83, 83, 83, 83, 83, 82, 82, 82, 81, 81, 81, 81, 81, 81, 80, 80, 80, 80, 79, 79, 79, 79, 79, 79, 78, 78, 75, 75, 74, 74, 74, 73, 73, 72, 72, 70, 70, 70, 69, 65, 64]","dict_values([39, 44, 36, 43, 38, 46, 36, 34, 46, 46, 50, 48, 39, 43, 46, 40, 44, 41, 45, 44, 37, 43, 35, 40, 43, 47, 51, 42, 43, 45, 43, 46, 44, 49, 34, 33, 44, 46, 39, 37, 37, 39, 41, 42, 38, 48, 49, 40, 30, 43, 31, 43, 40, 43, 37, 45, 38, 39, 49, 43, 34, 30, 39, 44, 38, 45, 43, 36, 35, 36, 41, 48, 41, 50, 44])",0.04253692427197124
52,82.56,0.5612700643530476,"{0: 0.006317111549883728, 1: 0.006786842780180904, 2: 0.007233204230045244, 3: 0.004350339580793546, 4: 0.0047999881390891515, 5: 0.004898171122060527, 6: 0.0068769114648265335, 7: 0.005491771796310724, 8: 0.006810780756866496, 9: 0.005346939552642232, 10: 0.005543655422230475, 11: 0.007118127111073095, 12: 0.004942536766460523, 13: 0.003523584599135658, 14: 0.005629760908579263, 15: 0.004412263242862384, 16: 0.004825168051299893, 17: 0.005077431499167012, 18: 0.007931700594010552, 19: 0.006592826432849498, 20: 0.006831407603343382, 21: 0.005864912844558489, 22: 0.007287537720757642, 23: 0.007422646297094112, 24: 0.00476438539960618, 25: 0.004653368220891448, 26: 0.005928518412016563, 27: 0.006688573674955444, 28: 0.006114646716956913, 29: 0.006113749569740955, 30: 0.004448296380248142, 31: 0.005998441136575659, 32: 0.006454258674461579, 33: 0.004358910256844642, 34: 0.006605440261467149, 35: 0.006459699562997386, 36: 0.006862799899776264, 37: 0.004945928889002808, 38: 0.006350000429102993, 39: 0.006248894472995817, 40: 0.006700845179907868, 41: 0.005838506941214557, 42: 0.004309209308615739, 43: 0.0073784531974523644, 44: 0.004778240606697658, 45: 0.008165508614765107, 46: 0.0060532254477359175, 47: 0.005865836240595417, 48: 0.0076430650605088515, 49: 0.005308954416943697, 50: 0.005444530039120499, 51: 0.005322172010643322, 52: 0.008615774986934447, 53: 0.006530481780621369, 54: 0.007111494540652535, 55: 0.00847485970432134, 56: 0.00592291411559073, 57: 0.00536127320226531, 58: 0.0036005142924302926, 59: 0.0062474173076334984, 60: 0.006727930061863715, 61: 0.006102790163395623, 62: 0.006557192140218717, 63: 0.005985448238012216, 64: 0.007261625729219777, 65: 0.005846658983814287, 66: 0.005294135093494154, 67: 0.007162743053719292, 68: 0.005825462718848802, 69: 0.0071307636152706765, 70: 0.009532695615309299, 71: 0.006031962430159131, 72: 0.003878202356177318, 73: 0.0064205628998001705, 74: 0.004933211884506694}","[100, 99, 95, 95, 93, 93, 93, 91, 91, 90, 89, 89, 89, 88, 88, 88, 88, 88, 88, 88, 87, 87, 87, 87, 86, 86, 86, 85, 85, 85, 85, 85, 84, 84, 83, 83, 83, 83, 83, 82, 82, 82, 82, 81, 81, 81, 81, 80, 80, 80, 80, 80, 80, 80, 79, 79, 79, 78, 78, 78, 75, 74, 74, 74, 74, 73, 73, 72, 72, 71, 70, 70, 69, 66, 65]","dict_values([39, 44, 36, 43, 38, 46, 36, 34, 46, 46, 50, 48, 39, 43, 46, 40, 44, 41, 45, 44, 37, 43, 35, 40, 43, 47, 51, 42, 43, 45, 43, 46, 44, 49, 34, 33, 44, 46, 39, 37, 37, 39, 41, 42, 38, 48, 49, 40, 30, 43, 31, 43, 40, 43, 37, 45, 38, 39, 49, 43, 34, 30, 39, 44, 38, 45, 43, 36, 35, 36, 41, 48, 41, 50, 44])",0.048818618171984844
52,82.72,0.5627655032641112,"{0: 0.006489648081557178, 1: 0.007039046464814389, 2: 0.007221999605379516, 3: 0.004294525471661706, 4: 0.004834919936328909, 5: 0.005000876658985099, 6: 0.006661972870560486, 7: 0.0054932030607829484, 8: 0.00680399290227591, 9: 0.005457261221825092, 10: 0.00548370429324426, 11: 0.007097337919561201, 12: 0.005104343200082125, 13: 0.0034092060571499576, 14: 0.0055277778408245465, 15: 0.004490363761861866, 16: 0.004806568366019136, 17: 0.005250356037462696, 18: 0.007833908031993886, 19: 0.006609521917021464, 20: 0.0071592390981530555, 21: 0.0058213187025237464, 22: 0.007216963694735612, 23: 0.007560653581344418, 24: 0.004586598172810909, 25: 0.004486203024240537, 26: 0.005816114127786139, 27: 0.006732891341823562, 28: 0.006222347137297578, 29: 0.0061137533584811506, 30: 0.004418916191184205, 31: 0.006100062411916725, 32: 0.006475977365264006, 33: 0.004417866580886777, 34: 0.006797609857752321, 35: 0.0061572872108569265, 36: 0.006604994793311632, 37: 0.00488102336020799, 38: 0.006383842462301976, 39: 0.005979019481642223, 40: 0.0064252628994060255, 41: 0.005621939679306729, 42: 0.0044776564366377685, 43: 0.0074217426852296, 44: 0.004899356108330292, 45: 0.00792583765732428, 46: 0.00612341588934499, 47: 0.005854342144941901, 48: 0.007687317232461319, 49: 0.005219834335273479, 50: 0.005430176654134263, 51: 0.005173248805092909, 52: 0.00858785581895911, 53: 0.00653124170270153, 54: 0.007270644800481567, 55: 0.008581925262768537, 56: 0.006021693808783019, 57: 0.005242412403388618, 58: 0.003576412372045217, 59: 0.006329877235223129, 60: 0.006756616396140487, 61: 0.00617648769681382, 62: 0.006416704181443602, 63: 0.005520997442528342, 64: 0.007362599585788373, 65: 0.0059317903606854495, 66: 0.005128495903449967, 67: 0.007297943658250161, 68: 0.0057774471144498695, 69: 0.006892433822621629, 70: 0.009512590325020583, 71: 0.005949140238587872, 72: 0.003871683446282572, 73: 0.006376309718304692, 74: 0.004948844785269118}","[100, 99, 96, 94, 94, 94, 93, 92, 91, 91, 90, 90, 89, 89, 89, 89, 88, 88, 88, 88, 87, 87, 87, 87, 86, 86, 86, 86, 86, 85, 85, 85, 84, 84, 83, 83, 82, 82, 82, 82, 82, 82, 81, 81, 81, 81, 81, 81, 80, 80, 80, 80, 80, 79, 79, 79, 79, 79, 78, 78, 76, 75, 75, 74, 74, 74, 74, 72, 71, 71, 70, 70, 70, 65, 65]","dict_values([39, 44, 36, 43, 38, 46, 36, 34, 46, 46, 50, 48, 39, 43, 46, 40, 44, 41, 45, 44, 37, 43, 35, 40, 43, 47, 51, 42, 43, 45, 43, 46, 44, 49, 34, 33, 44, 46, 39, 37, 37, 39, 41, 42, 38, 48, 49, 40, 30, 43, 31, 43, 40, 43, 37, 45, 38, 39, 49, 43, 34, 30, 39, 44, 38, 45, 43, 36, 35, 36, 41, 48, 41, 50, 44])",0.04604660124434598
52,82.72,0.5629776938180019,"{0: 0.006522460265887118, 1: 0.007041946618614479, 2: 0.00737671608019449, 3: 0.004297493640028573, 4: 0.004781108046472617, 5: 0.004890005217134498, 6: 0.006508554020904937, 7: 0.005424674855112724, 8: 0.006756140911177484, 9: 0.005288510306535115, 10: 0.00539476800625008, 11: 0.006966785418272473, 12: 0.00512083175850556, 13: 0.003528081488995201, 14: 0.0056083469608542115, 15: 0.004444009212101851, 16: 0.0048288890071726785, 17: 0.004763575410183886, 18: 0.007802825703652231, 19: 0.006532490393866362, 20: 0.007043353655154418, 21: 0.005749590843657733, 22: 0.007256111936446932, 23: 0.007829288184906155, 24: 0.004613813326441733, 25: 0.004529838563473933, 26: 0.00566258602183963, 27: 0.006515123854771331, 28: 0.006100497656033937, 29: 0.006085933324106693, 30: 0.004439988450936659, 31: 0.006112418367210733, 32: 0.006745180674129921, 33: 0.0046433324705641155, 34: 0.006609743992064048, 35: 0.006647706063616726, 36: 0.0067953557122788335, 37: 0.004932027776801336, 38: 0.006554058916274673, 39: 0.005902748079589376, 40: 0.006402392316924471, 41: 0.005448520341070489, 42: 0.004574863598668306, 43: 0.007649558810187972, 44: 0.005065446605948678, 45: 0.007793933763474363, 46: 0.006109514063945594, 47: 0.0056904491887673405, 48: 0.007457586937668325, 49: 0.005374795962041911, 50: 0.005414768271959237, 51: 0.005388675138956949, 52: 0.008351526743901704, 53: 0.0064692439144380135, 54: 0.007500917140527309, 55: 0.0084070458213914, 56: 0.006107648733053286, 57: 0.005185630863828446, 58: 0.003640226522453147, 59: 0.0064084309606206105, 60: 0.006848012621034112, 61: 0.005890012292802419, 62: 0.006320371189749924, 63: 0.0057511212116033985, 64: 0.008005759877619438, 65: 0.0056920232832522, 66: 0.005253357130314073, 67: 0.007213747746466015, 68: 0.00594291371223813, 69: 0.007090556483540894, 70: 0.009342761358308527, 71: 0.005521096220536701, 72: 0.0037213991834216496, 73: 0.006209153918667077, 74: 0.005275121139787074}","[100, 98, 95, 95, 95, 94, 93, 93, 93, 91, 91, 90, 89, 89, 88, 88, 88, 88, 88, 88, 88, 87, 87, 86, 86, 86, 86, 86, 85, 85, 84, 84, 84, 84, 83, 83, 83, 83, 83, 82, 82, 82, 82, 81, 81, 81, 81, 80, 80, 80, 79, 79, 79, 79, 79, 79, 79, 79, 78, 78, 77, 76, 75, 75, 74, 73, 72, 72, 72, 71, 70, 69, 69, 66, 66]","dict_values([39, 44, 36, 43, 38, 46, 36, 34, 46, 46, 50, 48, 39, 43, 46, 40, 44, 41, 45, 44, 37, 43, 35, 40, 43, 47, 51, 42, 43, 45, 43, 46, 44, 49, 34, 33, 44, 46, 39, 37, 37, 39, 41, 42, 38, 48, 49, 40, 30, 43, 31, 43, 40, 43, 37, 45, 38, 39, 49, 43, 34, 30, 39, 44, 38, 45, 43, 36, 35, 36, 41, 48, 41, 50, 44])",0.04595431661360299
51,82.69333333333333,0.5632538909660725,"{0: 0.0065556049511778375, 1: 0.007038407037145755, 2: 0.007182777167729036, 3: 0.004351940661583721, 4: 0.00488132285664126, 5: 0.0049280658704904745, 6: 0.006313369156077886, 7: 0.005438919942447107, 8: 0.006868891400289457, 9: 0.005312463570116125, 10: 0.00543765195319844, 11: 0.007266177865357363, 12: 0.0051146676067581245, 13: 0.003568108375138462, 14: 0.00556167699311998, 15: 0.00427097388977769, 16: 0.004845506188566211, 17: 0.004718932559496115, 18: 0.007824257385098898, 19: 0.0064423973844136865, 20: 0.006956958136251878, 21: 0.005423125840776476, 22: 0.007294223968302508, 23: 0.007970071724107713, 24: 0.0045112427341419715, 25: 0.004561657825996599, 26: 0.005590195960272535, 27: 0.006522108710679171, 28: 0.006084168574815024, 29: 0.006196834308605995, 30: 0.004300645695950261, 31: 0.006353092446205579, 32: 0.006881220265585094, 33: 0.004591456877199824, 34: 0.006485441916871708, 35: 0.0067183529481497145, 36: 0.006931055658946594, 37: 0.005128215492144734, 38: 0.006375739270725898, 39: 0.005712792723449711, 40: 0.006424794623922441, 41: 0.005432078370445931, 42: 0.004535608934972226, 43: 0.007666568620791885, 44: 0.00511274054451169, 45: 0.007811352519777854, 46: 0.006197523033978281, 47: 0.005519349689943965, 48: 0.007793891213458485, 49: 0.00536929207327678, 50: 0.00544421842928706, 51: 0.005350957206959289, 52: 0.008544491894534705, 53: 0.006440263119593046, 54: 0.007657389711658541, 55: 0.008394499305096064, 56: 0.005916594132529062, 57: 0.005416172020145798, 58: 0.0035740356334130466, 59: 0.006259700620198244, 60: 0.006893475604786393, 61: 0.005859277818152157, 62: 0.0063310191068623135, 63: 0.005843982340322976, 64: 0.0077680860941916705, 65: 0.005588593045377524, 66: 0.005519300154905768, 67: 0.007046569348194108, 68: 0.006088495500683658, 69: 0.00720606447069861, 70: 0.009326733625143784, 71: 0.005401916712128646, 72: 0.0037592477978836436, 73: 0.006099217985994075, 74: 0.00524639568723512}","[101, 98, 96, 95, 95, 94, 94, 94, 93, 91, 91, 90, 90, 89, 89, 89, 88, 88, 88, 87, 87, 87, 86, 86, 86, 86, 86, 86, 85, 85, 84, 84, 84, 83, 83, 83, 83, 83, 83, 82, 82, 82, 82, 82, 81, 81, 81, 80, 80, 80, 80, 80, 79, 79, 79, 78, 78, 78, 77, 77, 77, 76, 76, 75, 73, 73, 73, 72, 71, 71, 69, 69, 68, 66, 65]","dict_values([39, 44, 36, 43, 38, 46, 36, 34, 46, 46, 50, 48, 39, 43, 46, 40, 44, 41, 45, 44, 37, 43, 35, 40, 43, 47, 51, 42, 43, 45, 43, 46, 44, 49, 34, 33, 44, 46, 39, 37, 37, 39, 41, 42, 38, 48, 49, 40, 30, 43, 31, 43, 40, 43, 37, 45, 38, 39, 49, 43, 34, 30, 39, 44, 38, 45, 43, 36, 35, 36, 41, 48, 41, 50, 44])",0.04927268055233037
51,82.66666666666667,0.5621420889893105,"{0: 0.006532280273584121, 1: 0.0070588434737454495, 2: 0.007259078116970061, 3: 0.004582958075468862, 4: 0.005505462412237598, 5: 0.004949911402343223, 6: 0.006317039738553455, 7: 0.005356858982623585, 8: 0.006733814862521811, 9: 0.005477517626403941, 10: 0.005303135807652935, 11: 0.006978577643287131, 12: 0.005128888966194625, 13: 0.003914837620362103, 14: 0.005528319821555327, 15: 0.004362302814439413, 16: 0.004880301959878605, 17: 0.004890442428826763, 18: 0.007628232953534039, 19: 0.006602716850131599, 20: 0.006817915173337177, 21: 0.005427275335220161, 22: 0.007506394206391567, 23: 0.008153575560273612, 24: 0.004712676422757881, 25: 0.004559450270308322, 26: 0.005564587024099325, 27: 0.006708368380204737, 28: 0.006105164116185396, 29: 0.006221250117187382, 30: 0.004355603051569346, 31: 0.006397820172781108, 32: 0.006746202531419996, 33: 0.004532224096667458, 34: 0.006152630825915861, 35: 0.00654323900110294, 36: 0.006540708373133809, 37: 0.005110945210748222, 38: 0.00615781413626473, 39: 0.005720921326559305, 40: 0.0064660914754765915, 41: 0.005552657599089121, 42: 0.0044749559934165175, 43: 0.00750916245448063, 44: 0.00496766549392362, 45: 0.0076645127645606406, 46: 0.0060671544035727784, 47: 0.005550603490176572, 48: 0.007898694542832166, 49: 0.0054075635938474345, 50: 0.0054415199012650605, 51: 0.005214028856556823, 52: 0.008734886981826602, 53: 0.006517737749925806, 54: 0.007794428510550609, 55: 0.0083149846440968, 56: 0.005950413775676072, 57: 0.005276229568445859, 58: 0.0035837739746147766, 59: 0.006272885482056771, 60: 0.006931123483869501, 61: 0.006097786984488124, 62: 0.006141850554662054, 63: 0.005922326430612761, 64: 0.007535289178453312, 65: 0.005611167979013524, 66: 0.005729939161549649, 67: 0.0070826020394473875, 68: 0.0062745936528639315, 69: 0.007002729441978033, 70: 0.009194059876832483, 71: 0.005347968326672513, 72: 0.003823975640810468, 73: 0.005888313181681805, 74: 0.005265763156560467}","[102, 97, 97, 95, 95, 95, 93, 92, 92, 92, 90, 90, 88, 88, 88, 88, 88, 88, 87, 87, 87, 86, 86, 86, 85, 85, 85, 85, 85, 85, 85, 84, 84, 84, 84, 83, 83, 83, 83, 83, 82, 82, 82, 82, 82, 81, 81, 81, 81, 80, 79, 79, 79, 79, 79, 78, 78, 77, 77, 77, 76, 76, 76, 75, 74, 74, 73, 73, 71, 71, 70, 70, 69, 68, 65]","dict_values([39, 44, 36, 43, 38, 46, 36, 34, 46, 46, 50, 48, 39, 43, 46, 40, 44, 41, 45, 44, 37, 43, 35, 40, 43, 47, 51, 42, 43, 45, 43, 46, 44, 49, 34, 33, 44, 46, 39, 37, 37, 39, 41, 42, 38, 48, 49, 40, 30, 43, 31, 43, 40, 43, 37, 45, 38, 39, 49, 43, 34, 30, 39, 44, 38, 45, 43, 36, 35, 36, 41, 48, 41, 50, 44])",0.04784568158168577
51,82.8,0.5626552658042194,"{0: 0.00640627272140737, 1: 0.006784954977939208, 2: 0.007145085995766536, 3: 0.004745254538548909, 4: 0.005526867056762938, 5: 0.004991686119642969, 6: 0.006421668437141127, 7: 0.0056576948912845735, 8: 0.006748505919144997, 9: 0.005523435574688519, 10: 0.0053968675604613514, 11: 0.00715059605796333, 12: 0.005052998896999259, 13: 0.004316099264732914, 14: 0.00596939476391187, 15: 0.0043452322643822905, 16: 0.0049764620171094485, 17: 0.00496446787854763, 18: 0.007304206635834483, 19: 0.006680633513490736, 20: 0.006985181042492836, 21: 0.005608682729447445, 22: 0.007265297601835912, 23: 0.00809126322833553, 24: 0.004627766953821262, 25: 0.00455151683280731, 26: 0.005482241705733503, 27: 0.006476031881499984, 28: 0.006070313980777339, 29: 0.0063273515319267675, 30: 0.004269633836478338, 31: 0.006509960040133617, 32: 0.0066888569435670986, 33: 0.004451277454417342, 34: 0.006089085177214809, 35: 0.00644424170927748, 36: 0.00648660700988898, 37: 0.0050917712975755034, 38: 0.005916069704997807, 39: 0.005534647573087259, 40: 0.006563274267932242, 41: 0.005374055290857665, 42: 0.004456307682189241, 43: 0.007441045333531493, 44: 0.004937442629631301, 45: 0.007210199547094578, 46: 0.006040431858229181, 47: 0.0054108212968795415, 48: 0.007745527152529515, 49: 0.00538337820285305, 50: 0.005617689720199844, 51: 0.005219687341289826, 52: 0.008747601979724058, 53: 0.006419299424672073, 54: 0.008142146122456801, 55: 0.008384659905777593, 56: 0.00572912691465162, 57: 0.005332045069888269, 58: 0.0038455028252887703, 59: 0.00621379763172211, 60: 0.006875078071650426, 61: 0.0062220291922757175, 62: 0.00592253119776747, 63: 0.00579289661688655, 64: 0.007504300231373143, 65: 0.005619660538318188, 66: 0.00603968523139543, 67: 0.007099827579630327, 68: 0.00607169217751979, 69: 0.006941627197990322, 70: 0.009199872888510438, 71: 0.005167820345159993, 72: 0.0038584842842042185, 73: 0.005776140950216289, 74: 0.005228274369592626}","[102, 98, 97, 96, 96, 94, 92, 91, 91, 90, 90, 89, 88, 88, 88, 88, 88, 88, 88, 87, 87, 87, 87, 86, 86, 85, 85, 85, 85, 85, 84, 84, 84, 83, 83, 83, 83, 83, 83, 83, 83, 82, 82, 82, 82, 82, 81, 81, 81, 81, 80, 80, 79, 79, 79, 78, 78, 77, 77, 77, 77, 76, 76, 75, 75, 75, 74, 72, 71, 71, 71, 70, 70, 69, 67]","dict_values([39, 44, 36, 43, 38, 46, 36, 34, 46, 46, 50, 48, 39, 43, 46, 40, 44, 41, 45, 44, 37, 43, 35, 40, 43, 47, 51, 42, 43, 45, 43, 46, 44, 49, 34, 33, 44, 46, 39, 37, 37, 39, 41, 42, 38, 48, 49, 40, 30, 43, 31, 43, 40, 43, 37, 45, 38, 39, 49, 43, 34, 30, 39, 44, 38, 45, 43, 36, 35, 36, 41, 48, 41, 50, 44])",0.048956205382726437
52,82.72,0.5624760381722629,"{0: 0.0065501241055088005, 1: 0.006938990552780505, 2: 0.007151213106269589, 3: 0.004930669400608571, 4: 0.005209424150917134, 5: 0.004821403426683456, 6: 0.006540933380971067, 7: 0.0056722500247545805, 8: 0.006750533610239838, 9: 0.005587174391077359, 10: 0.0053506082661993306, 11: 0.0070092630426902055, 12: 0.005252538821612014, 13: 0.004634037052350003, 14: 0.005833869275779634, 15: 0.004503324419643041, 16: 0.004865308931469807, 17: 0.004854427834618267, 18: 0.007511994534849582, 19: 0.006911895958066452, 20: 0.006686994505546012, 21: 0.005609303130079154, 22: 0.007453575888919373, 23: 0.008195955361526461, 24: 0.004426228301023808, 25: 0.0045405071052233275, 26: 0.005315997662514663, 27: 0.006269477752882236, 28: 0.006190993224935189, 29: 0.006692447027192494, 30: 0.004158671908762078, 31: 0.0065882000760907125, 32: 0.00654600266429811, 33: 0.004493251205191748, 34: 0.0061095170676841205, 35: 0.006261951272539083, 36: 0.006244374524036343, 37: 0.005246213231068091, 38: 0.006172914711396762, 39: 0.005559997366194093, 40: 0.006551491551985715, 41: 0.0053790613790453455, 42: 0.004158292151766613, 43: 0.007452269678133439, 44: 0.004853594256756599, 45: 0.007067410640838786, 46: 0.006172523132246802, 47: 0.0054256948900169005, 48: 0.007430673767513805, 49: 0.005338331718698915, 50: 0.005614042202102046, 51: 0.005192846488638567, 52: 0.00906749323667007, 53: 0.006367412969032805, 54: 0.007828851334550807, 55: 0.008533125085580797, 56: 0.005790543679506538, 57: 0.005465925785147022, 58: 0.00375226302636969, 59: 0.006189190463274999, 60: 0.0069774922710798435, 61: 0.006247542988353876, 62: 0.0061719453579369135, 63: 0.005711807878112628, 64: 0.007411287582045868, 65: 0.005580840127901824, 66: 0.006067866955663834, 67: 0.0068608753504825004, 68: 0.006024204450188171, 69: 0.0072389005286360554, 70: 0.0095311411429082, 71: 0.005231553495026595, 72: 0.0036276548692456257, 73: 0.0058098877422232895, 74: 0.005398897809510088}","[104, 100, 97, 97, 95, 92, 92, 92, 91, 90, 90, 89, 88, 88, 88, 88, 88, 88, 87, 87, 87, 87, 87, 86, 86, 86, 86, 85, 85, 85, 85, 84, 84, 83, 83, 83, 82, 82, 82, 82, 82, 82, 82, 82, 81, 81, 81, 81, 81, 81, 80, 80, 80, 80, 78, 78, 78, 78, 77, 77, 77, 76, 76, 75, 74, 73, 73, 72, 71, 71, 71, 70, 69, 69, 66]","dict_values([39, 44, 36, 43, 38, 46, 36, 34, 46, 46, 50, 48, 39, 43, 46, 40, 44, 41, 45, 44, 37, 43, 35, 40, 43, 47, 51, 42, 43, 45, 43, 46, 44, 49, 34, 33, 44, 46, 39, 37, 37, 39, 41, 42, 38, 48, 49, 40, 30, 43, 31, 43, 40, 43, 37, 45, 38, 39, 49, 43, 34, 30, 39, 44, 38, 45, 43, 36, 35, 36, 41, 48, 41, 50, 44])",0.04029564753257086
51,82.72,0.5622077081707788,"{0: 0.006320096710984174, 1: 0.0068209919785857005, 2: 0.007041371604770017, 3: 0.005067606716677446, 4: 0.0051897317927013945, 5: 0.004740328195489519, 6: 0.0062245404277281365, 7: 0.005485973411481218, 8: 0.006723428769642037, 9: 0.0053486846740274365, 10: 0.005254967969242183, 11: 0.0069547326463777, 12: 0.005534347339839612, 13: 0.004736993210635065, 14: 0.006145558708691319, 15: 0.004625896057779819, 16: 0.004954703121573554, 17: 0.004810546193586289, 18: 0.007269473917843594, 19: 0.006967604271943213, 20: 0.006851871667026592, 21: 0.005836425012270782, 22: 0.007457409279848649, 23: 0.008058328944392646, 24: 0.004278700985274541, 25: 0.004706827919189036, 26: 0.005067114795725097, 27: 0.006423521349378055, 28: 0.006247873573539694, 29: 0.006718602576127418, 30: 0.004171337784412606, 31: 0.006835004971035407, 32: 0.006484205846165512, 33: 0.004451680639816434, 34: 0.0060869577889814085, 35: 0.006210926452309683, 36: 0.006227802260323656, 37: 0.005207973137852829, 38: 0.006209698325289685, 39: 0.005408163703176491, 40: 0.006362124695550248, 41: 0.005667442465469474, 42: 0.004270955806623087, 43: 0.007042613782454383, 44: 0.0050513246335971715, 45: 0.007071196303620929, 46: 0.006187013753600709, 47: 0.0054435602545669344, 48: 0.007867306618084364, 49: 0.005658693218406959, 50: 0.00581246331841633, 51: 0.005394605852542644, 52: 0.008747560729047173, 53: 0.006304010017670219, 54: 0.00820255609788392, 55: 0.008572536666577077, 56: 0.005669727893405624, 57: 0.00548481593114952, 58: 0.0037979182747889615, 59: 0.006211826553209381, 60: 0.006878698913039449, 61: 0.0063012958296389445, 62: 0.005776035585537082, 63: 0.006013411145392072, 64: 0.007351560177279699, 65: 0.005761857657621284, 66: 0.006130108623186716, 67: 0.006863435996990844, 68: 0.005729394657630985, 69: 0.007136520458363083, 70: 0.009486248040630148, 71: 0.005245099616313724, 72: 0.003521294962193161, 73: 0.005711716817943862, 74: 0.005280558181222859}","[102, 100, 97, 97, 96, 94, 92, 91, 91, 89, 89, 88, 88, 88, 88, 88, 88, 87, 87, 87, 87, 87, 86, 86, 86, 86, 86, 85, 85, 85, 85, 85, 84, 83, 83, 83, 83, 83, 83, 82, 82, 82, 82, 82, 81, 81, 81, 81, 81, 80, 80, 80, 80, 80, 79, 78, 78, 78, 78, 77, 77, 77, 76, 74, 74, 74, 73, 72, 71, 71, 71, 71, 68, 68, 66]","dict_values([39, 44, 36, 43, 38, 46, 36, 34, 46, 46, 50, 48, 39, 43, 46, 40, 44, 41, 45, 44, 37, 43, 35, 40, 43, 47, 51, 42, 43, 45, 43, 46, 44, 49, 34, 33, 44, 46, 39, 37, 37, 39, 41, 42, 38, 48, 49, 40, 30, 43, 31, 43, 40, 43, 37, 45, 38, 39, 49, 43, 34, 30, 39, 44, 38, 45, 43, 36, 35, 36, 41, 48, 41, 50, 44])",0.05111757934919383
51,82.88,0.5627781724831561,"{0: 0.006434655344132741, 1: 0.006601487820638372, 2: 0.006893570982339187, 3: 0.005180098533482492, 4: 0.005251122406054222, 5: 0.004882691414079207, 6: 0.006254591701758691, 7: 0.005417436304151327, 8: 0.006505318905949499, 9: 0.005521336918175385, 10: 0.005036831896367393, 11: 0.0066426924862355964, 12: 0.005567671242782353, 13: 0.004745736286983187, 14: 0.00641201613135605, 15: 0.004649922379385708, 16: 0.004720130762373261, 17: 0.0046836823094449495, 18: 0.007252113551404448, 19: 0.00673465982239317, 20: 0.006566054834113995, 21: 0.006161685935382231, 22: 0.0074458893603135574, 23: 0.007516517122628196, 24: 0.004506830560935844, 25: 0.004790214280831819, 26: 0.0048901973854961825, 27: 0.006389738899848915, 28: 0.006591973593286531, 29: 0.007163550914674976, 30: 0.0041416903369115455, 31: 0.006789953776183353, 32: 0.006452462362430747, 33: 0.004448748517484272, 34: 0.006444591976033751, 35: 0.006340651587909477, 36: 0.006118316250169994, 37: 0.005121847413517632, 38: 0.006295035419696793, 39: 0.005356092488406747, 40: 0.006461892021093122, 41: 0.005981709555917651, 42: 0.004396261568359112, 43: 0.006653156125223876, 44: 0.005100031026134753, 45: 0.0074096236637736495, 46: 0.005996917618788492, 47: 0.005452518192898651, 48: 0.00757402202575942, 49: 0.005762464736239196, 50: 0.0060423975800082, 51: 0.005416520738252043, 52: 0.008667003440750144, 53: 0.006215477340931858, 54: 0.007983191465813926, 55: 0.00842652139123734, 56: 0.005843955671922466, 57: 0.005653812659995767, 58: 0.00377173955246848, 59: 0.006208156808371321, 60: 0.006928381908384535, 61: 0.006165290823102214, 62: 0.005486496330552879, 63: 0.006059244016432436, 64: 0.007105833744576229, 65: 0.005865776408618202, 66: 0.00625657158237535, 67: 0.006669682545852985, 68: 0.005672388141422982, 69: 0.006865413322983787, 70: 0.009402272358236189, 71: 0.005299168115377724, 72: 0.0034765827850285593, 73: 0.005838317198011798, 74: 0.005026191839908794}","[102, 100, 96, 96, 94, 93, 92, 91, 91, 90, 89, 88, 88, 88, 88, 88, 88, 87, 87, 87, 87, 86, 86, 86, 86, 86, 86, 86, 86, 85, 85, 85, 85, 84, 84, 84, 83, 83, 83, 83, 83, 83, 82, 82, 82, 82, 82, 81, 81, 81, 81, 81, 80, 80, 79, 79, 78, 78, 77, 77, 77, 77, 76, 75, 74, 73, 73, 72, 72, 72, 71, 70, 70, 68, 65]","dict_values([39, 44, 36, 43, 38, 46, 36, 34, 46, 46, 50, 48, 39, 43, 46, 40, 44, 41, 45, 44, 37, 43, 35, 40, 43, 47, 51, 42, 43, 45, 43, 46, 44, 49, 34, 33, 44, 46, 39, 37, 37, 39, 41, 42, 38, 48, 49, 40, 30, 43, 31, 43, 40, 43, 37, 45, 38, 39, 49, 43, 34, 30, 39, 44, 38, 45, 43, 36, 35, 36, 41, 48, 41, 50, 44])",0.04818293886826706
51,82.88,0.5631648895763811,"{0: 0.006472677925325096, 1: 0.006950261362939588, 2: 0.006840294148870607, 3: 0.005216152419120832, 4: 0.005016150027617538, 5: 0.0050204572041633935, 6: 0.006224301350014654, 7: 0.005420366875272358, 8: 0.006529935752510344, 9: 0.005337890271221164, 10: 0.005176195997664864, 11: 0.006486688932676522, 12: 0.005503970554407701, 13: 0.004566654156853016, 14: 0.006324913305573053, 15: 0.004429716599435331, 16: 0.0048775046590832155, 17: 0.00477904539809698, 18: 0.007336178185448696, 19: 0.006593515210127747, 20: 0.006533980457373171, 21: 0.006189406061890207, 22: 0.007272132687068467, 23: 0.0075445609755999225, 24: 0.004519643177442595, 25: 0.004646296836197031, 26: 0.004741644272102268, 27: 0.00616506660672821, 28: 0.006782509055439602, 29: 0.007221338175700426, 30: 0.004118788699694627, 31: 0.006752491204281822, 32: 0.006455297799057382, 33: 0.004466770729845382, 34: 0.0064633671487200495, 35: 0.006502605847631104, 36: 0.006104729188833821, 37: 0.004978195367540731, 38: 0.006115205302796031, 39: 0.005320047145575102, 40: 0.00652193974310395, 41: 0.005815045291332106, 42: 0.004204115713407732, 43: 0.006815658344871385, 44: 0.0052778150605337585, 45: 0.007355388347330199, 46: 0.005986258061316833, 47: 0.005391843803278107, 48: 0.007585222690373006, 49: 0.005676637780632019, 50: 0.005781421225380993, 51: 0.005500132685015916, 52: 0.008722233039439897, 53: 0.006070551388534742, 54: 0.008201981464814127, 55: 0.00866503674757874, 56: 0.005868559817835955, 57: 0.005788989293887745, 58: 0.0037182776293303043, 59: 0.00673270514042747, 60: 0.007115939420150296, 61: 0.006115578819961718, 62: 0.0053026927329139694, 63: 0.0060893266059477485, 64: 0.0071209918850005305, 65: 0.006019542479599298, 66: 0.006220082807163623, 67: 0.006640075533105655, 68: 0.005556433352408957, 69: 0.0068182026379139385, 70: 0.009629655114490715, 71: 0.005005008875927736, 72: 0.003500828306311595, 73: 0.006024943008677107, 74: 0.005218732596609411}","[102, 101, 97, 97, 94, 93, 91, 91, 91, 90, 89, 89, 88, 88, 88, 88, 87, 87, 87, 87, 87, 87, 86, 86, 86, 86, 86, 85, 85, 85, 85, 85, 85, 85, 84, 84, 84, 83, 83, 83, 83, 83, 82, 82, 82, 82, 82, 82, 81, 81, 80, 80, 80, 80, 79, 79, 78, 78, 78, 77, 77, 77, 76, 74, 73, 73, 73, 73, 72, 71, 70, 70, 70, 68, 65]","dict_values([39, 44, 36, 43, 38, 46, 36, 34, 46, 46, 50, 48, 39, 43, 46, 40, 44, 41, 45, 44, 37, 43, 35, 40, 43, 47, 51, 42, 43, 45, 43, 46, 44, 49, 34, 33, 44, 46, 39, 37, 37, 39, 41, 42, 38, 48, 49, 40, 30, 43, 31, 43, 40, 43, 37, 45, 38, 39, 49, 43, 34, 30, 39, 44, 38, 45, 43, 36, 35, 36, 41, 48, 41, 50, 44])",0.04833563569084806
51,82.93333333333334,0.5638393406575302,"{0: 0.006246474004762396, 1: 0.0068320418030611485, 2: 0.006457496350622499, 3: 0.005206639723765011, 4: 0.005153471036577417, 5: 0.005149056672916747, 6: 0.0064040572878561975, 7: 0.005391778322844178, 8: 0.006579918123552977, 9: 0.005190497245051444, 10: 0.005289304151837906, 11: 0.006215586355899265, 12: 0.005397486516424539, 13: 0.004771864605769753, 14: 0.0062469064048546385, 15: 0.004619671464912673, 16: 0.004970513942060205, 17: 0.004679103403180863, 18: 0.007483969919774969, 19: 0.0064259406531712, 20: 0.006414617147416376, 21: 0.006091305029270099, 22: 0.007345450795411898, 23: 0.007396583376351373, 24: 0.0043546304110353125, 25: 0.00448648740329984, 26: 0.004771583317011295, 27: 0.005993568525029035, 28: 0.007081847635187688, 29: 0.007457367760307672, 30: 0.003992124382812995, 31: 0.006893606719023533, 32: 0.006332198920190676, 33: 0.004193898226137913, 34: 0.006258918907121659, 35: 0.006520336904672501, 36: 0.006365033882133087, 37: 0.004775223774408689, 38: 0.005844843721748085, 39: 0.00539534371827859, 40: 0.006675609280308226, 41: 0.005983365761179159, 42: 0.004084251890671818, 43: 0.006805193675174033, 44: 0.005309451390790005, 45: 0.00730746763497751, 46: 0.005936388102932878, 47: 0.005544352183029171, 48: 0.0076065413317717, 49: 0.005574180821603495, 50: 0.005664608663086742, 51: 0.0055104924447364634, 52: 0.008894783144373053, 53: 0.006312907254735911, 54: 0.007867372372697645, 55: 0.008790846087749535, 56: 0.005841295550751099, 57: 0.00576697169345568, 58: 0.003844436753203906, 59: 0.006817255963877123, 60: 0.007279219586583739, 61: 0.006093573168087668, 62: 0.005495082791804309, 63: 0.0063232950344518524, 64: 0.006730596312170362, 65: 0.006082827159751299, 66: 0.0063601429706036765, 67: 0.006560599278875466, 68: 0.005741225223001408, 69: 0.0067575252028599184, 70: 0.00965974059839656, 71: 0.0049508220914973285, 72: 0.003403688806625414, 73: 0.006168040390645416, 74: 0.0052636621113984474}","[103, 101, 98, 96, 93, 93, 92, 91, 91, 91, 90, 89, 88, 88, 88, 88, 87, 87, 87, 87, 87, 87, 87, 87, 87, 86, 86, 86, 86, 85, 85, 85, 85, 84, 84, 84, 84, 84, 83, 83, 83, 83, 82, 82, 82, 82, 81, 81, 81, 81, 81, 80, 80, 80, 80, 79, 79, 78, 78, 77, 77, 76, 75, 74, 74, 73, 73, 72, 72, 71, 70, 69, 68, 67, 66]","dict_values([39, 44, 36, 43, 38, 46, 36, 34, 46, 46, 50, 48, 39, 43, 46, 40, 44, 41, 45, 44, 37, 43, 35, 40, 43, 47, 51, 42, 43, 45, 43, 46, 44, 49, 34, 33, 44, 46, 39, 37, 37, 39, 41, 42, 38, 48, 49, 40, 30, 43, 31, 43, 40, 43, 37, 45, 38, 39, 49, 43, 34, 30, 39, 44, 38, 45, 43, 36, 35, 36, 41, 48, 41, 50, 44])",0.050292490772427915
51,82.77333333333333,0.5630872220894457,"{0: 0.006084088287885084, 1: 0.006548590384688889, 2: 0.006539031989121808, 3: 0.005237885597106419, 4: 0.005111639113036816, 5: 0.0049926924578903974, 6: 0.006182274341834349, 7: 0.005439696180625105, 8: 0.006621948145093172, 9: 0.005033067779801836, 10: 0.005208511099664533, 11: 0.0063843042122941115, 12: 0.005443868013023745, 13: 0.004847222405375012, 14: 0.00629435322159145, 15: 0.00454063857982857, 16: 0.004898386389997155, 17: 0.004559062163687704, 18: 0.0075762968976035355, 19: 0.006574327748376311, 20: 0.006572356350010448, 21: 0.006010954272329611, 22: 0.007406281605208488, 23: 0.007671323540120017, 24: 0.004533427262099986, 25: 0.004215005242634862, 26: 0.004715776609567061, 27: 0.005786935598895956, 28: 0.007184305427332855, 29: 0.007471846021055741, 30: 0.00411834284085312, 31: 0.007034277846640978, 32: 0.006406648314141484, 33: 0.004181247077058864, 34: 0.00653308878650927, 35: 0.006494462531950672, 36: 0.006213172062339944, 37: 0.004865859817647073, 38: 0.005781505447264405, 39: 0.005397172155616315, 40: 0.006700627250641026, 41: 0.0059977288667684425, 42: 0.0040386054901869394, 43: 0.006756412046320425, 44: 0.0053024707018250105, 45: 0.007393274232770182, 46: 0.0061782436167173195, 47: 0.005541218526289244, 48: 0.007667970890119532, 49: 0.005607709561029163, 50: 0.005553734590541643, 51: 0.005364182308508747, 52: 0.008808982945497687, 53: 0.006779513763924231, 54: 0.008169340506692819, 55: 0.00879092009306065, 56: 0.006119820741066409, 57: 0.005437014931764722, 58: 0.0038668260960240657, 59: 0.006680354007172121, 60: 0.007346701935452262, 61: 0.0061300700499382675, 62: 0.005330983557026135, 63: 0.006433166797365591, 64: 0.006868987828658468, 65: 0.006056536054861508, 66: 0.006130617489158676, 67: 0.006268659864852096, 68: 0.006030099563867863, 69: 0.006903332216512611, 70: 0.009786472846832667, 71: 0.005132326199693807, 72: 0.0033801445890337817, 73: 0.00619978930225432, 74: 0.005330547734207506}","[102, 101, 98, 97, 94, 93, 92, 91, 91, 91, 90, 89, 89, 88, 88, 88, 88, 87, 87, 87, 87, 87, 87, 87, 86, 86, 86, 86, 85, 85, 85, 85, 85, 84, 84, 84, 84, 83, 83, 83, 83, 82, 82, 82, 81, 81, 81, 81, 80, 80, 80, 80, 80, 79, 79, 78, 78, 78, 78, 77, 77, 77, 75, 74, 74, 73, 72, 71, 71, 71, 70, 69, 68, 67, 66]","dict_values([39, 44, 36, 43, 38, 46, 36, 34, 46, 46, 50, 48, 39, 43, 46, 40, 44, 41, 45, 44, 37, 43, 35, 40, 43, 47, 51, 42, 43, 45, 43, 46, 44, 49, 34, 33, 44, 46, 39, 37, 37, 39, 41, 42, 38, 48, 49, 40, 30, 43, 31, 43, 40, 43, 37, 45, 38, 39, 49, 43, 34, 30, 39, 44, 38, 45, 43, 36, 35, 36, 41, 48, 41, 50, 44])",0.05139506556222767
51,82.82666666666667,0.5640553524949361,"{0: 0.006240388147991044, 1: 0.006472537232872808, 2: 0.006499014741312286, 3: 0.005012273377769223, 4: 0.004930806681707088, 5: 0.005005442091748584, 6: 0.006507196287741656, 7: 0.005400582490549621, 8: 0.006582423984708032, 9: 0.004619709366269857, 10: 0.0054208355519966, 11: 0.006037798922198221, 12: 0.005445208027848585, 13: 0.004944089902175824, 14: 0.006287816968993734, 15: 0.004332725545323209, 16: 0.004664503906408673, 17: 0.004622507955583452, 18: 0.00763900951420888, 19: 0.006465925444437427, 20: 0.00635403930408771, 21: 0.006187805320803826, 22: 0.007533809005613105, 23: 0.007723258698905353, 24: 0.004315824458640203, 25: 0.004354660716190623, 26: 0.004691270420014768, 27: 0.005797183048625197, 28: 0.007347078457166963, 29: 0.0076451538242382055, 30: 0.0041395097675043565, 31: 0.006823959199454066, 32: 0.006341041376504161, 33: 0.004371029238138328, 34: 0.006337188525896997, 35: 0.006351073538055585, 36: 0.0060357659596895295, 37: 0.0048888427342146275, 38: 0.005946481092445442, 39: 0.005364360383694688, 40: 0.00666601271755961, 41: 0.005921635148255443, 42: 0.003958315713628949, 43: 0.006671588601255119, 44: 0.00520712566359427, 45: 0.007314216142850955, 46: 0.006071174717118876, 47: 0.00592484193027911, 48: 0.007590832846091351, 49: 0.005955565980945643, 50: 0.005824719555319788, 51: 0.005086130480197865, 52: 0.008980484573485485, 53: 0.00675901084225662, 54: 0.008124595340616533, 55: 0.008586444435347831, 56: 0.0060851281792427755, 57: 0.005693220924090801, 58: 0.0037275741167425444, 59: 0.007057378919826878, 60: 0.007485450324645611, 61: 0.006298644192186293, 62: 0.0055414597768070305, 63: 0.006228213268827933, 64: 0.00680946044241277, 65: 0.006389401125879901, 66: 0.006204953122234548, 67: 0.006135201473924225, 68: 0.005889159642501654, 69: 0.006731141093012631, 70: 0.009766933726863134, 71: 0.005070752289010776, 72: 0.00343329274445417, 73: 0.006258259577343595, 74: 0.005296576926954272}","[103, 102, 97, 97, 94, 93, 92, 92, 92, 92, 91, 89, 89, 89, 88, 88, 87, 87, 87, 87, 87, 87, 87, 87, 86, 86, 86, 86, 86, 85, 85, 85, 84, 84, 84, 84, 84, 83, 83, 83, 83, 83, 82, 82, 82, 82, 81, 81, 81, 81, 80, 80, 79, 79, 79, 78, 78, 77, 77, 76, 76, 76, 75, 75, 74, 73, 72, 72, 71, 70, 70, 69, 68, 67, 65]","dict_values([39, 44, 36, 43, 38, 46, 36, 34, 46, 46, 50, 48, 39, 43, 46, 40, 44, 41, 45, 44, 37, 43, 35, 40, 43, 47, 51, 42, 43, 45, 43, 46, 44, 49, 34, 33, 44, 46, 39, 37, 37, 39, 41, 42, 38, 48, 49, 40, 30, 43, 31, 43, 40, 43, 37, 45, 38, 39, 49, 43, 34, 30, 39, 44, 38, 45, 43, 36, 35, 36, 41, 48, 41, 50, 44])",0.048093982566612827
51,82.85333333333334,0.5640218147686444,"{0: 0.006291990728583503, 1: 0.006276668594456995, 2: 0.006263862614604791, 3: 0.004992274477818334, 4: 0.005129823148174284, 5: 0.005086145058012123, 6: 0.0068024950633124364, 7: 0.005266901826805189, 8: 0.00663354972631515, 9: 0.004641335427069688, 10: 0.005636463721866257, 11: 0.006256191993059995, 12: 0.00545395940338593, 13: 0.00459900147876972, 14: 0.006131543254770182, 15: 0.004352210641291866, 16: 0.004708436218801179, 17: 0.004785069469933552, 18: 0.00750179155896309, 19: 0.006495868189983964, 20: 0.006367384897632989, 21: 0.006205539161215745, 22: 0.007715046808718248, 23: 0.007349686572720658, 24: 0.0043115712818841394, 25: 0.004224061755799708, 26: 0.004675416770327226, 27: 0.005763283783787051, 28: 0.007348049048317315, 29: 0.007504429847466138, 30: 0.004139333564359582, 31: 0.006685255297277032, 32: 0.006290385467929226, 33: 0.00429141717004435, 34: 0.006404468561503308, 35: 0.0062360162911733906, 36: 0.006040426235339717, 37: 0.005001623735790022, 38: 0.005748908879521312, 39: 0.00539236558562487, 40: 0.006426516460607504, 41: 0.005879019713523097, 42: 0.004060663245024443, 43: 0.00668193388846522, 44: 0.005191491786790489, 45: 0.007313311820608473, 46: 0.0062634160942831, 47: 0.006099939248760305, 48: 0.0075496919318431355, 49: 0.005958771718012491, 50: 0.005970211129742838, 51: 0.005065636658884716, 52: 0.008926120337235402, 53: 0.0069284851854980265, 54: 0.007933903620317024, 55: 0.008587851878719847, 56: 0.006052958485619035, 57: 0.005650111937784256, 58: 0.0037780908924168427, 59: 0.007120235940233376, 60: 0.007428096209883988, 61: 0.006013809809729194, 62: 0.005426037496239654, 63: 0.006422677551087451, 64: 0.007239178559546709, 65: 0.006167871396080212, 66: 0.006395631405333594, 67: 0.006186228373454786, 68: 0.005820652351064837, 69: 0.006749042242718513, 70: 0.009492767706372708, 71: 0.005146866037574986, 72: 0.0034570948646745286, 73: 0.006439500827325704, 74: 0.0054158410261539915}","[103, 101, 97, 96, 93, 93, 92, 92, 92, 91, 91, 90, 90, 88, 88, 88, 88, 87, 87, 87, 87, 87, 87, 86, 86, 86, 86, 86, 86, 86, 85, 85, 85, 84, 84, 84, 83, 83, 83, 83, 83, 82, 82, 82, 82, 81, 81, 81, 81, 81, 81, 80, 80, 80, 80, 79, 78, 78, 77, 76, 76, 76, 76, 75, 73, 73, 73, 72, 71, 70, 69, 68, 68, 67, 66]","dict_values([39, 44, 36, 43, 38, 46, 36, 34, 46, 46, 50, 48, 39, 43, 46, 40, 44, 41, 45, 44, 37, 43, 35, 40, 43, 47, 51, 42, 43, 45, 43, 46, 44, 49, 34, 33, 44, 46, 39, 37, 37, 39, 41, 42, 38, 48, 49, 40, 30, 43, 31, 43, 40, 43, 37, 45, 38, 39, 49, 43, 34, 30, 39, 44, 38, 45, 43, 36, 35, 36, 41, 48, 41, 50, 44])",0.04500733364831573
51,82.93333333333334,0.5646617125252229,"{0: 0.0061217932276893, 1: 0.006398624216292962, 2: 0.0062936571570597595, 3: 0.005079858201354764, 4: 0.0052454933007130364, 5: 0.004873406967919124, 6: 0.007049675312532608, 7: 0.005391263712696436, 8: 0.007069498252684029, 9: 0.004497776560554214, 10: 0.005776841838533393, 11: 0.0063003741511640605, 12: 0.00539060645128768, 13: 0.0044828136062332845, 14: 0.006297274245294552, 15: 0.00450790245310721, 16: 0.004497624935952258, 17: 0.004717729662767494, 18: 0.007810935647992636, 19: 0.006148774234471475, 20: 0.006075924376429418, 21: 0.006147815082415174, 22: 0.0072486460247204445, 23: 0.007335594935576637, 24: 0.0041933773172517985, 25: 0.004242983529637115, 26: 0.004769077060525158, 27: 0.005794992279731187, 28: 0.007019303112048553, 29: 0.007456472363909191, 30: 0.004294438625530792, 31: 0.006588725828009339, 32: 0.0063107980528753676, 33: 0.004217781665494866, 34: 0.006761694919699247, 35: 0.006151887903468705, 36: 0.005946730594110456, 37: 0.004954433681202387, 38: 0.0058800385756640995, 39: 0.005354630336475397, 40: 0.006440414485173345, 41: 0.005986292395259604, 42: 0.004096530250513429, 43: 0.006634028229336531, 44: 0.005542434281556983, 45: 0.007303254087740387, 46: 0.006152628897344053, 47: 0.006043656712065607, 48: 0.007747063293980457, 49: 0.005812826847450509, 50: 0.005951212370365148, 51: 0.004847642658774336, 52: 0.008267875166077361, 53: 0.006907527555563551, 54: 0.008035596182107248, 55: 0.008766998061842439, 56: 0.006011621961579421, 57: 0.005614943297771084, 58: 0.0036847493774472035, 59: 0.007268494384887855, 60: 0.007608075448798933, 61: 0.006036325949816288, 62: 0.005434931067092019, 63: 0.006185354948916832, 64: 0.007152418473208014, 65: 0.006106324609676746, 66: 0.00661614192770643, 67: 0.006156609719912041, 68: 0.005850272020454972, 69: 0.00697090790005858, 70: 0.009516896799877203, 71: 0.005159217267315468, 72: 0.0034089197168012575, 73: 0.006335274733895727, 74: 0.005333829792159686}","[101, 100, 98, 97, 94, 93, 92, 92, 92, 90, 90, 90, 90, 89, 89, 89, 89, 89, 88, 88, 87, 87, 87, 87, 87, 86, 86, 86, 85, 85, 85, 84, 84, 84, 84, 84, 84, 84, 83, 83, 82, 82, 82, 82, 82, 81, 81, 81, 81, 81, 81, 81, 81, 81, 80, 79, 79, 78, 77, 76, 76, 76, 75, 74, 74, 73, 73, 72, 71, 71, 69, 68, 67, 66, 65]","dict_values([39, 44, 36, 43, 38, 46, 36, 34, 46, 46, 50, 48, 39, 43, 46, 40, 44, 41, 45, 44, 37, 43, 35, 40, 43, 47, 51, 42, 43, 45, 43, 46, 44, 49, 34, 33, 44, 46, 39, 37, 37, 39, 41, 42, 38, 48, 49, 40, 30, 43, 31, 43, 40, 43, 37, 45, 38, 39, 49, 43, 34, 30, 39, 44, 38, 45, 43, 36, 35, 36, 41, 48, 41, 50, 44])",0.05208176094126407
50,83.12,0.5657133158880256,"{0: 0.006062238750279043, 1: 0.006388256012736097, 2: 0.006069281791429882, 3: 0.004932148350341936, 4: 0.005139708166145715, 5: 0.004954203589533834, 6: 0.007165931255132463, 7: 0.005367430307610572, 8: 0.00683947233176095, 9: 0.00425116450349893, 10: 0.005925667618330803, 11: 0.006399693034765526, 12: 0.005496285171690835, 13: 0.004285599067954701, 14: 0.006218778222857078, 15: 0.004777016016295371, 16: 0.004576836165277668, 17: 0.004694753967129614, 18: 0.007481562868026291, 19: 0.0061732308098397986, 20: 0.006338132094243238, 21: 0.006433019433922238, 22: 0.007499571456689774, 23: 0.0073724040083812375, 24: 0.004268152657015454, 25: 0.004129832185421458, 26: 0.004819669029532913, 27: 0.005732980337723145, 28: 0.006888183652884981, 29: 0.007379559848766244, 30: 0.004321444260688402, 31: 0.006603474160641383, 32: 0.006402434615917649, 33: 0.004323215928344807, 34: 0.006966238504511795, 35: 0.006046192671729532, 36: 0.005903547773408756, 37: 0.004835780294170546, 38: 0.005918624993301317, 39: 0.005318922986276465, 40: 0.006385711451082153, 41: 0.006189383816053534, 42: 0.00396774324735542, 43: 0.006425069649808165, 44: 0.005624446005396268, 45: 0.006942253076838417, 46: 0.006142337776375277, 47: 0.005880190987022508, 48: 0.007514320472952891, 49: 0.005530554459079836, 50: 0.00580223459502723, 51: 0.004750507191909604, 52: 0.0081468278593189, 53: 0.007049485845344961, 54: 0.007602230602349866, 55: 0.00866419766343824, 56: 0.006360190884116964, 57: 0.005767690897163467, 58: 0.0035959912031929483, 59: 0.007199736593373423, 60: 0.007343930423580922, 61: 0.006455279679525686, 62: 0.005477025512089596, 63: 0.005922201849474614, 64: 0.007323987536429108, 65: 0.006318124968097344, 66: 0.0066253136045883775, 67: 0.006228995845474865, 68: 0.0056866731157317885, 69: 0.006925551592585082, 70: 0.009767024763195707, 71: 0.005096320624276434, 72: 0.003364594851358902, 73: 0.006428268466875195, 74: 0.005183708904600717}","[102, 100, 99, 96, 93, 92, 92, 92, 92, 91, 91, 90, 90, 90, 90, 89, 89, 89, 88, 88, 88, 87, 87, 87, 87, 87, 86, 86, 85, 85, 85, 85, 85, 85, 85, 85, 84, 84, 84, 84, 83, 83, 83, 82, 82, 81, 81, 81, 81, 81, 81, 81, 81, 80, 80, 79, 78, 77, 77, 76, 76, 75, 75, 75, 74, 73, 73, 73, 72, 70, 69, 69, 68, 66, 64]","dict_values([39, 44, 36, 43, 38, 46, 36, 34, 46, 46, 50, 48, 39, 43, 46, 40, 44, 41, 45, 44, 37, 43, 35, 40, 43, 47, 51, 42, 43, 45, 43, 46, 44, 49, 34, 33, 44, 46, 39, 37, 37, 39, 41, 42, 38, 48, 49, 40, 30, 43, 31, 43, 40, 43, 37, 45, 38, 39, 49, 43, 34, 30, 39, 44, 38, 45, 43, 36, 35, 36, 41, 48, 41, 50, 44])",0.05018800004816949
50,83.12,0.5653796447448945,"{0: 0.006218940071087623, 1: 0.006358907878563031, 2: 0.006421170555393654, 3: 0.004988274848984169, 4: 0.005117084602437462, 5: 0.005354206855011907, 6: 0.007276934449339062, 7: 0.005716046659757707, 8: 0.006850384630208579, 9: 0.004163281949833254, 10: 0.005982650198461962, 11: 0.006464718836191863, 12: 0.005546023915202025, 13: 0.004298719117727459, 14: 0.0061425163280775024, 15: 0.004404893254573246, 16: 0.004716568819231803, 17: 0.004898391749032715, 18: 0.007206278090222013, 19: 0.006384672963835916, 20: 0.006191839435566381, 21: 0.006455111703803454, 22: 0.007600582325418832, 23: 0.0073586641995549125, 24: 0.0038910687811046516, 25: 0.004343110859698361, 26: 0.004817335815994952, 27: 0.005742039954501237, 28: 0.006877149452623067, 29: 0.007407697056765254, 30: 0.004314726888621385, 31: 0.006626488123829496, 32: 0.006629378043738991, 33: 0.004318713856404201, 34: 0.006904281000318147, 35: 0.005785832366060931, 36: 0.005981734268785807, 37: 0.004663324044378672, 38: 0.006110096809952228, 39: 0.005185964913492454, 40: 0.00635675996192742, 41: 0.005996175783987952, 42: 0.004127672580961859, 43: 0.006519693053694521, 44: 0.0054537679369160135, 45: 0.00685748886560316, 46: 0.006357540853613532, 47: 0.005824444815021246, 48: 0.007631340336582177, 49: 0.005280891000666408, 50: 0.005811116347298213, 51: 0.0050647365958635775, 52: 0.008232767280432322, 53: 0.006771315801157784, 54: 0.007400991250653338, 55: 0.008450476531405385, 56: 0.006435256451149268, 57: 0.005718679868489133, 58: 0.00360931648107781, 59: 0.006992912323063672, 60: 0.007292692362990994, 61: 0.006416022468767815, 62: 0.005321396008842869, 63: 0.005792336219639357, 64: 0.007467172244976866, 65: 0.0062115599035721, 66: 0.006327512304864376, 67: 0.006351070798024648, 68: 0.005691535157126133, 69: 0.007151724536479325, 70: 0.009627819611984273, 71: 0.005129591955322174, 72: 0.00361984899425823, 73: 0.006328736992987957, 74: 0.005050575556104564}","[101, 100, 98, 94, 94, 93, 93, 92, 92, 91, 90, 90, 90, 90, 89, 89, 89, 89, 88, 88, 88, 88, 87, 87, 87, 87, 87, 86, 86, 86, 86, 86, 86, 85, 84, 84, 84, 84, 84, 83, 83, 83, 83, 83, 82, 82, 82, 81, 81, 80, 80, 80, 79, 79, 79, 79, 78, 78, 78, 77, 76, 76, 75, 74, 74, 73, 73, 73, 71, 70, 70, 69, 68, 66, 64]","dict_values([39, 44, 36, 43, 38, 46, 36, 34, 46, 46, 50, 48, 39, 43, 46, 40, 44, 41, 45, 44, 37, 43, 35, 40, 43, 47, 51, 42, 43, 45, 43, 46, 44, 49, 34, 33, 44, 46, 39, 37, 37, 39, 41, 42, 38, 48, 49, 40, 30, 43, 31, 43, 40, 43, 37, 45, 38, 39, 49, 43, 34, 30, 39, 44, 38, 45, 43, 36, 35, 36, 41, 48, 41, 50, 44])",0.050115642853533066
50,83.09333333333333,0.565494234632447,"{0: 0.006271123592441322, 1: 0.006195483563928446, 2: 0.0061961090542295, 3: 0.005058975848695162, 4: 0.005044237253370105, 5: 0.005362411689157314, 6: 0.007377496310711801, 7: 0.005787651514656274, 8: 0.006807868232414305, 9: 0.004238201881719745, 10: 0.005736735956914861, 11: 0.006574586006779889, 12: 0.0054919070325986355, 13: 0.003937984392945077, 14: 0.005928690681145674, 15: 0.00422819209411028, 16: 0.004479438494762155, 17: 0.004737608902687239, 18: 0.007526197712242384, 19: 0.006044166254615722, 20: 0.0062186786684472984, 21: 0.006477644659107659, 22: 0.007780968682841747, 23: 0.007347655484730666, 24: 0.003856867284373856, 25: 0.004329271652145552, 26: 0.005073173819881799, 27: 0.005941078936777717, 28: 0.006801151467287201, 29: 0.007266455304109222, 30: 0.004184571538808903, 31: 0.006638057551924059, 32: 0.006673999591326436, 33: 0.004304826008313006, 34: 0.006885414471740743, 35: 0.005807058974116717, 36: 0.006086853560934574, 37: 0.005116378448836712, 38: 0.00617032758652926, 39: 0.005240305733393178, 40: 0.006516404233599437, 41: 0.006225277623713337, 42: 0.004154665112778202, 43: 0.00675712958937511, 44: 0.00539935202175433, 45: 0.006750156113518344, 46: 0.006314936779734793, 47: 0.00587796604143517, 48: 0.007609476974914097, 49: 0.005277383635928135, 50: 0.0058902719599743004, 51: 0.004889529298605045, 52: 0.008281700898032587, 53: 0.006952561428051626, 54: 0.00744075423871394, 55: 0.008167017281772979, 56: 0.0065091927160723095, 57: 0.005707613322408733, 58: 0.0035063326545698007, 59: 0.007069742940116706, 60: 0.007322598407398659, 61: 0.0060098282157887584, 62: 0.005307112110360825, 63: 0.005931556846033126, 64: 0.007833944510186538, 65: 0.006705384993449686, 66: 0.006178258703475847, 67: 0.0062309358722161135, 68: 0.005906620526965322, 69: 0.007395918710909562, 70: 0.009330004969048322, 71: 0.005304470854866431, 72: 0.003631308047102012, 73: 0.005971393125366869, 74: 0.004991254878776369}","[100, 100, 97, 95, 94, 94, 94, 92, 92, 91, 91, 91, 90, 90, 89, 89, 88, 88, 88, 88, 88, 87, 87, 87, 87, 86, 86, 86, 86, 86, 86, 85, 85, 85, 85, 84, 84, 84, 84, 84, 84, 83, 83, 83, 82, 82, 82, 81, 81, 81, 80, 80, 80, 79, 79, 79, 78, 78, 77, 77, 77, 77, 77, 75, 73, 73, 73, 72, 71, 69, 69, 68, 68, 65, 63]","dict_values([39, 44, 36, 43, 38, 46, 36, 34, 46, 46, 50, 48, 39, 43, 46, 40, 44, 41, 45, 44, 37, 43, 35, 40, 43, 47, 51, 42, 43, 45, 43, 46, 44, 49, 34, 33, 44, 46, 39, 37, 37, 39, 41, 42, 38, 48, 49, 40, 30, 43, 31, 43, 40, 43, 37, 45, 38, 39, 49, 43, 34, 30, 39, 44, 38, 45, 43, 36, 35, 36, 41, 48, 41, 50, 44])",0.044192589162564785
51,82.90666666666667,0.564262969510239,"{0: 0.006272918871163963, 1: 0.006748929988028127, 2: 0.0065100428627379876, 3: 0.005096392831231319, 4: 0.0050994501319509625, 5: 0.005386486989803079, 6: 0.007271582633161951, 7: 0.005796747462241614, 8: 0.006891263217038835, 9: 0.004042379277607236, 10: 0.0058697301518638315, 11: 0.006519447108036057, 12: 0.0052374616274109735, 13: 0.0038644981544494494, 14: 0.006049537867483304, 15: 0.00427219973321582, 16: 0.004528486008432021, 17: 0.004718131458729762, 18: 0.0073033296377991224, 19: 0.005944677944339368, 20: 0.006105246025474096, 21: 0.006538224728745435, 22: 0.0079846377429553, 23: 0.007558685705347718, 24: 0.003910100197727448, 25: 0.004367838111195198, 26: 0.005281000489136981, 27: 0.005868292494598834, 28: 0.00692735062115914, 29: 0.006641699546595073, 30: 0.004166914057974344, 31: 0.006488160584849079, 32: 0.006837811876083301, 33: 0.004354718570477304, 34: 0.00699003959725455, 35: 0.0059708907953729224, 36: 0.006177874116255935, 37: 0.0052011508590552, 38: 0.006273124384025013, 39: 0.005062079461696708, 40: 0.00640398953098468, 41: 0.006250689245911302, 42: 0.004388885087561911, 43: 0.006589213202473057, 44: 0.005445266266019905, 45: 0.006889032065683694, 46: 0.006579743770933051, 47: 0.005827939745145158, 48: 0.007433027469879665, 49: 0.005289977306642004, 50: 0.00587638565959854, 51: 0.00498182285038266, 52: 0.008417237633822688, 53: 0.00685562645791022, 54: 0.007473189467856163, 55: 0.00838602133760186, 56: 0.006565187969203187, 57: 0.005586239913716026, 58: 0.0033742562015844357, 59: 0.0069279572810383985, 60: 0.0073913195247959345, 61: 0.006070923133715383, 62: 0.004953232727912179, 63: 0.006061501183665223, 64: 0.0077290037435130245, 65: 0.006767980627486526, 66: 0.0064296703373919965, 67: 0.006125790409033037, 68: 0.005836057650426436, 69: 0.007350885973997538, 70: 0.009287190471299582, 71: 0.005556810117784813, 72: 0.0036428193943789937, 73: 0.00601460268944239, 74: 0.004980667525579116}","[100, 99, 97, 95, 94, 94, 93, 93, 91, 90, 90, 90, 90, 90, 89, 89, 89, 88, 88, 88, 87, 87, 87, 87, 87, 87, 86, 86, 86, 86, 86, 86, 85, 85, 84, 84, 84, 84, 83, 83, 83, 82, 82, 82, 82, 82, 81, 81, 81, 80, 80, 80, 80, 79, 79, 78, 78, 78, 78, 78, 77, 77, 77, 75, 74, 73, 72, 71, 71, 69, 69, 68, 67, 65, 62]","dict_values([39, 44, 36, 43, 38, 46, 36, 34, 46, 46, 50, 48, 39, 43, 46, 40, 44, 41, 45, 44, 37, 43, 35, 40, 43, 47, 51, 42, 43, 45, 43, 46, 44, 49, 34, 33, 44, 46, 39, 37, 37, 39, 41, 42, 38, 48, 49, 40, 30, 43, 31, 43, 40, 43, 37, 45, 38, 39, 49, 43, 34, 30, 39, 44, 38, 45, 43, 36, 35, 36, 41, 48, 41, 50, 44])",0.04433408604968345
52,82.66666666666667,0.5626392721542752,"{0: 0.0065560428173214716, 1: 0.006521071613005247, 2: 0.0065081414167724345, 3: 0.005114583378140172, 4: 0.005273987064679088, 5: 0.005276374016937607, 6: 0.007289392670075872, 7: 0.005630202522947706, 8: 0.006808608604487504, 9: 0.004188987975529769, 10: 0.005805304139459504, 11: 0.00646304811607697, 12: 0.005383089527564713, 13: 0.003927921895719488, 14: 0.006239625437954884, 15: 0.004101940027485616, 16: 0.004554573670955259, 17: 0.004807310705209247, 18: 0.006742633153734199, 19: 0.005888381492801489, 20: 0.006224107398797348, 21: 0.006366891091655161, 22: 0.00819340162804875, 23: 0.007646883427909437, 24: 0.0038228962402293053, 25: 0.004057578226832028, 26: 0.005335509500819408, 27: 0.0055858384040105525, 28: 0.007026010555210818, 29: 0.0068538238255162285, 30: 0.0041239955519386425, 31: 0.006477690813347948, 32: 0.00685996608252532, 33: 0.004514181697170061, 34: 0.0071237366309495455, 35: 0.005841669520102981, 36: 0.006106206028943284, 37: 0.005073143243297135, 38: 0.006550551034253543, 39: 0.0046640207811079835, 40: 0.0067446478029723825, 41: 0.006545853482684528, 42: 0.00452113698350695, 43: 0.006547350461878904, 44: 0.005424921311120739, 45: 0.007004273274773095, 46: 0.006822852684364333, 47: 0.005888663720207107, 48: 0.007574181039121164, 49: 0.0053777554412776825, 50: 0.0058555756722629745, 51: 0.005139418828122944, 52: 0.008403595739154175, 53: 0.00666728385142537, 54: 0.007533889252880417, 55: 0.00846530298420238, 56: 0.006678619561592899, 57: 0.00534950155344764, 58: 0.003397419125641252, 59: 0.007138050208692448, 60: 0.007441652572613218, 61: 0.006139347321967897, 62: 0.005188408798293417, 63: 0.005983961537699589, 64: 0.007688377710260836, 65: 0.006984948765405396, 66: 0.006700218240559544, 67: 0.006114647436340142, 68: 0.005731032797772666, 69: 0.007430818636725853, 70: 0.009409142756287694, 71: 0.005397866237297475, 72: 0.0036180663067353937, 73: 0.006075769733879011, 74: 0.005021853747638992}","[99, 99, 97, 95, 94, 93, 93, 93, 91, 90, 90, 90, 89, 89, 89, 89, 88, 88, 88, 88, 88, 87, 87, 87, 87, 87, 86, 86, 86, 86, 86, 85, 85, 85, 85, 84, 83, 83, 83, 83, 82, 82, 82, 81, 81, 81, 81, 80, 80, 80, 80, 79, 79, 79, 79, 79, 78, 77, 77, 77, 77, 77, 76, 75, 75, 74, 72, 71, 70, 68, 68, 68, 68, 64, 62]","dict_values([39, 44, 36, 43, 38, 46, 36, 34, 46, 46, 50, 48, 39, 43, 46, 40, 44, 41, 45, 44, 37, 43, 35, 40, 43, 47, 51, 42, 43, 45, 43, 46, 44, 49, 34, 33, 44, 46, 39, 37, 37, 39, 41, 42, 38, 48, 49, 40, 30, 43, 31, 43, 40, 43, 37, 45, 38, 39, 49, 43, 34, 30, 39, 44, 38, 45, 43, 36, 35, 36, 41, 48, 41, 50, 44])",0.042601456815816924
52,82.77333333333333,0.5633088932334621,"{0: 0.0066755417110726245, 1: 0.006884365197826865, 2: 0.0061673842344373425, 3: 0.005134130882191903, 4: 0.005150523945175528, 5: 0.0053302404474031, 6: 0.007528734563076388, 7: 0.005714888620296921, 8: 0.006751997435016242, 9: 0.0038989808126915293, 10: 0.00598322851349602, 11: 0.0066134631710493795, 12: 0.005337464425622152, 13: 0.003954783420570009, 14: 0.006483383809245291, 15: 0.004230610467821826, 16: 0.004540015010456002, 17: 0.004799466761147697, 18: 0.006659253432477462, 19: 0.005934121091305521, 20: 0.006375841078315908, 21: 0.006302035615048148, 22: 0.008173404562119513, 23: 0.007386552325274611, 24: 0.004014126376993122, 25: 0.004004703703755462, 26: 0.0057651540749094924, 27: 0.0057589908588713615, 28: 0.0072743227917767645, 29: 0.006862752033034578, 30: 0.003959509312536714, 31: 0.006379733353379502, 32: 0.007079779003234513, 33: 0.004478417627046249, 34: 0.006609724840609841, 35: 0.005611915122719818, 36: 0.006431439278400111, 37: 0.004630940165087342, 38: 0.006773001072336511, 39: 0.00462255753296248, 40: 0.0067130935753237165, 41: 0.006662585890114999, 42: 0.004478673294571208, 43: 0.006540040730776256, 44: 0.005325856945997754, 45: 0.006941245187774129, 46: 0.00690830200168389, 47: 0.005813389586092529, 48: 0.007554771991985552, 49: 0.004941897685637824, 50: 0.005560829295745499, 51: 0.005544924323003797, 52: 0.00816933271509772, 53: 0.006602773612339532, 54: 0.007344533149853189, 55: 0.008240497554496622, 56: 0.006653572195992571, 57: 0.005728100733191935, 58: 0.003330827339557248, 59: 0.007039611309830182, 60: 0.007170757706127235, 61: 0.006034395158334449, 62: 0.005058178707176126, 63: 0.005728940307437541, 64: 0.008208610391453068, 65: 0.006958270267766795, 66: 0.0064582874932722694, 67: 0.006112890449979368, 68: 0.005635816887150939, 69: 0.007418932011884094, 70: 0.009324263630998296, 71: 0.005492612216111844, 72: 0.0038555780269172034, 73: 0.0061160260729110905, 74: 0.00485936388706078}","[99, 98, 96, 95, 95, 94, 93, 92, 92, 91, 90, 90, 90, 89, 89, 89, 89, 88, 88, 88, 87, 87, 87, 87, 87, 87, 87, 87, 86, 86, 86, 86, 86, 85, 84, 83, 83, 83, 83, 83, 83, 82, 82, 82, 82, 82, 81, 81, 81, 81, 80, 80, 80, 79, 78, 78, 78, 77, 77, 77, 77, 76, 75, 74, 74, 74, 70, 70, 70, 69, 69, 69, 68, 66, 61]","dict_values([39, 44, 36, 43, 38, 46, 36, 34, 46, 46, 50, 48, 39, 43, 46, 40, 44, 41, 45, 44, 37, 43, 35, 40, 43, 47, 51, 42, 43, 45, 43, 46, 44, 49, 34, 33, 44, 46, 39, 37, 37, 39, 41, 42, 38, 48, 49, 40, 30, 43, 31, 43, 40, 43, 37, 45, 38, 39, 49, 43, 34, 30, 39, 44, 38, 45, 43, 36, 35, 36, 41, 48, 41, 50, 44])",0.04451740438011476
54,82.74666666666667,0.5635517429370567,"{0: 0.0066655641689014585, 1: 0.006955134550886818, 2: 0.006188115707157024, 3: 0.005388958981090972, 4: 0.005084765498413476, 5: 0.005344685357654543, 6: 0.007580873133251234, 7: 0.005945461748151109, 8: 0.006811745077047623, 9: 0.00374831290144073, 10: 0.005954124875293039, 11: 0.0063878374868826405, 12: 0.005028091193236416, 13: 0.003962878966790388, 14: 0.006240915425115346, 15: 0.0042183337873113935, 16: 0.004484373455750624, 17: 0.004940095129302354, 18: 0.006528877900666185, 19: 0.005803756758114949, 20: 0.00602516817275115, 21: 0.006295701752383834, 22: 0.00809375594531249, 23: 0.007497827018533584, 24: 0.0039937893769840275, 25: 0.00406005701823074, 26: 0.005720050562406664, 27: 0.0057363989208772306, 28: 0.0072345103857324716, 29: 0.006961804279361578, 30: 0.0038458026455264367, 31: 0.006507685594875579, 32: 0.0071254206947414635, 33: 0.004412875622477487, 34: 0.00676895905436006, 35: 0.005480147091422345, 36: 0.0064812128360999775, 37: 0.004614392689995942, 38: 0.006984947412699137, 39: 0.0045026453029207636, 40: 0.006458499317823169, 41: 0.006668475770855945, 42: 0.004512295066185885, 43: 0.006600368192351599, 44: 0.005565928971399646, 45: 0.006717386273625219, 46: 0.0069503222267508335, 47: 0.00580467603793462, 48: 0.007347448032971697, 49: 0.004986117977380013, 50: 0.005278192717672987, 51: 0.0055240217055104205, 52: 0.008274341491218617, 53: 0.006768258163443694, 54: 0.007546722050890208, 55: 0.008257745895757892, 56: 0.006632862515752881, 57: 0.005766141356248403, 58: 0.0033401010257769043, 59: 0.0070375747201766, 60: 0.006960540167148565, 61: 0.006066075743781387, 62: 0.005062132903230822, 63: 0.005664004979765034, 64: 0.008536879880416345, 65: 0.00703098340514948, 66: 0.006641816924210614, 67: 0.006354212221664503, 68: 0.005657496161913481, 69: 0.0073032908442304785, 70: 0.009710491167569418, 71: 0.005165726928658565, 72: 0.00400560986599089, 73: 0.006329447010596646, 74: 0.0048481354437071205}","[100, 98, 97, 96, 95, 95, 93, 92, 92, 91, 90, 90, 90, 90, 89, 89, 89, 89, 88, 88, 88, 88, 87, 87, 87, 87, 86, 86, 86, 86, 86, 86, 85, 84, 84, 84, 83, 83, 83, 83, 83, 82, 82, 82, 82, 81, 81, 81, 80, 80, 79, 79, 79, 79, 79, 78, 78, 77, 77, 76, 76, 76, 75, 75, 74, 74, 70, 69, 69, 69, 69, 69, 68, 66, 62]","dict_values([39, 44, 36, 43, 38, 46, 36, 34, 46, 46, 50, 48, 39, 43, 46, 40, 44, 41, 45, 44, 37, 43, 35, 40, 43, 47, 51, 42, 43, 45, 43, 46, 44, 49, 34, 33, 44, 46, 39, 37, 37, 39, 41, 42, 38, 48, 49, 40, 30, 43, 31, 43, 40, 43, 37, 45, 38, 39, 49, 43, 34, 30, 39, 44, 38, 45, 43, 36, 35, 36, 41, 48, 41, 50, 44])",0.044148848499300355
55,82.93333333333334,0.5648664986143385,"{0: 0.006677037039045319, 1: 0.00684458471510218, 2: 0.0062857697421616985, 3: 0.0053934277108192, 4: 0.004979319129679612, 5: 0.0052141833471975665, 6: 0.007237105817209057, 7: 0.0059825778914676195, 8: 0.006674698147199025, 9: 0.0037159689697131237, 10: 0.005739692355043642, 11: 0.006534729474700174, 12: 0.005321994511926211, 13: 0.003966927574763423, 14: 0.006225708268773705, 15: 0.004275287061995335, 16: 0.004227026453290262, 17: 0.005061342777610923, 18: 0.006300986129995468, 19: 0.005771831058901144, 20: 0.005954692368403723, 21: 0.006081367764574774, 22: 0.008087600558164727, 23: 0.007243581265755546, 24: 0.0038506433200064176, 25: 0.0037715372718590996, 26: 0.005696582319401454, 27: 0.005253102945333895, 28: 0.007275369413193316, 29: 0.006882828647511535, 30: 0.004209625971970239, 31: 0.00651307282441555, 32: 0.006954462144001524, 33: 0.004312250978545034, 34: 0.006336784031445116, 35: 0.005352739346826412, 36: 0.006389815150622424, 37: 0.00476272046204567, 38: 0.00718266393786688, 39: 0.004605184893528564, 40: 0.006456218759448364, 41: 0.006432231523845638, 42: 0.004541819341962604, 43: 0.006367995170757721, 44: 0.005602240932043043, 45: 0.007349883297737976, 46: 0.006892381184146455, 47: 0.0055734117189699004, 48: 0.007370785379353916, 49: 0.004983325124267584, 50: 0.005535030814934443, 51: 0.005732497678524753, 52: 0.00824755728695088, 53: 0.006944617687039324, 54: 0.007280140575943298, 55: 0.008258873234728657, 56: 0.006884177249080037, 57: 0.006063849288155268, 58: 0.0032741951080984782, 59: 0.006969361266231031, 60: 0.0066683018000511605, 61: 0.006283042217625264, 62: 0.005207715667242569, 63: 0.005740401052963477, 64: 0.008574590515584275, 65: 0.007152183007570713, 66: 0.006959159273035376, 67: 0.006328952467422029, 68: 0.005517239930502545, 69: 0.007249110853164256, 70: 0.009576704033159134, 71: 0.005136518695689019, 72: 0.004330962303898205, 73: 0.00625300538399118, 74: 0.004799257657417205}","[101, 98, 97, 96, 95, 94, 93, 92, 92, 91, 91, 91, 91, 90, 90, 89, 89, 89, 89, 89, 89, 88, 88, 87, 87, 87, 87, 87, 86, 86, 85, 85, 85, 84, 84, 84, 84, 84, 84, 83, 83, 83, 82, 82, 82, 81, 81, 81, 81, 80, 79, 79, 79, 78, 78, 78, 78, 77, 77, 76, 76, 76, 75, 74, 74, 74, 72, 72, 70, 69, 69, 69, 67, 65, 62]","dict_values([39, 44, 36, 43, 38, 46, 36, 34, 46, 46, 50, 48, 39, 43, 46, 40, 44, 41, 45, 44, 37, 43, 35, 40, 43, 47, 51, 42, 43, 45, 43, 46, 44, 49, 34, 33, 44, 46, 39, 37, 37, 39, 41, 42, 38, 48, 49, 40, 30, 43, 31, 43, 40, 43, 37, 45, 38, 39, 49, 43, 34, 30, 39, 44, 38, 45, 43, 36, 35, 36, 41, 48, 41, 50, 44])",0.04013171906824784
55,82.98666666666666,0.5651044264003906,"{0: 0.006570500576373989, 1: 0.0068104785385954885, 2: 0.0060954797774430995, 3: 0.005486877364125544, 4: 0.005020638116390912, 5: 0.0051719251663607906, 6: 0.007092866380785566, 7: 0.006156384096295779, 8: 0.0062444153136433835, 9: 0.003876289069109305, 10: 0.005867644760953864, 11: 0.006553608715850534, 12: 0.00524216855329503, 13: 0.0037833521351990796, 14: 0.006263049899190528, 15: 0.004218025027514286, 16: 0.0045194778674352044, 17: 0.0051704881116572884, 18: 0.006138295638365397, 19: 0.005770379229823626, 20: 0.006169028322040158, 21: 0.006191850658726608, 22: 0.008041048673139638, 23: 0.007138171194052485, 24: 0.003848254619124563, 25: 0.0038275944900119877, 26: 0.0055813143873383, 27: 0.005209900286330214, 28: 0.00701051025758996, 29: 0.007052584793136927, 30: 0.0042016713775894846, 31: 0.006465263323333353, 32: 0.006852624378338898, 33: 0.0043646695871933676, 34: 0.006257140451814112, 35: 0.005286690347159715, 36: 0.006488613936876636, 37: 0.00473845279278391, 38: 0.007136773976394753, 39: 0.004714247251536625, 40: 0.006635699263495856, 41: 0.006452127241686255, 42: 0.004468626772432638, 43: 0.006026415656154376, 44: 0.005582636989073826, 45: 0.007251109279565221, 46: 0.006824363075401544, 47: 0.005557081171851291, 48: 0.0073420333752174, 49: 0.0047248837540248105, 50: 0.00557318711020534, 51: 0.005989266792106443, 52: 0.008067289526521193, 53: 0.006893968074125438, 54: 0.007669038270053534, 55: 0.008104259517022138, 56: 0.007181114625606829, 57: 0.005939247804185714, 58: 0.0032381035817769317, 59: 0.0069568031815915084, 60: 0.006743544987656022, 61: 0.00626611512140433, 62: 0.0050839951984032305, 63: 0.005756404303927653, 64: 0.008379788725373802, 65: 0.007127932204540252, 66: 0.007128473658044595, 67: 0.006574278720636771, 68: 0.005597778027291684, 69: 0.007224904641390248, 70: 0.009806476380308932, 71: 0.005173977037438307, 72: 0.004201526770703572, 73: 0.006244318776259306, 74: 0.004898808968259431}","[102, 97, 96, 96, 96, 95, 93, 92, 91, 91, 91, 90, 90, 90, 90, 90, 90, 89, 89, 89, 88, 88, 88, 87, 87, 87, 87, 86, 86, 86, 86, 86, 85, 85, 84, 84, 84, 84, 83, 83, 83, 83, 82, 82, 82, 81, 81, 81, 81, 80, 79, 79, 79, 78, 78, 78, 78, 78, 77, 76, 76, 76, 75, 75, 75, 74, 72, 71, 70, 70, 70, 68, 68, 65, 62]","dict_values([39, 44, 36, 43, 38, 46, 36, 34, 46, 46, 50, 48, 39, 43, 46, 40, 44, 41, 45, 44, 37, 43, 35, 40, 43, 47, 51, 42, 43, 45, 43, 46, 44, 49, 34, 33, 44, 46, 39, 37, 37, 39, 41, 42, 38, 48, 49, 40, 30, 43, 31, 43, 40, 43, 37, 45, 38, 39, 49, 43, 34, 30, 39, 44, 38, 45, 43, 36, 35, 36, 41, 48, 41, 50, 44])",0.04390531965160156
54,82.82666666666667,0.5642423523632585,"{0: 0.006610617182733286, 1: 0.006678362802127244, 2: 0.0058230918546359305, 3: 0.005452626460278687, 4: 0.0049468180730805975, 5: 0.0052021726202248104, 6: 0.006970000705034669, 7: 0.006329256981590789, 8: 0.006472587820526104, 9: 0.0037670104390403994, 10: 0.005895132303004686, 11: 0.006572884316421958, 12: 0.005495114853989362, 13: 0.0036625421102316398, 14: 0.006143425525286874, 15: 0.004260912352191723, 16: 0.004586461339038474, 17: 0.005303326900998397, 18: 0.005902850581766237, 19: 0.005899268944335854, 20: 0.006585846706882402, 21: 0.0063769810776332534, 22: 0.008215195282832674, 23: 0.007177838295470219, 24: 0.0038924928624079103, 25: 0.0038553302791364797, 26: 0.005628751515947537, 27: 0.004943170454082451, 28: 0.007031883310669515, 29: 0.006982614186067469, 30: 0.004324925187397686, 31: 0.006631392669606003, 32: 0.00704302836687084, 33: 0.00441164956972766, 34: 0.006435017272396013, 35: 0.00538798317369228, 36: 0.006269361316889325, 37: 0.004784566264158214, 38: 0.006936929693936729, 39: 0.004538147502607125, 40: 0.006521289951829591, 41: 0.006442591384290507, 42: 0.004370098023709292, 43: 0.006120212213884763, 44: 0.0052840328563736084, 45: 0.00707851536518858, 46: 0.006826421827963445, 47: 0.005657657321673409, 48: 0.007528130104421936, 49: 0.0045872775262040845, 50: 0.0055768649086060645, 51: 0.00602335386720545, 52: 0.007867625163670875, 53: 0.007174197553155141, 54: 0.007615026265259152, 55: 0.008167942858019996, 56: 0.007204043782698005, 57: 0.005783108948724005, 58: 0.003264656682878677, 59: 0.00714972110796553, 60: 0.00680095339768014, 61: 0.006494219307739035, 62: 0.005165663931799441, 63: 0.0058634161964562104, 64: 0.008458571547491888, 65: 0.0069446310147035, 66: 0.007354956583474351, 67: 0.006410997436996424, 68: 0.005753377625963222, 69: 0.007312836731580565, 70: 0.009589737491792396, 71: 0.005209460943987836, 72: 0.004167800957868412, 73: 0.006322592496703482, 74: 0.004905475234584979}","[101, 96, 96, 96, 96, 95, 94, 93, 92, 91, 90, 90, 90, 90, 89, 89, 89, 89, 89, 88, 88, 88, 87, 87, 87, 87, 87, 87, 86, 86, 86, 85, 85, 85, 84, 84, 84, 84, 84, 84, 83, 83, 82, 81, 81, 81, 81, 81, 80, 80, 80, 80, 78, 78, 77, 77, 77, 77, 77, 76, 76, 76, 75, 75, 74, 73, 73, 71, 70, 70, 69, 68, 67, 65, 62]","dict_values([39, 44, 36, 43, 38, 46, 36, 34, 46, 46, 50, 48, 39, 43, 46, 40, 44, 41, 45, 44, 37, 43, 35, 40, 43, 47, 51, 42, 43, 45, 43, 46, 44, 49, 34, 33, 44, 46, 39, 37, 37, 39, 41, 42, 38, 48, 49, 40, 30, 43, 31, 43, 40, 43, 37, 45, 38, 39, 49, 43, 34, 30, 39, 44, 38, 45, 43, 36, 35, 36, 41, 48, 41, 50, 44])",0.04546193334546807
54,83.09333333333333,0.5658265021496546,"{0: 0.006472137441769332, 1: 0.006856424975658395, 2: 0.005721164520962614, 3: 0.005482641806859375, 4: 0.005045533966573463, 5: 0.00513598670201605, 6: 0.007216463559757905, 7: 0.0061979226326114925, 8: 0.006474493790405651, 9: 0.003927302307767456, 10: 0.005523069267277508, 11: 0.00651648079301874, 12: 0.005542056574737224, 13: 0.003550251272581162, 14: 0.0061255788785708806, 15: 0.0043161796879614385, 16: 0.004396256225949816, 17: 0.005228051740914963, 18: 0.005692010918776355, 19: 0.005947372524106859, 20: 0.006547099139891111, 21: 0.006213440093746323, 22: 0.008006352613200103, 23: 0.0069337803510717685, 24: 0.003855095135734209, 25: 0.0037964836319025527, 26: 0.005594416260768104, 27: 0.005173486984807838, 28: 0.007171232012919584, 29: 0.006707479516664114, 30: 0.004346480514698891, 31: 0.006710076263422988, 32: 0.007190755184928514, 33: 0.004636728902597223, 34: 0.006386032669375988, 35: 0.005270410336256766, 36: 0.006031695280290689, 37: 0.0046487478371284455, 38: 0.007023613238522428, 39: 0.004504413942155854, 40: 0.006452497318972879, 41: 0.006620324100209501, 42: 0.004687779718903876, 43: 0.006240078841184604, 44: 0.005379716443316555, 45: 0.0071956043062785515, 46: 0.0066502535535339176, 47: 0.005426828467887164, 48: 0.00740645567805388, 49: 0.004447067841531171, 50: 0.00586878840735183, 51: 0.005952342087830863, 52: 0.007996317465971518, 53: 0.007118073600239636, 54: 0.007578438041243819, 55: 0.008409688379343359, 56: 0.007090838715995584, 57: 0.0058334552475874145, 58: 0.003294567866021052, 59: 0.00711511480845002, 60: 0.006705951614559282, 61: 0.00654902183895522, 62: 0.005061703272836948, 63: 0.005697961955466271, 64: 0.008604220871979098, 65: 0.00663275404183176, 66: 0.007388780615872468, 67: 0.006566640942559765, 68: 0.0056480183487810035, 69: 0.007352186985676416, 70: 0.009211875447191365, 71: 0.004994446023431021, 72: 0.00429580422206465, 73: 0.006024119772566377, 74: 0.004960945190726607}","[100, 97, 97, 96, 95, 95, 94, 93, 93, 91, 91, 91, 91, 91, 91, 90, 90, 89, 88, 88, 88, 88, 87, 87, 87, 87, 87, 87, 86, 86, 86, 86, 85, 85, 85, 85, 84, 84, 84, 83, 83, 83, 83, 83, 82, 81, 81, 80, 80, 79, 79, 79, 78, 78, 78, 77, 77, 77, 77, 77, 76, 76, 76, 75, 74, 73, 73, 72, 72, 71, 71, 68, 66, 66, 63]","dict_values([39, 44, 36, 43, 38, 46, 36, 34, 46, 46, 50, 48, 39, 43, 46, 40, 44, 41, 45, 44, 37, 43, 35, 40, 43, 47, 51, 42, 43, 45, 43, 46, 44, 49, 34, 33, 44, 46, 39, 37, 37, 39, 41, 42, 38, 48, 49, 40, 30, 43, 31, 43, 40, 43, 37, 45, 38, 39, 49, 43, 34, 30, 39, 44, 38, 45, 43, 36, 35, 36, 41, 48, 41, 50, 44])",0.046912823952237906
54,83.09333333333333,0.5658721366907762,"{0: 0.006393686945751958, 1: 0.006928794729240155, 2: 0.005709510770436554, 3: 0.005364478547228997, 4: 0.004979269575196606, 5: 0.005051964833398771, 6: 0.007215307182397911, 7: 0.006195943634178211, 8: 0.006352603410780548, 9: 0.004106608707546195, 10: 0.005714679591322155, 11: 0.0064826582962391, 12: 0.005492836841823165, 13: 0.003757237055628114, 14: 0.005989832457328935, 15: 0.0042802692989574505, 16: 0.004658146194748648, 17: 0.005322089699050386, 18: 0.005835339930464493, 19: 0.006051406755512601, 20: 0.0066804634691001105, 21: 0.006411678602003134, 22: 0.007954431598875433, 23: 0.006699580187260136, 24: 0.0038180034152843737, 25: 0.0039209157247762135, 26: 0.005707760870913662, 27: 0.005034402808607697, 28: 0.007124407255357458, 29: 0.006726651364940691, 30: 0.004518842552650879, 31: 0.00672716913498254, 32: 0.006957565763221852, 33: 0.004361044360170891, 34: 0.006432769377961456, 35: 0.005222003469379165, 36: 0.005823381396173569, 37: 0.004646164194448132, 38: 0.00715549822969511, 39: 0.004682718685864539, 40: 0.006580956834537259, 41: 0.006436646098778244, 42: 0.005034225965444008, 43: 0.006235773746670003, 44: 0.005403381997100269, 45: 0.007370642693466469, 46: 0.006882542887956427, 47: 0.005384998092689303, 48: 0.007776532301604272, 49: 0.004383055714775892, 50: 0.005849424740817145, 51: 0.005989042805303699, 52: 0.007849279630371324, 53: 0.007221792293679748, 54: 0.0077112197769378795, 55: 0.00843355654785753, 56: 0.006940678861196154, 57: 0.005473627542339152, 58: 0.0031427053264094194, 59: 0.006910118236525103, 60: 0.006755697662999445, 61: 0.0065265877383810615, 62: 0.004907188709630899, 63: 0.005842881828418326, 64: 0.008628414322771236, 65: 0.006420230542390929, 66: 0.007507755678965272, 67: 0.006469568927144837, 68: 0.005639269009840649, 69: 0.006908479158877429, 70: 0.009414820352248337, 71: 0.004994894501579529, 72: 0.004141547731214291, 73: 0.005686539838219877, 74: 0.005231666516726223}","[101, 97, 97, 96, 95, 95, 95, 94, 94, 92, 91, 91, 91, 90, 90, 89, 89, 89, 88, 88, 88, 87, 87, 87, 87, 86, 86, 86, 86, 86, 86, 85, 85, 85, 85, 85, 84, 84, 84, 84, 84, 83, 82, 82, 81, 81, 81, 80, 80, 80, 80, 79, 78, 78, 78, 77, 77, 77, 77, 77, 76, 76, 76, 76, 76, 74, 73, 72, 71, 71, 70, 69, 67, 66, 62]","dict_values([39, 44, 36, 43, 38, 46, 36, 34, 46, 46, 50, 48, 39, 43, 46, 40, 44, 41, 45, 44, 37, 43, 35, 40, 43, 47, 51, 42, 43, 45, 43, 46, 44, 49, 34, 33, 44, 46, 39, 37, 37, 39, 41, 42, 38, 48, 49, 40, 30, 43, 31, 43, 40, 43, 37, 45, 38, 39, 49, 43, 34, 30, 39, 44, 38, 45, 43, 36, 35, 36, 41, 48, 41, 50, 44])",0.04346937665714737
54,82.96,0.5653436131763683,"{0: 0.0066162959529594625, 1: 0.007127871130503167, 2: 0.005789919299572362, 3: 0.00522822368889295, 4: 0.005049375830555913, 5: 0.004913008571582623, 6: 0.007205668779589994, 7: 0.006232298607318831, 8: 0.00635448659745657, 9: 0.004201134553801718, 10: 0.005777714447343807, 11: 0.006257110798106189, 12: 0.005483740392915837, 13: 0.00359865363007812, 14: 0.005904278373691763, 15: 0.004171313669005618, 16: 0.004710815574339185, 17: 0.005351786343452642, 18: 0.006106318962416136, 19: 0.005845994671828613, 20: 0.006591305734889642, 21: 0.006275000039757914, 22: 0.008152437708963558, 23: 0.007079972954338511, 24: 0.003713901066057944, 25: 0.004143440082283837, 26: 0.0056547169359466645, 27: 0.004854657318395679, 28: 0.007194339403101246, 29: 0.006916706586448338, 30: 0.004561667987574486, 31: 0.006954628956906883, 32: 0.007072151149198061, 33: 0.004213913566824547, 34: 0.006641236743967439, 35: 0.005460623676600601, 36: 0.005868763736910716, 37: 0.004659574349634512, 38: 0.007161697778463483, 39: 0.0047405401493929135, 40: 0.006648233608054432, 41: 0.006514571867900048, 42: 0.005156483936173331, 43: 0.006231883439002063, 44: 0.005319420626201206, 45: 0.007308874941955342, 46: 0.006795775508539744, 47: 0.005256554283259667, 48: 0.007792572172595842, 49: 0.004236341224212697, 50: 0.0059025737276107125, 51: 0.006002871772541513, 52: 0.007860500502159496, 53: 0.007131288173505505, 54: 0.007539956724853452, 55: 0.008502198837109107, 56: 0.00716169640401946, 57: 0.00563442407510261, 58: 0.0031927149626406292, 59: 0.006999035020944228, 60: 0.006848814401659797, 61: 0.006270519390747236, 62: 0.005047537376161828, 63: 0.005626017311300245, 64: 0.008687615179856684, 65: 0.006396502820930117, 66: 0.007574077874428867, 67: 0.006382364350357143, 68: 0.005304407758788633, 69: 0.006910491917539775, 70: 0.009368339618001828, 71: 0.004895188962771919, 72: 0.004032078100657629, 73: 0.005901267791965163, 74: 0.005228964185513162}","[100, 97, 97, 96, 95, 95, 95, 94, 93, 92, 92, 91, 91, 91, 90, 89, 89, 89, 89, 89, 88, 87, 87, 87, 86, 86, 86, 86, 86, 86, 85, 85, 85, 85, 85, 84, 84, 84, 84, 83, 83, 83, 83, 82, 81, 81, 81, 81, 81, 79, 78, 78, 78, 78, 78, 78, 77, 77, 77, 76, 76, 76, 76, 75, 75, 74, 73, 72, 70, 70, 70, 69, 66, 65, 62]","dict_values([39, 44, 36, 43, 38, 46, 36, 34, 46, 46, 50, 48, 39, 43, 46, 40, 44, 41, 45, 44, 37, 43, 35, 40, 43, 47, 51, 42, 43, 45, 43, 46, 44, 49, 34, 33, 44, 46, 39, 37, 37, 39, 41, 42, 38, 48, 49, 40, 30, 43, 31, 43, 40, 43, 37, 45, 38, 39, 49, 43, 34, 30, 39, 44, 38, 45, 43, 36, 35, 36, 41, 48, 41, 50, 44])",0.043806358561572833
54,82.8,0.5645868333225046,"{0: 0.006576120842328954, 1: 0.007538005763451582, 2: 0.005683591705980041, 3: 0.0052424706927434415, 4: 0.005115465251287569, 5: 0.004819904087123108, 6: 0.007019946453197273, 7: 0.006468167212858768, 8: 0.0065050960364546025, 9: 0.00423523543287467, 10: 0.00595717969393246, 11: 0.006299891199118465, 12: 0.005635121864706731, 13: 0.0036437159998909904, 14: 0.0057985074095993384, 15: 0.004269349564908195, 16: 0.004637988982745294, 17: 0.0054072368783288196, 18: 0.006179057531920432, 19: 0.005891739156187049, 20: 0.006659410219596834, 21: 0.006035166507937634, 22: 0.008064035569863497, 23: 0.007296767502985203, 24: 0.0036424986644711665, 25: 0.003883876365342798, 26: 0.00589785600200921, 27: 0.004962823158410193, 28: 0.007269790980185936, 29: 0.006973763433039263, 30: 0.004465420709779357, 31: 0.006877942881037397, 32: 0.007059511034071825, 33: 0.004289125287007892, 34: 0.0066701283794769976, 35: 0.005523764735517237, 36: 0.006078211711227852, 37: 0.004689637599420935, 38: 0.007045184985874741, 39: 0.0046354810859402925, 40: 0.006500991782221375, 41: 0.006637686969705797, 42: 0.005039144494099706, 43: 0.006286767794980692, 44: 0.005272756331214071, 45: 0.007123722476888177, 46: 0.00697926192271764, 47: 0.005167971601120554, 48: 0.007809946998757002, 49: 0.004201667054965297, 50: 0.006066838519334559, 51: 0.005944748243608296, 52: 0.008033821232827342, 53: 0.007071791255511646, 54: 0.007438874377603851, 55: 0.008611306885540597, 56: 0.00700769361974482, 57: 0.005460926702059776, 58: 0.0032189708832230574, 59: 0.006799235734877184, 60: 0.006845623901849097, 61: 0.006413501542557073, 62: 0.0052452401616753935, 63: 0.005814136964364687, 64: 0.008660546760304807, 65: 0.006849768541186615, 66: 0.007482826847849898, 67: 0.00662641907496677, 68: 0.005088729119705076, 69: 0.006723884244140793, 70: 0.009140537221322876, 71: 0.004919887119598728, 72: 0.004136974635298445, 73: 0.005962071445867422, 74: 0.005081683356443145}","[99, 97, 97, 96, 95, 95, 94, 93, 93, 93, 92, 92, 90, 90, 90, 89, 89, 88, 88, 88, 88, 88, 88, 88, 87, 86, 86, 86, 86, 86, 86, 85, 85, 85, 85, 84, 84, 84, 84, 83, 83, 83, 82, 82, 82, 82, 81, 81, 80, 79, 79, 78, 78, 77, 77, 77, 76, 76, 76, 76, 75, 75, 75, 75, 74, 73, 73, 72, 71, 71, 69, 68, 66, 64, 62]","dict_values([39, 44, 36, 43, 38, 46, 36, 34, 46, 46, 50, 48, 39, 43, 46, 40, 44, 41, 45, 44, 37, 43, 35, 40, 43, 47, 51, 42, 43, 45, 43, 46, 44, 49, 34, 33, 44, 46, 39, 37, 37, 39, 41, 42, 38, 48, 49, 40, 30, 43, 31, 43, 40, 43, 37, 45, 38, 39, 49, 43, 34, 30, 39, 44, 38, 45, 43, 36, 35, 36, 41, 48, 41, 50, 44])",0.043594949707111016
51,82.69333333333333,0.563758858269096,"{0: 0.006751233419846207, 1: 0.008140453364501641, 2: 0.005734572044050665, 3: 0.005134943708994553, 4: 0.005357887264202265, 5: 0.004595676808284833, 6: 0.006684516477682618, 7: 0.006666633801552574, 8: 0.006477463062923121, 9: 0.004243728155033468, 10: 0.006011013262287581, 11: 0.006493247804419284, 12: 0.005616069605815983, 13: 0.0035192917571126785, 14: 0.0062355846734181725, 15: 0.00431481011582907, 16: 0.004659474651960721, 17: 0.005522645732131439, 18: 0.006207633730784282, 19: 0.005973396474983334, 20: 0.006801082201422196, 21: 0.005995566527845365, 22: 0.008022503274783526, 23: 0.007177293999782211, 24: 0.00381022895592704, 25: 0.003909923959867914, 26: 0.006053963126130067, 27: 0.00454841476523154, 28: 0.007317009509264248, 29: 0.007170204476443118, 30: 0.004446643904123876, 31: 0.006868468774708936, 32: 0.006752673627645486, 33: 0.004197111643009883, 34: 0.006559450573925986, 35: 0.005297168494845276, 36: 0.006124217451855894, 37: 0.004671091121096398, 38: 0.006839664522687423, 39: 0.004765361243981067, 40: 0.006605495386939562, 41: 0.006494829731442043, 42: 0.004951435668639199, 43: 0.006260220717523439, 44: 0.005260334290158193, 45: 0.007310062883723301, 46: 0.006943255064745869, 47: 0.005216068908541196, 48: 0.007977255973411063, 49: 0.0042826641285720595, 50: 0.005998661854406502, 51: 0.0063103400853574305, 52: 0.008052770751953623, 53: 0.007088903778960596, 54: 0.007318037419906976, 55: 0.008042819178219638, 56: 0.006976065604352041, 57: 0.005594072301728817, 58: 0.003377123377378907, 59: 0.007073056840865747, 60: 0.006615938890148928, 61: 0.0064097219114850725, 62: 0.005403774736834676, 63: 0.005826309009364984, 64: 0.008708789891604719, 65: 0.006804919026029207, 66: 0.0067679445372767905, 67: 0.006610089007545316, 68: 0.005305016082149747, 69: 0.006594916406103893, 70: 0.009352255320040352, 71: 0.005030080166247693, 72: 0.004163781424532454, 73: 0.005962117051686912, 74: 0.004993165406588564}","[100, 97, 96, 96, 95, 95, 94, 93, 92, 92, 91, 91, 90, 90, 89, 88, 88, 88, 88, 88, 87, 87, 87, 87, 87, 87, 87, 86, 86, 85, 85, 85, 85, 85, 85, 85, 85, 84, 84, 84, 84, 84, 84, 82, 82, 82, 81, 81, 80, 80, 79, 79, 78, 78, 77, 77, 76, 76, 76, 76, 75, 74, 74, 73, 73, 72, 72, 71, 71, 71, 68, 68, 66, 65, 63]","dict_values([39, 44, 36, 43, 38, 46, 36, 34, 46, 46, 50, 48, 39, 43, 46, 40, 44, 41, 45, 44, 37, 43, 35, 40, 43, 47, 51, 42, 43, 45, 43, 46, 44, 49, 34, 33, 44, 46, 39, 37, 37, 39, 41, 42, 38, 48, 49, 40, 30, 43, 31, 43, 40, 43, 37, 45, 38, 39, 49, 43, 34, 30, 39, 44, 38, 45, 43, 36, 35, 36, 41, 48, 41, 50, 44])",0.041017653437152614
50,82.85333333333334,0.5645690694752589,"{0: 0.006875542608740771, 1: 0.00807443260746703, 2: 0.005796673880756021, 3: 0.005126633692836123, 4: 0.00531355225424166, 5: 0.00462475024762252, 6: 0.006832171435923828, 7: 0.006642037049116034, 8: 0.006386279768478324, 9: 0.004219104975578135, 10: 0.006000371084346446, 11: 0.006453100218298128, 12: 0.005543542401706355, 13: 0.0037015610365636444, 14: 0.006296697043116881, 15: 0.004535447216816414, 16: 0.004664635982373626, 17: 0.0056071355820041585, 18: 0.005815763853888242, 19: 0.00584792256808495, 20: 0.0069401109026797575, 21: 0.005892854983780757, 22: 0.007946539956357818, 23: 0.007034411624194454, 24: 0.0037816670240466417, 25: 0.00374222463571688, 26: 0.005768766668323524, 27: 0.0046605036149342085, 28: 0.007547986305456166, 29: 0.007270247982294261, 30: 0.004528814983617981, 31: 0.006855739220897776, 32: 0.006865617161970564, 33: 0.004353136044306355, 34: 0.006388050874607856, 35: 0.0049047082945143415, 36: 0.005801148862868976, 37: 0.004409426181667988, 38: 0.006559134623517931, 39: 0.004829162224872621, 40: 0.006453813998587238, 41: 0.006931986887730146, 42: 0.004973849465543562, 43: 0.006617925838451448, 44: 0.004969291637801141, 45: 0.007303959101627962, 46: 0.0067247691491241065, 47: 0.005241460188942242, 48: 0.00816641234221645, 49: 0.004652485925365607, 50: 0.005942867665673179, 51: 0.006492114436809799, 52: 0.007858954617699242, 53: 0.0070690375918219086, 54: 0.006840513623553594, 55: 0.008243719222408978, 56: 0.0068784179581674815, 57: 0.005743409766832659, 58: 0.003257080735938844, 59: 0.007013154236561592, 60: 0.006558198300474743, 61: 0.00666744774181279, 62: 0.005258408473642123, 63: 0.005961135165663681, 64: 0.008807558224845236, 65: 0.006714584701540719, 66: 0.006621257529061044, 67: 0.0064944368310554355, 68: 0.005434077286029571, 69: 0.00648095792759921, 70: 0.009138689329527919, 71: 0.004953681471691518, 72: 0.003890392093994815, 73: 0.006119337833203287, 74: 0.0053269161644353144}","[100, 98, 96, 96, 95, 95, 95, 93, 93, 91, 91, 91, 91, 90, 89, 88, 88, 88, 88, 88, 88, 87, 87, 87, 87, 87, 86, 86, 86, 86, 86, 86, 86, 85, 85, 85, 85, 85, 84, 84, 84, 84, 83, 83, 82, 82, 81, 81, 80, 79, 79, 79, 79, 78, 78, 77, 77, 76, 76, 75, 75, 75, 74, 73, 73, 73, 73, 72, 72, 69, 69, 67, 66, 66, 62]","dict_values([39, 44, 36, 43, 38, 46, 36, 34, 46, 46, 50, 48, 39, 43, 46, 40, 44, 41, 45, 44, 37, 43, 35, 40, 43, 47, 51, 42, 43, 45, 43, 46, 44, 49, 34, 33, 44, 46, 39, 37, 37, 39, 41, 42, 38, 48, 49, 40, 30, 43, 31, 43, 40, 43, 37, 45, 38, 39, 49, 43, 34, 30, 39, 44, 38, 45, 43, 36, 35, 36, 41, 48, 41, 50, 44])",0.040820850661768625
50,82.82666666666667,0.5643957514446558,"{0: 0.00669177387311501, 1: 0.008012965889503868, 2: 0.005931315775551231, 3: 0.0052592994255978845, 4: 0.005261883489179305, 5: 0.004450334058144634, 6: 0.006888355196317379, 7: 0.006583452549528086, 8: 0.006385352988899607, 9: 0.004433927385871381, 10: 0.006237142983153683, 11: 0.0065409819043379175, 12: 0.00552489918323724, 13: 0.0038717088853597883, 14: 0.006123457317435888, 15: 0.004569446209214235, 16: 0.004715704888473929, 17: 0.005748447299956711, 18: 0.0060504958031608646, 19: 0.006057868029775182, 20: 0.00643546932189439, 21: 0.006046932372739799, 22: 0.008223562854717762, 23: 0.007223659932220598, 24: 0.0037573921478732397, 25: 0.003714951347487393, 26: 0.005714415472817277, 27: 0.004872723102150656, 28: 0.008011739147522522, 29: 0.006962609452525673, 30: 0.004616396158329031, 31: 0.006863975636919655, 32: 0.006724743902068684, 33: 0.004478165657822625, 34: 0.006533244335763454, 35: 0.0051416319452946176, 36: 0.005514687855367637, 37: 0.004407026317548658, 38: 0.006696912178859865, 39: 0.005216542034194737, 40: 0.006602969524218815, 41: 0.006799806290942275, 42: 0.005015445583747681, 43: 0.006650544437352615, 44: 0.00504655437234039, 45: 0.00705962341775963, 46: 0.006889551782700082, 47: 0.005168926560710387, 48: 0.008324599174738425, 49: 0.004646912502178308, 50: 0.006158474634790839, 51: 0.006150388632344786, 52: 0.007872262647553953, 53: 0.0068549374507108326, 54: 0.00668627440335794, 55: 0.008012091415407631, 56: 0.006856114120346188, 57: 0.005483857934706529, 58: 0.0031871678595320413, 59: 0.007113385862759808, 60: 0.006611611222464813, 61: 0.006582927568261633, 62: 0.005292553897476101, 63: 0.006112529484262296, 64: 0.00861428954184463, 65: 0.006599318503187293, 66: 0.0063996789566533865, 67: 0.00641300112974614, 68: 0.005239175561846662, 69: 0.006092198737509019, 70: 0.009137505603881612, 71: 0.004858607032710471, 72: 0.00389029452436652, 73: 0.006130267540461227, 74: 0.0053755855446904555}","[100, 98, 97, 96, 96, 95, 95, 94, 92, 92, 91, 90, 90, 89, 89, 88, 88, 88, 88, 87, 87, 87, 87, 87, 87, 87, 87, 86, 86, 86, 85, 85, 85, 85, 85, 85, 84, 84, 84, 83, 83, 83, 83, 83, 83, 82, 82, 81, 81, 80, 79, 79, 79, 79, 78, 77, 76, 76, 76, 75, 75, 75, 74, 74, 74, 74, 73, 73, 72, 70, 68, 67, 66, 66, 61]","dict_values([39, 44, 36, 43, 38, 46, 36, 34, 46, 46, 50, 48, 39, 43, 46, 40, 44, 41, 45, 44, 37, 43, 35, 40, 43, 47, 51, 42, 43, 45, 43, 46, 44, 49, 34, 33, 44, 46, 39, 37, 37, 39, 41, 42, 38, 48, 49, 40, 30, 43, 31, 43, 40, 43, 37, 45, 38, 39, 49, 43, 34, 30, 39, 44, 38, 45, 43, 36, 35, 36, 41, 48, 41, 50, 44])",0.041325619068508325
51,83.12,0.5665351737082703,"{0: 0.006467350956962931, 1: 0.007837046884467364, 2: 0.005791820076454635, 3: 0.005208064313249771, 4: 0.0053936731332841015, 5: 0.004368541913615525, 6: 0.006932568494085924, 7: 0.006728012261397587, 8: 0.00635823387243781, 9: 0.0043683929805053015, 10: 0.0065293224412377995, 11: 0.006684917976512887, 12: 0.005648931020388667, 13: 0.0039654514743687535, 14: 0.005703573805390872, 15: 0.004526469693827115, 16: 0.0049076602511621045, 17: 0.0056074107412717265, 18: 0.00600830855597011, 19: 0.006085358758862897, 20: 0.0064627498675130434, 21: 0.00605454199399239, 22: 0.00817448131330289, 23: 0.00688779924858789, 24: 0.0038712138810246296, 25: 0.00352184166267806, 26: 0.00574785568454849, 27: 0.004786636340735764, 28: 0.00810894224168364, 29: 0.006582689224597952, 30: 0.004567784055120401, 31: 0.006863040887154878, 32: 0.006786586778309533, 33: 0.00443706990156285, 34: 0.006546072227297385, 35: 0.004928856141580389, 36: 0.005366242821352311, 37: 0.004595957411559857, 38: 0.006780764400177092, 39: 0.005264872229233344, 40: 0.006346653399059618, 41: 0.007044104613348802, 42: 0.005003168101754741, 43: 0.0064434872623261264, 44: 0.005238844494185541, 45: 0.007001586657983907, 46: 0.007027641452087141, 47: 0.004996085649271901, 48: 0.008269218917177421, 49: 0.004651979858610649, 50: 0.0059458600948088716, 51: 0.006152112961953134, 52: 0.00790536168333986, 53: 0.006546282101238458, 54: 0.006533007199641631, 55: 0.007931850210201883, 56: 0.006748632146746858, 57: 0.005651848792065347, 58: 0.0032915059777476547, 59: 0.0073160209997367494, 60: 0.006673787781791547, 61: 0.006432071508490969, 62: 0.0051858331814430315, 63: 0.006569656168737221, 64: 0.008447295021190437, 65: 0.0066604640773813, 66: 0.006298301586167355, 67: 0.006346140250328767, 68: 0.005218180491555094, 69: 0.0058268410179455315, 70: 0.0092170042008724, 71: 0.004854015586083498, 72: 0.0037927983238293175, 73: 0.00605407470611193, 74: 0.005309920516611477}","[101, 98, 97, 96, 96, 95, 95, 94, 91, 91, 91, 90, 90, 90, 90, 89, 89, 89, 89, 89, 88, 88, 88, 88, 88, 88, 87, 86, 86, 86, 86, 85, 85, 85, 85, 84, 84, 84, 84, 84, 83, 83, 83, 83, 83, 82, 82, 82, 80, 80, 80, 80, 79, 79, 78, 77, 77, 76, 76, 76, 76, 76, 75, 74, 74, 74, 73, 72, 72, 70, 68, 68, 67, 65, 62]","dict_values([39, 44, 36, 43, 38, 46, 36, 34, 46, 46, 50, 48, 39, 43, 46, 40, 44, 41, 45, 44, 37, 43, 35, 40, 43, 47, 51, 42, 43, 45, 43, 46, 44, 49, 34, 33, 44, 46, 39, 37, 37, 39, 41, 42, 38, 48, 49, 40, 30, 43, 31, 43, 40, 43, 37, 45, 38, 39, 49, 43, 34, 30, 39, 44, 38, 45, 43, 36, 35, 36, 41, 48, 41, 50, 44])",0.04598335743352837
51,83.09333333333333,0.5667334790962687,"{0: 0.006748686748398101, 1: 0.0075570629188556945, 2: 0.005702829734835355, 3: 0.005076997615605241, 4: 0.005354090032416409, 5: 0.004349827648745378, 6: 0.006981524603700528, 7: 0.006785979972808048, 8: 0.006227688259757789, 9: 0.004488165715325174, 10: 0.006710465274716766, 11: 0.006782199723664074, 12: 0.0053256633880548005, 13: 0.003931604099627847, 14: 0.0057448709054375114, 15: 0.004365487211356496, 16: 0.004838119856018482, 17: 0.00564241024824883, 18: 0.006119636374358691, 19: 0.00635625729495496, 20: 0.0065220566285564335, 21: 0.006419547786756611, 22: 0.008212189256275568, 23: 0.0068997788808045964, 24: 0.0038372724424548493, 25: 0.0033995417872072376, 26: 0.005520627347404695, 27: 0.004704603220448439, 28: 0.008165324562590717, 29: 0.006724738569354474, 30: 0.00450759115321922, 31: 0.006749139735609926, 32: 0.006654357970662365, 33: 0.0044140747665024765, 34: 0.006391648418250824, 35: 0.005171762572918657, 36: 0.004934691042342695, 37: 0.0046304147499093146, 38: 0.006944119172674087, 39: 0.005364028025973563, 40: 0.006439167692197718, 41: 0.0070580582654444154, 42: 0.0049477151204748975, 43: 0.006446021112719045, 44: 0.005301979963141541, 45: 0.006601016813911372, 46: 0.007176150674891928, 47: 0.005018859807485536, 48: 0.008037088771748547, 49: 0.004662239561555611, 50: 0.006228983572607255, 51: 0.0059745941416055135, 52: 0.00759225997248015, 53: 0.006920554196464654, 54: 0.006821468560264911, 55: 0.008356684443999018, 56: 0.006856973800155728, 57: 0.005576783224930656, 58: 0.0032097158592032625, 59: 0.007200058775032377, 60: 0.006622901068814427, 61: 0.006430678757652868, 62: 0.00510057425772704, 63: 0.006969363989242167, 64: 0.008667659590780316, 65: 0.006468965029205061, 66: 0.00627018352361667, 67: 0.00626279966106642, 68: 0.0049625704004365775, 69: 0.005754126560701189, 70: 0.008813014871137833, 71: 0.005059454547375408, 72: 0.003809431290414789, 73: 0.006203165395270096, 74: 0.0054955225422077085}","[100, 98, 96, 96, 96, 96, 94, 94, 93, 91, 91, 91, 91, 91, 90, 89, 89, 89, 89, 89, 89, 88, 88, 88, 87, 87, 87, 87, 86, 86, 86, 86, 85, 85, 85, 85, 84, 84, 84, 84, 84, 83, 83, 83, 82, 81, 81, 81, 80, 80, 80, 80, 78, 78, 78, 77, 77, 76, 76, 76, 76, 75, 75, 75, 75, 73, 73, 72, 71, 70, 68, 68, 67, 64, 62]","dict_values([39, 44, 36, 43, 38, 46, 36, 34, 46, 46, 50, 48, 39, 43, 46, 40, 44, 41, 45, 44, 37, 43, 35, 40, 43, 47, 51, 42, 43, 45, 43, 46, 44, 49, 34, 33, 44, 46, 39, 37, 37, 39, 41, 42, 38, 48, 49, 40, 30, 43, 31, 43, 40, 43, 37, 45, 38, 39, 49, 43, 34, 30, 39, 44, 38, 45, 43, 36, 35, 36, 41, 48, 41, 50, 44])",0.043935829154589066
51,83.01333333333334,0.5663978348283458,"{0: 0.006798461008076902, 1: 0.007487549913544099, 2: 0.00545878550430022, 3: 0.005201261734034404, 4: 0.005384969230082735, 5: 0.004382789403462307, 6: 0.006856396804400093, 7: 0.0070139053059578875, 8: 0.006276193841508163, 9: 0.004466864154935725, 10: 0.006613564426710679, 11: 0.006865071875473121, 12: 0.005741980085300344, 13: 0.003861818900975941, 14: 0.005842240456351566, 15: 0.004648866143412236, 16: 0.004815586651794399, 17: 0.0056547944776548864, 18: 0.006241453279504358, 19: 0.006138725007414086, 20: 0.006524461790500191, 21: 0.006410111339290554, 22: 0.008310893363571681, 23: 0.007018821954455434, 24: 0.003961661560949085, 25: 0.003419848070298104, 26: 0.0055616403294701, 27: 0.004701090430740776, 28: 0.00800769229888987, 29: 0.006503400566955607, 30: 0.004450378800250398, 31: 0.006841978939086331, 32: 0.006864350953150806, 33: 0.00435079274290119, 34: 0.006213033539372238, 35: 0.005073811323814671, 36: 0.005202504022750487, 37: 0.004545562517383798, 38: 0.007039385191568991, 39: 0.005404206554796484, 40: 0.006528940876219677, 41: 0.0068482409661319655, 42: 0.005027522407034243, 43: 0.0064607433306118605, 44: 0.005311793472582544, 45: 0.00666273202128679, 46: 0.0071822106139265976, 47: 0.005030845840713505, 48: 0.00805974846877493, 49: 0.004677556977197548, 50: 0.006256683989275868, 51: 0.005910997214459363, 52: 0.007322477119483052, 53: 0.0070198435981200175, 54: 0.006720772463451842, 55: 0.00845672749198309, 56: 0.007146940567835566, 57: 0.0055127243813215395, 58: 0.003266772514578615, 59: 0.007027917038871279, 60: 0.006662297094473679, 61: 0.006604033201136283, 62: 0.005096464291127002, 63: 0.006773873658501566, 64: 0.008897574420976696, 65: 0.006256374935610184, 66: 0.006134789895221786, 67: 0.0062708605074532015, 68: 0.004911902523509616, 69: 0.005643807602005898, 70: 0.008906774769138388, 71: 0.004934974247515274, 72: 0.00372339682344917, 73: 0.006229936072308496, 74: 0.005493055511805933}","[100, 99, 96, 96, 96, 95, 94, 93, 93, 92, 92, 91, 91, 90, 90, 90, 89, 89, 89, 88, 88, 88, 88, 88, 87, 87, 86, 86, 86, 86, 86, 85, 85, 85, 85, 85, 85, 84, 84, 84, 84, 83, 83, 83, 83, 82, 82, 81, 80, 80, 80, 79, 79, 78, 78, 77, 76, 76, 76, 75, 75, 75, 75, 74, 74, 74, 73, 72, 70, 69, 68, 67, 67, 64, 63]","dict_values([39, 44, 36, 43, 38, 46, 36, 34, 46, 46, 50, 48, 39, 43, 46, 40, 44, 41, 45, 44, 37, 43, 35, 40, 43, 47, 51, 42, 43, 45, 43, 46, 44, 49, 34, 33, 44, 46, 39, 37, 37, 39, 41, 42, 38, 48, 49, 40, 30, 43, 31, 43, 40, 43, 37, 45, 38, 39, 49, 43, 34, 30, 39, 44, 38, 45, 43, 36, 35, 36, 41, 48, 41, 50, 44])",0.043867622889370295
52,82.98666666666666,0.5663185494178334,"{0: 0.007008792802669265, 1: 0.007705889945681935, 2: 0.005357391826285471, 3: 0.005210881323501611, 4: 0.005259957581887298, 5: 0.004229499507941227, 6: 0.006919103184301519, 7: 0.0070239238419376295, 8: 0.006325493521842091, 9: 0.004334559457375982, 10: 0.006891760095694366, 11: 0.0068571519604197, 12: 0.00580004765531988, 13: 0.003776090407802859, 14: 0.005830229774921307, 15: 0.004377653931610394, 16: 0.00476299843252745, 17: 0.005623237044946189, 18: 0.0062771361293427795, 19: 0.006097518353746046, 20: 0.006722159274434912, 21: 0.006238687643301489, 22: 0.008509349812994811, 23: 0.007130286120254566, 24: 0.004085769467224308, 25: 0.003710313977721227, 26: 0.00559131242149509, 27: 0.004594526629400364, 28: 0.008154414581403861, 29: 0.0063076736118679345, 30: 0.004217081942806725, 31: 0.007041140318572647, 32: 0.006954195093946878, 33: 0.004432165786752604, 34: 0.0060413393165005295, 35: 0.005091375921922902, 36: 0.00502982620085904, 37: 0.004393379785117244, 38: 0.007077553195932462, 39: 0.0057152005047166705, 40: 0.0068588296756309855, 41: 0.006856471540644703, 42: 0.005377421106461563, 43: 0.006601362646986156, 44: 0.005333642833632361, 45: 0.006728342526018142, 46: 0.007007711911901338, 47: 0.005143350155552084, 48: 0.00779578389302859, 49: 0.004860632393450298, 50: 0.005997695053317109, 51: 0.005909825119958793, 52: 0.007274775578777961, 53: 0.00717252331447327, 54: 0.006523941374302782, 55: 0.00841008036670446, 56: 0.007158665322432597, 57: 0.005563459189463737, 58: 0.0033219026451232815, 59: 0.006594155863262556, 60: 0.00657956931637229, 61: 0.0063659375888784, 62: 0.005062737647889931, 63: 0.007033690506951937, 64: 0.008677481029600122, 65: 0.006123877196424928, 66: 0.006129106582578953, 67: 0.006098381786307448, 68: 0.004913513485957897, 69: 0.005661149726365497, 70: 0.008863234634591292, 71: 0.004854182854057104, 72: 0.0038017463062832704, 73: 0.006202180879929602, 74: 0.005749897586364088}","[100, 98, 97, 96, 96, 95, 94, 94, 93, 92, 91, 91, 90, 90, 90, 90, 89, 89, 89, 89, 88, 88, 87, 87, 87, 87, 86, 86, 86, 86, 86, 86, 85, 85, 85, 85, 85, 84, 84, 84, 83, 83, 83, 83, 83, 82, 82, 81, 81, 80, 79, 79, 79, 78, 78, 78, 77, 76, 76, 75, 75, 75, 74, 74, 73, 73, 73, 71, 69, 69, 69, 67, 66, 66, 64]","dict_values([39, 44, 36, 43, 38, 46, 36, 34, 46, 46, 50, 48, 39, 43, 46, 40, 44, 41, 45, 44, 37, 43, 35, 40, 43, 47, 51, 42, 43, 45, 43, 46, 44, 49, 34, 33, 44, 46, 39, 37, 37, 39, 41, 42, 38, 48, 49, 40, 30, 43, 31, 43, 40, 43, 37, 45, 38, 39, 49, 43, 34, 30, 39, 44, 38, 45, 43, 36, 35, 36, 41, 48, 41, 50, 44])",0.04214984205761265
53,83.14666666666666,0.5676081362414035,"{0: 0.007071619370497829, 1: 0.007682840031277606, 2: 0.005330489549563999, 3: 0.005261415356270468, 4: 0.005013827988927619, 5: 0.004203968462076788, 6: 0.007138409718039627, 7: 0.006994936725798167, 8: 0.0062789417052402565, 9: 0.004141929806623126, 10: 0.006705399474210246, 11: 0.0067492940363901585, 12: 0.005851981126408918, 13: 0.0038003915914926758, 14: 0.005790252477707219, 15: 0.004223072553115878, 16: 0.004524681510038527, 17: 0.005614282935031959, 18: 0.00656483997353533, 19: 0.005926966723833554, 20: 0.006668475454821333, 21: 0.006420819221821823, 22: 0.008653632464462217, 23: 0.007255095307859766, 24: 0.004027970167759882, 25: 0.0035242279712585037, 26: 0.0059076891368704185, 27: 0.00478206083480489, 28: 0.008141701552094482, 29: 0.0061149791776984284, 30: 0.004159418489059438, 31: 0.006753166175177718, 32: 0.006989447128531188, 33: 0.004409289621602256, 34: 0.006164612714635376, 35: 0.004931413413320811, 36: 0.005504653353485824, 37: 0.004349478539617948, 38: 0.007236891443256739, 39: 0.005749812558816733, 40: 0.007087897242593578, 41: 0.0068838709211910595, 42: 0.005224692938489051, 43: 0.006672001078250531, 44: 0.0054760158756133005, 45: 0.0064581679530719355, 46: 0.006969275506254792, 47: 0.00526673783601795, 48: 0.0077365333293414155, 49: 0.0050600223342797575, 50: 0.005901696269582402, 51: 0.005867506089974051, 52: 0.00712450844547545, 53: 0.007098642558978844, 54: 0.0064023960606656265, 55: 0.00842774275062369, 56: 0.006810755730440658, 57: 0.005351351552872039, 58: 0.003377766694058968, 59: 0.006577076975380677, 60: 0.0065397525530007435, 61: 0.006310217249552727, 62: 0.004922660710170709, 63: 0.007399154179039776, 64: 0.008360302924685092, 65: 0.00598496678485483, 66: 0.0059365027286354555, 67: 0.00629599069342551, 68: 0.0048491257945641525, 69: 0.005631642615383484, 70: 0.008587358150457696, 71: 0.005289541209252356, 72: 0.0035861462470816313, 73: 0.0062511376375378935, 74: 0.005870094821986493}","[99, 98, 97, 96, 96, 95, 94, 94, 93, 93, 92, 91, 91, 90, 90, 90, 89, 89, 89, 88, 88, 88, 87, 87, 87, 87, 86, 86, 86, 86, 86, 86, 86, 86, 85, 85, 85, 85, 85, 84, 84, 84, 84, 84, 83, 83, 83, 82, 80, 80, 80, 80, 80, 78, 78, 78, 77, 77, 76, 75, 75, 75, 75, 74, 73, 72, 72, 71, 69, 69, 69, 66, 65, 65, 65]","dict_values([39, 44, 36, 43, 38, 46, 36, 34, 46, 46, 50, 48, 39, 43, 46, 40, 44, 41, 45, 44, 37, 43, 35, 40, 43, 47, 51, 42, 43, 45, 43, 46, 44, 49, 34, 33, 44, 46, 39, 37, 37, 39, 41, 42, 38, 48, 49, 40, 30, 43, 31, 43, 40, 43, 37, 45, 38, 39, 49, 43, 34, 30, 39, 44, 38, 45, 43, 36, 35, 36, 41, 48, 41, 50, 44])",0.04231508084202261
53,83.22666666666667,0.5675050796106323,"{0: 0.006972367703296658, 1: 0.007390475301850172, 2: 0.005532840276390652, 3: 0.0051678837980136, 4: 0.0047980867152106164, 5: 0.0044021054284397575, 6: 0.007290220093536315, 7: 0.006864915086639447, 8: 0.006275144652945619, 9: 0.0040927861976598505, 10: 0.006493321524143956, 11: 0.006709654057525313, 12: 0.0058074211982199735, 13: 0.003752245065402075, 14: 0.005987529242440931, 15: 0.004344735843753421, 16: 0.0044659090323463995, 17: 0.005598845463475979, 18: 0.006454866397579882, 19: 0.005897909842323055, 20: 0.006821767554882049, 21: 0.006628232109258247, 22: 0.0084133684708049, 23: 0.007073816804696056, 24: 0.004107462800576985, 25: 0.00348158757627063, 26: 0.00607119924298766, 27: 0.004916412747353531, 28: 0.008193419733393978, 29: 0.0060922213871416565, 30: 0.0041393466439966645, 31: 0.0064330739172194775, 32: 0.006982112212590204, 33: 0.004374631883314025, 34: 0.005971473026061055, 35: 0.005045392949281962, 36: 0.005397244599304254, 37: 0.004355842656718291, 38: 0.0070213032514347545, 39: 0.005562700508666176, 40: 0.0072520529162837825, 41: 0.006817639609392409, 42: 0.005307256328786441, 43: 0.006620195361779364, 44: 0.005689411650348564, 45: 0.006152081256283108, 46: 0.007017105048336417, 47: 0.00551691707462573, 48: 0.00805996171581133, 49: 0.004996695199063044, 50: 0.006244983768908472, 51: 0.006039422371777194, 52: 0.006864209851008982, 53: 0.0067584717718088, 54: 0.006398528338221421, 55: 0.008353794970143786, 56: 0.007097501407914879, 57: 0.005529592970504054, 58: 0.003253390810266495, 59: 0.006528568306644469, 60: 0.0063836075098752856, 61: 0.006197186592953569, 62: 0.005029388673920357, 63: 0.007538128753039873, 64: 0.008174766893969985, 65: 0.005938962177846104, 66: 0.006058090767505519, 67: 0.006280148156122891, 68: 0.004977470503512584, 69: 0.005633250107864621, 70: 0.008716974344054801, 71: 0.005428660807541712, 72: 0.0035850148056673177, 73: 0.00607855096500565, 74: 0.0057484236314664355}","[99, 97, 96, 96, 96, 96, 93, 93, 92, 92, 92, 91, 90, 90, 90, 90, 90, 89, 89, 89, 88, 88, 87, 87, 87, 87, 87, 86, 86, 86, 86, 86, 86, 85, 85, 85, 85, 84, 84, 84, 84, 84, 84, 84, 84, 83, 83, 82, 81, 81, 80, 80, 80, 79, 79, 78, 78, 76, 76, 76, 76, 76, 75, 74, 74, 73, 73, 72, 70, 69, 69, 66, 65, 65, 64]","dict_values([39, 44, 36, 43, 38, 46, 36, 34, 46, 46, 50, 48, 39, 43, 46, 40, 44, 41, 45, 44, 37, 43, 35, 40, 43, 47, 51, 42, 43, 45, 43, 46, 44, 49, 34, 33, 44, 46, 39, 37, 37, 39, 41, 42, 38, 48, 49, 40, 30, 43, 31, 43, 40, 43, 37, 45, 38, 39, 49, 43, 34, 30, 39, 44, 38, 45, 43, 36, 35, 36, 41, 48, 41, 50, 44])",0.039590823642920416
53,83.09333333333333,0.5676021953127571,"{0: 0.007179069918219283, 1: 0.007320998984655588, 2: 0.005655383565584765, 3: 0.005145603078459269, 4: 0.0050788538205573715, 5: 0.004423397894739683, 6: 0.007383194150860786, 7: 0.00693864567369716, 8: 0.006165857503801991, 9: 0.004099073602050105, 10: 0.006415705149103288, 11: 0.006720978137509983, 12: 0.005543420887747583, 13: 0.003537852443264051, 14: 0.005839615752427947, 15: 0.00426017923819455, 16: 0.004261446834172579, 17: 0.005376373063422376, 18: 0.006768188165488567, 19: 0.00575926027107816, 20: 0.007056319436314421, 21: 0.006546044654006711, 22: 0.008347466601926064, 23: 0.007240186812643544, 24: 0.004360913712787513, 25: 0.003494502867289786, 26: 0.006100245098331666, 27: 0.004890138542671291, 28: 0.008124275130052976, 29: 0.006025455696113337, 30: 0.004400804657616837, 31: 0.006620561450388917, 32: 0.007217712393211571, 33: 0.0040783330889130566, 34: 0.0061584842128190025, 35: 0.0050018807776938306, 36: 0.00520248963875565, 37: 0.004462168441679353, 38: 0.006988732042507878, 39: 0.005662763024774384, 40: 0.00705282802995944, 41: 0.006717566355241914, 42: 0.00519103806163418, 43: 0.006742864354501681, 44: 0.005537763816391416, 45: 0.00594091480528318, 46: 0.006876458269262989, 47: 0.005389685680981636, 48: 0.008379539891388595, 49: 0.004836896497755136, 50: 0.005766652817726145, 51: 0.006001751782691693, 52: 0.006796794467086966, 53: 0.00726214449370598, 54: 0.006179687850024731, 55: 0.008211571945593934, 56: 0.007128638027416029, 57: 0.005700852577542389, 58: 0.003339756743251067, 59: 0.0067329413336750885, 60: 0.0065043349392231355, 61: 0.006330705039833624, 62: 0.005129895600519815, 63: 0.007733967671740142, 64: 0.008323608083509957, 65: 0.006056813394760595, 66: 0.006067135329598739, 67: 0.006512384451436808, 68: 0.004987600046521271, 69: 0.005691798398667433, 70: 0.008941578638062034, 71: 0.005421061124404939, 72: 0.003332433798200451, 73: 0.006126498045465629, 74: 0.005775122754174001}","[100, 98, 97, 97, 96, 95, 94, 94, 93, 92, 91, 91, 90, 90, 90, 90, 90, 89, 89, 88, 88, 88, 87, 87, 87, 87, 87, 86, 86, 86, 86, 86, 85, 85, 85, 85, 85, 84, 84, 84, 84, 84, 84, 83, 83, 83, 82, 82, 81, 81, 80, 80, 79, 79, 79, 78, 77, 77, 76, 76, 75, 75, 74, 73, 73, 73, 72, 72, 71, 71, 67, 65, 64, 64, 63]","dict_values([39, 44, 36, 43, 38, 46, 36, 34, 46, 46, 50, 48, 39, 43, 46, 40, 44, 41, 45, 44, 37, 43, 35, 40, 43, 47, 51, 42, 43, 45, 43, 46, 44, 49, 34, 33, 44, 46, 39, 37, 37, 39, 41, 42, 38, 48, 49, 40, 30, 43, 31, 43, 40, 43, 37, 45, 38, 39, 49, 43, 34, 30, 39, 44, 38, 45, 43, 36, 35, 36, 41, 48, 41, 50, 44])",0.04802102198104609
52,82.96,0.5664165198826798,"{0: 0.007149099643853277, 1: 0.007404443739428708, 2: 0.0054558246058324135, 3: 0.005255408156130165, 4: 0.005095593208759468, 5: 0.004480489415868344, 6: 0.006939382712975283, 7: 0.006999183418887132, 8: 0.005979858499829327, 9: 0.004087309541438397, 10: 0.006599774938093132, 11: 0.006741648298716251, 12: 0.005589916736466108, 13: 0.0034912997905813276, 14: 0.00581292986157682, 15: 0.00420844317128671, 16: 0.0041312273449806295, 17: 0.005358670243025389, 18: 0.00701105384171943, 19: 0.005644691325184005, 20: 0.006751159123922945, 21: 0.006756520697503398, 22: 0.008235481617392197, 23: 0.007299949166345077, 24: 0.004248364303548859, 25: 0.0037533967214253296, 26: 0.006133464962398546, 27: 0.004714921284958225, 28: 0.008128126828812058, 29: 0.005878238148368889, 30: 0.004453657278193319, 31: 0.0067862532735951855, 32: 0.007082166009524304, 33: 0.004127622144026117, 34: 0.006224503744116263, 35: 0.0051050090847682885, 36: 0.0050802148941189226, 37: 0.004451032813778793, 38: 0.0066806199371695135, 39: 0.005818001635667812, 40: 0.006989812929621843, 41: 0.00681394442648782, 42: 0.005225505612288482, 43: 0.006728167465821519, 44: 0.005447785767548326, 45: 0.005873730972685185, 46: 0.006912240118813343, 47: 0.005587798602013304, 48: 0.008412677158563144, 49: 0.0048991033528803084, 50: 0.0058614445437833885, 51: 0.00590737585204453, 52: 0.006839501582627796, 53: 0.007215124692138976, 54: 0.005998033850489136, 55: 0.008189231693981521, 56: 0.007307626936627895, 57: 0.005740179401800896, 58: 0.003377994914598536, 59: 0.006788861330747955, 60: 0.006822662238274984, 61: 0.006427459609532371, 62: 0.005181501331683404, 63: 0.008005988022902517, 64: 0.008096164215506357, 65: 0.006293538204239645, 66: 0.006301799461232004, 67: 0.006566134242708399, 68: 0.005117887831821844, 69: 0.005781538040749955, 70: 0.009232820512465663, 71: 0.005295836255960707, 72: 0.0032849077060876568, 73: 0.006175622703314971, 74: 0.005654490903818832}","[101, 98, 96, 96, 96, 95, 95, 94, 93, 92, 91, 91, 90, 90, 90, 89, 88, 88, 88, 87, 87, 87, 87, 87, 87, 87, 86, 86, 86, 86, 86, 86, 86, 85, 85, 85, 85, 85, 85, 85, 84, 84, 83, 82, 82, 82, 82, 82, 82, 80, 80, 79, 79, 78, 78, 78, 78, 77, 77, 75, 75, 75, 74, 74, 73, 72, 72, 72, 72, 70, 67, 67, 64, 63, 63]","dict_values([39, 44, 36, 43, 38, 46, 36, 34, 46, 46, 50, 48, 39, 43, 46, 40, 44, 41, 45, 44, 37, 43, 35, 40, 43, 47, 51, 42, 43, 45, 43, 46, 44, 49, 34, 33, 44, 46, 39, 37, 37, 39, 41, 42, 38, 48, 49, 40, 30, 43, 31, 43, 40, 43, 37, 45, 38, 39, 49, 43, 34, 30, 39, 44, 38, 45, 43, 36, 35, 36, 41, 48, 41, 50, 44])",0.04240652898369457
52,83.04,0.5668484466410973,"{0: 0.00700006209232728, 1: 0.007472410041043389, 2: 0.005333994073099114, 3: 0.005347248714937271, 4: 0.00504971867542814, 5: 0.004575106025291387, 6: 0.006782115345920976, 7: 0.006906231765920597, 8: 0.005723789109837135, 9: 0.004189443583899938, 10: 0.006895056441715565, 11: 0.00659375085307712, 12: 0.0056827655171459495, 13: 0.0034501641647620013, 14: 0.0057565378092042305, 15: 0.004171042425030478, 16: 0.004062906915307897, 17: 0.005307556949056553, 18: 0.007261052787009639, 19: 0.005349161636422482, 20: 0.006899293241266593, 21: 0.006965281540703936, 22: 0.008230556578885075, 23: 0.007307314676647551, 24: 0.0043407818623892895, 25: 0.0035766443640777466, 26: 0.006146116661302387, 27: 0.004520127805501568, 28: 0.008309410365174592, 29: 0.005807053771382709, 30: 0.004051866899375233, 31: 0.006937960704821196, 32: 0.007160979527716021, 33: 0.0042789294168460315, 34: 0.006324713468711176, 35: 0.004953435378080635, 36: 0.005030013433031612, 37: 0.004597400233237207, 38: 0.006778972675845844, 39: 0.005797620403281402, 40: 0.006850688168133461, 41: 0.006764386481221367, 42: 0.005095356678790975, 43: 0.006676229565092086, 44: 0.005689533420997439, 45: 0.005908135376875921, 46: 0.006915755836141799, 47: 0.005782817944869119, 48: 0.00840038413184156, 49: 0.004933924087573688, 50: 0.006106935530534911, 51: 0.005712358265997476, 52: 0.006963489439755562, 53: 0.007061798189032201, 54: 0.0058407710503075175, 55: 0.007987971357870388, 56: 0.00744644750189321, 57: 0.005837917466928006, 58: 0.0033642826036972186, 59: 0.006995362533799485, 60: 0.006594827330882871, 61: 0.006161033369294316, 62: 0.005333729764354132, 63: 0.0076383389100726845, 64: 0.008070348176331508, 65: 0.0064427012088331655, 66: 0.006060874128616251, 67: 0.006252235075458747, 68: 0.00546993501667206, 69: 0.005664249279940429, 70: 0.009207507783688831, 71: 0.005584345209334143, 72: 0.0033956437282956597, 73: 0.006176492204291603, 74: 0.005632700027576475}","[101, 98, 97, 96, 96, 94, 93, 93, 93, 92, 92, 92, 90, 90, 89, 89, 89, 88, 88, 88, 88, 88, 87, 87, 87, 87, 87, 86, 86, 86, 86, 86, 86, 85, 85, 85, 85, 85, 84, 84, 83, 83, 83, 83, 82, 82, 82, 82, 81, 81, 81, 81, 80, 79, 79, 79, 78, 78, 77, 75, 75, 74, 74, 74, 73, 72, 72, 71, 71, 70, 68, 66, 64, 64, 63]","dict_values([39, 44, 36, 43, 38, 46, 36, 34, 46, 46, 50, 48, 39, 43, 46, 40, 44, 41, 45, 44, 37, 43, 35, 40, 43, 47, 51, 42, 43, 45, 43, 46, 44, 49, 34, 33, 44, 46, 39, 37, 37, 39, 41, 42, 38, 48, 49, 40, 30, 43, 31, 43, 40, 43, 37, 45, 38, 39, 49, 43, 34, 30, 39, 44, 38, 45, 43, 36, 35, 36, 41, 48, 41, 50, 44])",0.04399486191393703
52,83.12,0.5675711433620382,"{0: 0.00670861053249322, 1: 0.007462931756097541, 2: 0.005365640531925047, 3: 0.005132535334990967, 4: 0.005059219269034843, 5: 0.004495759303185851, 6: 0.006996786493847596, 7: 0.0072133372575345816, 8: 0.005694034965445967, 9: 0.004071592401234194, 10: 0.006903813068270646, 11: 0.006721063592994733, 12: 0.005708020835756447, 13: 0.003552211937559587, 14: 0.005676675270052471, 15: 0.004057901027651019, 16: 0.003866482330860808, 17: 0.005473850920712609, 18: 0.007959509006044134, 19: 0.005470954144377542, 20: 0.006833202840183263, 21: 0.006783109615062925, 22: 0.008640226746795135, 23: 0.006975447073774815, 24: 0.004440145508452928, 25: 0.00336300902009232, 26: 0.006039296092674351, 27: 0.0048375906646370955, 28: 0.008633368559351783, 29: 0.006038426340079717, 30: 0.004048686974881551, 31: 0.006726896344086795, 32: 0.007162288516136171, 33: 0.004364933502812443, 34: 0.006149141270816662, 35: 0.005210880427574452, 36: 0.00513314279608708, 37: 0.00444727777989103, 38: 0.007031274871285878, 39: 0.0056012033061600235, 40: 0.006840432171059981, 41: 0.007091009456393495, 42: 0.0050466393628434535, 43: 0.006802641219436593, 44: 0.005572947217839223, 45: 0.005645995834870399, 46: 0.006963597438954095, 47: 0.0058368005646072, 48: 0.008385325166335937, 49: 0.004890080309391653, 50: 0.0062490144203206895, 51: 0.005572102611119107, 52: 0.006424989896992679, 53: 0.0067350342391279345, 54: 0.005629034644628185, 55: 0.007989118824890772, 56: 0.007379901624569911, 57: 0.005921113998657126, 58: 0.0033983179404566055, 59: 0.006922975297333008, 60: 0.00610718103913183, 61: 0.006073485619945923, 62: 0.005296604498985987, 63: 0.007761486018975262, 64: 0.007988770649396876, 65: 0.0067791197009390725, 66: 0.0059286876457636545, 67: 0.006130950530413483, 68: 0.005296711954478589, 69: 0.005560776459937448, 70: 0.009231174775487856, 71: 0.00543652430762021, 72: 0.0034598976958863394, 73: 0.0065555656125932775, 74: 0.005434257929002779}","[101, 98, 98, 98, 95, 94, 93, 92, 92, 92, 92, 91, 91, 91, 90, 90, 89, 89, 89, 89, 89, 89, 89, 88, 87, 87, 87, 87, 86, 86, 86, 86, 86, 85, 85, 85, 84, 84, 84, 84, 83, 83, 83, 82, 82, 82, 81, 81, 81, 80, 80, 80, 80, 80, 80, 78, 78, 77, 77, 75, 75, 75, 74, 74, 73, 72, 71, 71, 70, 70, 69, 65, 65, 65, 64]","dict_values([39, 44, 36, 43, 38, 46, 36, 34, 46, 46, 50, 48, 39, 43, 46, 40, 44, 41, 45, 44, 37, 43, 35, 40, 43, 47, 51, 42, 43, 45, 43, 46, 44, 49, 34, 33, 44, 46, 39, 37, 37, 39, 41, 42, 38, 48, 49, 40, 30, 43, 31, 43, 40, 43, 37, 45, 38, 39, 49, 43, 34, 30, 39, 44, 38, 45, 43, 36, 35, 36, 41, 48, 41, 50, 44])",0.045789032563722465
52,83.09333333333333,0.5675372319888419,"{0: 0.006508239114969549, 1: 0.007157746058885399, 2: 0.005233660100784455, 3: 0.0050669703316472605, 4: 0.004945817293566574, 5: 0.004600404177359427, 6: 0.006996440887383293, 7: 0.007116240758371955, 8: 0.005975117344514328, 9: 0.004133307955932275, 10: 0.007068214663493776, 11: 0.006961927779623254, 12: 0.005909572923478774, 13: 0.0034403849097920636, 14: 0.005683461714216114, 15: 0.0039502584420011075, 16: 0.003876936439790596, 17: 0.005624140486511243, 18: 0.008130688589620579, 19: 0.005296649226007465, 20: 0.0068816980074683206, 21: 0.006892512578678258, 22: 0.008519241726341135, 23: 0.0068042467741453744, 24: 0.004428692074451065, 25: 0.0031853432782951844, 26: 0.0060453700778706826, 27: 0.005029993348997805, 28: 0.008905119465495574, 29: 0.005850052746911411, 30: 0.004116444142228929, 31: 0.006886903792712851, 32: 0.007133242188897202, 33: 0.004374582940233715, 34: 0.006513353213688649, 35: 0.005149933441722755, 36: 0.005132669505100961, 37: 0.004588344507693554, 38: 0.0070246114054054185, 39: 0.005655651777077888, 40: 0.006812283795237026, 41: 0.007170761324396614, 42: 0.004923268599352363, 43: 0.00679887856765741, 44: 0.005401269616016471, 45: 0.005645830921399587, 46: 0.007027050677262178, 47: 0.00576963266529563, 48: 0.008411568532004936, 49: 0.005088590398399653, 50: 0.006735565359223077, 51: 0.005886661426407487, 52: 0.0064036684567855655, 53: 0.0069201136344801675, 54: 0.005541084500612482, 55: 0.008015810678898927, 56: 0.006828204107130318, 57: 0.005879241897995884, 58: 0.003444492938080606, 59: 0.006986941577573449, 60: 0.006073482938467445, 61: 0.0060464984946351965, 62: 0.005526488213022182, 63: 0.007657870180490599, 64: 0.008272203271496628, 65: 0.006635279442178049, 66: 0.005801443065515378, 67: 0.00584086770090539, 68: 0.00528490495664949, 69: 0.005487959681266204, 70: 0.008933352706743483, 71: 0.005316529549412342, 72: 0.00349806838572398, 73: 0.00651882533149413, 74: 0.005194981749189074}","[100, 99, 98, 97, 96, 94, 93, 93, 93, 91, 91, 91, 90, 90, 90, 90, 89, 89, 89, 89, 89, 89, 88, 88, 88, 88, 88, 87, 87, 87, 87, 86, 86, 85, 85, 85, 84, 84, 83, 83, 83, 83, 82, 82, 82, 82, 81, 81, 81, 81, 81, 80, 80, 79, 79, 78, 77, 76, 76, 76, 76, 75, 74, 73, 73, 72, 72, 71, 70, 70, 68, 66, 66, 64, 63]","dict_values([39, 44, 36, 43, 38, 46, 36, 34, 46, 46, 50, 48, 39, 43, 46, 40, 44, 41, 45, 44, 37, 43, 35, 40, 43, 47, 51, 42, 43, 45, 43, 46, 44, 49, 34, 33, 44, 46, 39, 37, 37, 39, 41, 42, 38, 48, 49, 40, 30, 43, 31, 43, 40, 43, 37, 45, 38, 39, 49, 43, 34, 30, 39, 44, 38, 45, 43, 36, 35, 36, 41, 48, 41, 50, 44])",0.043592761530615115
52,83.22666666666667,0.5683208868041119,"{0: 0.0064393473627235055, 1: 0.006882523966935296, 2: 0.005183909363831798, 3: 0.005089434934681767, 4: 0.005105368889246501, 5: 0.00451782645919225, 6: 0.006810802621481355, 7: 0.00666491596338388, 8: 0.005941762318803175, 9: 0.004429438971774091, 10: 0.006779323910967772, 11: 0.006925118933999918, 12: 0.0057400616348124225, 13: 0.003429481687039144, 14: 0.005386132741909046, 15: 0.0041776668752795485, 16: 0.0039967068678199305, 17: 0.005513221650109876, 18: 0.0078111944405372955, 19: 0.005423005468547832, 20: 0.00678125430511407, 21: 0.0070172296862760315, 22: 0.00861283727681477, 23: 0.006847507464687671, 24: 0.004294374537990324, 25: 0.0032036315259626473, 26: 0.0059900174958070155, 27: 0.005097174481985145, 28: 0.008716321443431096, 29: 0.00554413850430467, 30: 0.004083799563820935, 31: 0.006649065622218876, 32: 0.00689206505388531, 33: 0.004325103640801162, 34: 0.006581204795821625, 35: 0.005289941923661688, 36: 0.005166693824721193, 37: 0.004891461469648389, 38: 0.006956918686914423, 39: 0.005696340219411695, 40: 0.006888033405555733, 41: 0.007395776349567163, 42: 0.004764248775280922, 43: 0.006916761151060887, 44: 0.005473217173102772, 45: 0.005442974487540894, 46: 0.0074779793765023935, 47: 0.005969351795305512, 48: 0.008553810870806113, 49: 0.00528937900262922, 50: 0.006687255195212163, 51: 0.005983588984023828, 52: 0.0063211222841909834, 53: 0.0068230738375560426, 54: 0.005169158617803048, 55: 0.007822373690396815, 56: 0.0068127006627674526, 57: 0.005869305162597449, 58: 0.0036316722330871983, 59: 0.006722414123689768, 60: 0.005759484129923629, 61: 0.0066332929596925735, 62: 0.0054682665702850955, 63: 0.007560981436358484, 64: 0.008362134189018797, 65: 0.00657699355070154, 66: 0.005839656423020344, 67: 0.00583111115623836, 68: 0.005385043624071913, 69: 0.005675545658027322, 70: 0.009128699219047434, 71: 0.005571641736267873, 72: 0.003275302857724915, 73: 0.006622822866737468, 74: 0.0050587782732544615}","[101, 99, 98, 98, 97, 94, 93, 92, 92, 92, 92, 92, 90, 90, 90, 90, 90, 90, 89, 89, 89, 89, 89, 89, 88, 87, 87, 87, 86, 86, 86, 86, 86, 85, 84, 84, 84, 84, 84, 83, 82, 82, 82, 82, 82, 82, 82, 81, 81, 81, 80, 80, 80, 80, 80, 79, 77, 77, 77, 77, 76, 75, 75, 74, 73, 73, 71, 71, 71, 71, 68, 67, 65, 64, 63]","dict_values([39, 44, 36, 43, 38, 46, 36, 34, 46, 46, 50, 48, 39, 43, 46, 40, 44, 41, 45, 44, 37, 43, 35, 40, 43, 47, 51, 42, 43, 45, 43, 46, 44, 49, 34, 33, 44, 46, 39, 37, 37, 39, 41, 42, 38, 48, 49, 40, 30, 43, 31, 43, 40, 43, 37, 45, 38, 39, 49, 43, 34, 30, 39, 44, 38, 45, 43, 36, 35, 36, 41, 48, 41, 50, 44])",0.045702536414184675
52,82.96,0.5668035076161544,"{0: 0.006360849382214852, 1: 0.006584084503555726, 2: 0.005364455617141027, 3: 0.005065134959092302, 4: 0.004945362146042857, 5: 0.004704681188124834, 6: 0.006590612379351659, 7: 0.006762203665485706, 8: 0.006255324059626153, 9: 0.0044893622788517345, 10: 0.007031909125961851, 11: 0.007100214673699822, 12: 0.0057917111622092345, 13: 0.0034876599430449947, 14: 0.005499324585238823, 15: 0.004150362493230416, 16: 0.004210335639700201, 17: 0.0055338319033726175, 18: 0.007619094919161824, 19: 0.005357902984797318, 20: 0.006854326044615486, 21: 0.007192659010791667, 22: 0.008976151170998885, 23: 0.006925180660502145, 24: 0.0043072800380571374, 25: 0.0031762155876276536, 26: 0.006010532874137391, 27: 0.004756318659442361, 28: 0.0085081145163493, 29: 0.005472139608076519, 30: 0.004154814027270895, 31: 0.006443806975341211, 32: 0.006639739179626693, 33: 0.004330351506921283, 34: 0.006646647512868363, 35: 0.005302818067873567, 36: 0.0051375973366904505, 37: 0.004795200946406211, 38: 0.007253418303063683, 39: 0.005705906708323523, 40: 0.006941402354720475, 41: 0.007170441410941404, 42: 0.0048428457796708515, 43: 0.007070664223325962, 44: 0.005717698442866824, 45: 0.004929053446425997, 46: 0.007596715614242923, 47: 0.005694640722654084, 48: 0.008897238869686984, 49: 0.005351885634361766, 50: 0.006802858108922372, 51: 0.0062181670223627, 52: 0.006441797126859196, 53: 0.007180199009906016, 54: 0.004969232488050658, 55: 0.007900487228212958, 56: 0.006999142771328803, 57: 0.0059247954785020835, 58: 0.0035704259410387746, 59: 0.006638122924177, 60: 0.006027926306955427, 61: 0.006673080255004394, 62: 0.005502227878359424, 63: 0.0072555758762784025, 64: 0.008376728044058881, 65: 0.00684188478508792, 66: 0.005612730983241262, 67: 0.005890071974941057, 68: 0.005345826464971046, 69: 0.005735625541812089, 70: 0.008963353069987235, 71: 0.005637818240968248, 72: 0.0032991190990808643, 73: 0.006734325910180031, 74: 0.0052516992760570785}","[100, 100, 99, 97, 96, 96, 93, 92, 92, 91, 91, 91, 91, 91, 91, 90, 90, 89, 89, 89, 89, 89, 89, 89, 88, 87, 87, 87, 86, 86, 86, 86, 85, 85, 84, 84, 84, 84, 83, 83, 82, 82, 82, 82, 81, 81, 80, 80, 80, 80, 80, 79, 79, 79, 78, 78, 77, 76, 76, 76, 75, 75, 74, 74, 74, 72, 72, 71, 71, 71, 68, 66, 65, 64, 63]","dict_values([39, 44, 36, 43, 38, 46, 36, 34, 46, 46, 50, 48, 39, 43, 46, 40, 44, 41, 45, 44, 37, 43, 35, 40, 43, 47, 51, 42, 43, 45, 43, 46, 44, 49, 34, 33, 44, 46, 39, 37, 37, 39, 41, 42, 38, 48, 49, 40, 30, 43, 31, 43, 40, 43, 37, 45, 38, 39, 49, 43, 34, 30, 39, 44, 38, 45, 43, 36, 35, 36, 41, 48, 41, 50, 44])",0.04615955598083594
52,83.09333333333333,0.5671150609735214,"{0: 0.006387397187378502, 1: 0.006561739795401783, 2: 0.00547246815427044, 3: 0.004888678926662781, 4: 0.004979546076818677, 5: 0.004937171992493297, 6: 0.006534858799263286, 7: 0.007163555947568563, 8: 0.006502826773259099, 9: 0.0045835423317091995, 10: 0.0071501616501306355, 11: 0.006780092879427656, 12: 0.005847307404916962, 13: 0.0035328416692640184, 14: 0.005308980438432493, 15: 0.004169286469306148, 16: 0.004185315065900181, 17: 0.005759122555710074, 18: 0.007393022752467806, 19: 0.005210769474953204, 20: 0.006975104686618039, 21: 0.007136320507021773, 22: 0.008813551184240534, 23: 0.006912741110140598, 24: 0.004254732911784602, 25: 0.0033912660440279458, 26: 0.006040975540817703, 27: 0.004818328419683711, 28: 0.008642948837410394, 29: 0.0052396445950702395, 30: 0.004093339116069497, 31: 0.006395041532836766, 32: 0.006741028051451836, 33: 0.004285158561393332, 34: 0.006606548305360792, 35: 0.005471985106186137, 36: 0.0049874429887492135, 37: 0.004833697674533845, 38: 0.007237389857328563, 39: 0.005983086520045287, 40: 0.006883848907268655, 41: 0.006985628741903421, 42: 0.004836801823704687, 43: 0.006916089088246016, 44: 0.0058436710681121235, 45: 0.00515235199693248, 46: 0.0073017014787040676, 47: 0.006070569386841222, 48: 0.008827461682446355, 49: 0.004997685370163676, 50: 0.006572275082527375, 51: 0.00625913370255641, 52: 0.00633260737291702, 53: 0.0069535308052251195, 54: 0.0045760924337979484, 55: 0.007989292558586285, 56: 0.006985234131798645, 57: 0.005864621591963092, 58: 0.0033957341505151026, 59: 0.006831770215533016, 60: 0.006057482577183967, 61: 0.006820753269138304, 62: 0.005541708544483276, 63: 0.007043589222234198, 64: 0.008057329025395249, 65: 0.006481208510140786, 66: 0.005506939592038969, 67: 0.006026574558697999, 68: 0.0052366346007769885, 69: 0.005682569934434922, 70: 0.00859614735757155, 71: 0.006045428961368577, 72: 0.0034999528160900273, 73: 0.006826353544617413, 74: 0.005366069532745088}","[100, 99, 99, 97, 96, 95, 93, 93, 91, 91, 91, 91, 90, 90, 90, 90, 90, 90, 89, 89, 89, 89, 88, 88, 88, 88, 88, 88, 87, 87, 86, 86, 85, 85, 84, 84, 84, 84, 83, 83, 82, 82, 82, 82, 82, 82, 82, 81, 80, 80, 80, 79, 79, 78, 78, 78, 77, 77, 76, 76, 76, 75, 75, 75, 75, 72, 72, 72, 71, 70, 67, 67, 66, 65, 63]","dict_values([39, 44, 36, 43, 38, 46, 36, 34, 46, 46, 50, 48, 39, 43, 46, 40, 44, 41, 45, 44, 37, 43, 35, 40, 43, 47, 51, 42, 43, 45, 43, 46, 44, 49, 34, 33, 44, 46, 39, 37, 37, 39, 41, 42, 38, 48, 49, 40, 30, 43, 31, 43, 40, 43, 37, 45, 38, 39, 49, 43, 34, 30, 39, 44, 38, 45, 43, 36, 35, 36, 41, 48, 41, 50, 44])",0.04298593041669893
52,82.93333333333334,0.5665538075261108,"{0: 0.006339197434975579, 1: 0.006534944478975008, 2: 0.005599432353535438, 3: 0.004750011214668483, 4: 0.005158123382275969, 5: 0.004850830423768988, 6: 0.0066465276097421215, 7: 0.007070939675939432, 8: 0.006210629419381562, 9: 0.004820273918440589, 10: 0.007016735215339879, 11: 0.0069326315494827925, 12: 0.005709277284680801, 13: 0.0035813659984868717, 14: 0.005529863543517102, 15: 0.004065458862967385, 16: 0.0042800149324285185, 17: 0.00580547049554231, 18: 0.007470151742065432, 19: 0.00522294406982527, 20: 0.0070811556167144785, 21: 0.007426933368310169, 22: 0.008979923252451534, 23: 0.007076063635687741, 24: 0.004103638444614715, 25: 0.003311888239750623, 26: 0.00590318156973147, 27: 0.00469341699508558, 28: 0.008530394800711051, 29: 0.005277275755719847, 30: 0.004210171070704871, 31: 0.006653521095194913, 32: 0.006578422220339336, 33: 0.004383331488401395, 34: 0.006543535881111464, 35: 0.005118961794290422, 36: 0.005052072027512051, 37: 0.005037491629274231, 38: 0.0072854780909423844, 39: 0.006047973753979589, 40: 0.006951616381218772, 41: 0.006758277823313573, 42: 0.004686877454006739, 43: 0.006958273866176525, 44: 0.006058220853456158, 45: 0.00514639610925169, 46: 0.007392583041017454, 47: 0.005955976473430329, 48: 0.008920950184313357, 49: 0.00487835179853146, 50: 0.006493871030225066, 51: 0.006197236578970821, 52: 0.0063567799365799585, 53: 0.0070627350227121235, 54: 0.004552096118916537, 55: 0.008064981470648873, 56: 0.00693218330186551, 57: 0.006057275323571358, 58: 0.0034287046072840176, 59: 0.006892647519137972, 60: 0.006137387189159388, 61: 0.006847798820629433, 62: 0.005744518196926951, 63: 0.007042007745226356, 64: 0.0077591678429906885, 65: 0.006742229437783538, 66: 0.0053810444820090175, 67: 0.006098204653977793, 68: 0.005425415170463705, 69: 0.005585121693563768, 70: 0.008723670343036323, 71: 0.006112061460999622, 72: 0.0035296973122724523, 73: 0.007033837715850749, 74: 0.0048867099775168924}","[100, 99, 99, 96, 95, 95, 93, 93, 91, 91, 91, 91, 90, 90, 90, 90, 90, 90, 89, 89, 88, 88, 88, 88, 88, 87, 87, 87, 87, 87, 86, 86, 85, 85, 84, 84, 84, 84, 83, 83, 82, 82, 82, 82, 82, 82, 81, 81, 80, 80, 80, 80, 79, 79, 78, 77, 77, 77, 77, 77, 75, 75, 74, 74, 74, 72, 72, 71, 71, 69, 67, 67, 65, 65, 63]","dict_values([39, 44, 36, 43, 38, 46, 36, 34, 46, 46, 50, 48, 39, 43, 46, 40, 44, 41, 45, 44, 37, 43, 35, 40, 43, 47, 51, 42, 43, 45, 43, 46, 44, 49, 34, 33, 44, 46, 39, 37, 37, 39, 41, 42, 38, 48, 49, 40, 30, 43, 31, 43, 40, 43, 37, 45, 38, 39, 49, 43, 34, 30, 39, 44, 38, 45, 43, 36, 35, 36, 41, 48, 41, 50, 44])",0.04471086940788455
52,82.88,0.5662587949099449,"{0: 0.006234885793711656, 1: 0.0064406886077652955, 2: 0.0053791600010561795, 3: 0.0049285335419660264, 4: 0.005179276576763426, 5: 0.005046637110717827, 6: 0.006675510111062094, 7: 0.007123085657171802, 8: 0.0063530083101616276, 9: 0.00466405848049963, 10: 0.00699879645962916, 11: 0.007068451193523884, 12: 0.005664762314654262, 13: 0.00359735269865288, 14: 0.005229931653236296, 15: 0.004091238847068182, 16: 0.004280353397548591, 17: 0.005829786373659858, 18: 0.00731180215009273, 19: 0.005224520936649465, 20: 0.007274003881484512, 21: 0.007546135024314916, 22: 0.00901067056563633, 23: 0.0072410930978354555, 24: 0.004005895150499259, 25: 0.0033321575256308102, 26: 0.0059296798141986835, 27: 0.0045645317761260394, 28: 0.008515529093169433, 29: 0.005286726845039441, 30: 0.004322900782497223, 31: 0.0065066506484556105, 32: 0.0066524541377112915, 33: 0.004371054580078009, 34: 0.006583688164529531, 35: 0.005379848826752918, 36: 0.005098264161447359, 37: 0.005268275329210786, 38: 0.007391276567038665, 39: 0.006552878388015278, 40: 0.0067107949545195805, 41: 0.006745843670641738, 42: 0.004918661506063668, 43: 0.00650582193845674, 44: 0.0061103988706323244, 45: 0.00497547753245637, 46: 0.007473477476895946, 47: 0.006033082166960656, 48: 0.008984362522199188, 49: 0.005070406829894945, 50: 0.0064868219288490014, 51: 0.00653752446227857, 52: 0.006507446743046078, 53: 0.007055696569926595, 54: 0.004471128559167549, 55: 0.007662712710276833, 56: 0.007090300263017865, 57: 0.006430968887450608, 58: 0.003277121351421803, 59: 0.006869467845390119, 60: 0.006158639166200351, 61: 0.006642821759638043, 62: 0.005807632449874882, 63: 0.007103698287391143, 64: 0.0076852052621271, 65: 0.00656370516650589, 66: 0.005156936248162784, 67: 0.0058527764998412835, 68: 0.005471430667198816, 69: 0.005664901956687084, 70: 0.008712464863644073, 71: 0.005901805348265952, 72: 0.0033986194924981524, 73: 0.006948967876599524, 74: 0.004912118111104268}","[100, 99, 99, 96, 95, 95, 92, 92, 91, 91, 91, 91, 91, 91, 90, 90, 90, 89, 89, 88, 88, 88, 88, 88, 88, 88, 87, 87, 87, 87, 87, 86, 85, 85, 85, 84, 84, 84, 83, 82, 82, 82, 82, 82, 82, 82, 81, 80, 80, 80, 79, 79, 78, 78, 78, 78, 77, 77, 77, 76, 76, 75, 75, 75, 73, 73, 72, 72, 71, 68, 67, 66, 65, 64, 63]","dict_values([39, 44, 36, 43, 38, 46, 36, 34, 46, 46, 50, 48, 39, 43, 46, 40, 44, 41, 45, 44, 37, 43, 35, 40, 43, 47, 51, 42, 43, 45, 43, 46, 44, 49, 34, 33, 44, 46, 39, 37, 37, 39, 41, 42, 38, 48, 49, 40, 30, 43, 31, 43, 40, 43, 37, 45, 38, 39, 49, 43, 34, 30, 39, 44, 38, 45, 43, 36, 35, 36, 41, 48, 41, 50, 44])",0.047002359502359495
52,82.93333333333334,0.5665402729900743,"{0: 0.006346555549623309, 1: 0.005955637446999381, 2: 0.005439689392132468, 3: 0.005025129959284863, 4: 0.0050585166163194875, 5: 0.004876130112036878, 6: 0.0069752505242521865, 7: 0.00694788923302087, 8: 0.006162159064132384, 9: 0.0047873988204918125, 10: 0.007020331942296757, 11: 0.00709092263281553, 12: 0.005704056818091962, 13: 0.0035798051914586993, 14: 0.0052133265010462235, 15: 0.003969953327053136, 16: 0.004272246307254861, 17: 0.005940567875783313, 18: 0.006983566782711275, 19: 0.005353236397350233, 20: 0.007187874794705221, 21: 0.007290138468434751, 22: 0.008800456515108234, 23: 0.00729057291813367, 24: 0.0038654972183308402, 25: 0.0034925031144898175, 26: 0.005975126709118554, 27: 0.004529897847687261, 28: 0.008547588274072116, 29: 0.0054115901552486845, 30: 0.0043227501448636265, 31: 0.006883397728675233, 32: 0.00672987584988914, 33: 0.004391937341761651, 34: 0.006871140990326146, 35: 0.005425403562289702, 36: 0.005092335658718071, 37: 0.005254687463519415, 38: 0.007576721969483377, 39: 0.006482604373249104, 40: 0.006729278164302776, 41: 0.006819792512680507, 42: 0.004999090790958722, 43: 0.006520843525679513, 44: 0.005862950332624605, 45: 0.004831253234049752, 46: 0.007588974352569007, 47: 0.006217284126677936, 48: 0.008721871144680897, 49: 0.004972290439863533, 50: 0.006524626893096691, 51: 0.006712526531097347, 52: 0.006676006439928206, 53: 0.006866488963905519, 54: 0.004737344078649561, 55: 0.00783910180895959, 56: 0.007168641940475345, 57: 0.006295736031312841, 58: 0.0033574282994892762, 59: 0.006631583251861977, 60: 0.006192674061716773, 61: 0.006839710461013617, 62: 0.0056345285365701206, 63: 0.006871725496326969, 64: 0.00744465286303824, 65: 0.006725654490344673, 66: 0.004982437260764625, 67: 0.005766062923966922, 68: 0.005408693910628467, 69: 0.005742949305973122, 70: 0.00902477468940561, 71: 0.005772265030069097, 72: 0.00338091291182022, 73: 0.006682340401432908, 74: 0.005017594475407162}","[100, 99, 98, 96, 94, 94, 93, 92, 92, 92, 92, 91, 91, 91, 90, 90, 89, 89, 89, 89, 88, 88, 88, 87, 87, 87, 87, 87, 87, 87, 86, 86, 86, 86, 85, 85, 84, 83, 83, 83, 83, 83, 83, 82, 81, 81, 81, 81, 80, 80, 80, 79, 78, 78, 78, 78, 78, 77, 77, 76, 76, 76, 75, 74, 73, 73, 72, 72, 70, 67, 67, 66, 66, 65, 63]","dict_values([39, 44, 36, 43, 38, 46, 36, 34, 46, 46, 50, 48, 39, 43, 46, 40, 44, 41, 45, 44, 37, 43, 35, 40, 43, 47, 51, 42, 43, 45, 43, 46, 44, 49, 34, 33, 44, 46, 39, 37, 37, 39, 41, 42, 38, 48, 49, 40, 30, 43, 31, 43, 40, 43, 37, 45, 38, 39, 49, 43, 34, 30, 39, 44, 38, 45, 43, 36, 35, 36, 41, 48, 41, 50, 44])",0.041005572729810535
51,82.82666666666667,0.5649676579576473,"{0: 0.006342107602686842, 1: 0.006106797025046163, 2: 0.005617289984332576, 3: 0.005191223543606221, 4: 0.005210659198476979, 5: 0.004789093772123243, 6: 0.006554617607694355, 7: 0.0069768658674268565, 8: 0.00624132506207936, 9: 0.004677999950513008, 10: 0.0068224275456313386, 11: 0.007128928422971793, 12: 0.005710299132591536, 13: 0.004002330740388958, 14: 0.005346357584627148, 15: 0.00404602694952591, 16: 0.004552942242893972, 17: 0.0057975982731344675, 18: 0.007078056892964457, 19: 0.005207188513851912, 20: 0.007256012613438523, 21: 0.007174883200796932, 22: 0.008863936360561462, 23: 0.007560729489011736, 24: 0.0038033737777118802, 25: 0.0032087716586360845, 26: 0.006019190314477891, 27: 0.004327490024466771, 28: 0.008745396129605933, 29: 0.005553195673411631, 30: 0.004416114276345749, 31: 0.006999752430386097, 32: 0.0065946457700177385, 33: 0.004341192196920461, 34: 0.007203981752534699, 35: 0.005300576198300595, 36: 0.004972397643066062, 37: 0.005205583794584351, 38: 0.007442394347719974, 39: 0.006458872372776396, 40: 0.006832236300337719, 41: 0.006794156455836197, 42: 0.005193413364851985, 43: 0.006509872835153999, 44: 0.006126626207914097, 45: 0.004751481961922506, 46: 0.007369102019024163, 47: 0.006072074580188789, 48: 0.008979895753392662, 49: 0.00478173226568182, 50: 0.006489503489053587, 51: 0.006799402885789625, 52: 0.006419638699431029, 53: 0.006586229030400385, 54: 0.004832651907350395, 55: 0.007594587659240259, 56: 0.007215240731121764, 57: 0.006440351648119054, 58: 0.0033919802220905943, 59: 0.006912574217261238, 60: 0.005900257008234738, 61: 0.007044164512937337, 62: 0.005473381139461817, 63: 0.006891298764739272, 64: 0.007615240170497487, 65: 0.00660729792890803, 66: 0.005125496648640372, 67: 0.005756414008012035, 68: 0.00555070778876301, 69: 0.005671333464773825, 70: 0.008737975568918224, 71: 0.005944143756076055, 72: 0.0037078875364346653, 73: 0.006442812420215958, 74: 0.005015238879380771}","[99, 98, 98, 97, 94, 94, 93, 93, 91, 91, 91, 91, 91, 90, 90, 89, 88, 88, 88, 88, 88, 88, 87, 87, 87, 87, 87, 87, 87, 87, 86, 86, 86, 86, 85, 85, 84, 84, 83, 82, 82, 82, 82, 82, 81, 81, 81, 81, 80, 80, 79, 79, 79, 79, 78, 78, 78, 77, 77, 76, 76, 75, 75, 74, 73, 73, 73, 72, 70, 69, 67, 67, 66, 65, 64]","dict_values([39, 44, 36, 43, 38, 46, 36, 34, 46, 46, 50, 48, 39, 43, 46, 40, 44, 41, 45, 44, 37, 43, 35, 40, 43, 47, 51, 42, 43, 45, 43, 46, 44, 49, 34, 33, 44, 46, 39, 37, 37, 39, 41, 42, 38, 48, 49, 40, 30, 43, 31, 43, 40, 43, 37, 45, 38, 39, 49, 43, 34, 30, 39, 44, 38, 45, 43, 36, 35, 36, 41, 48, 41, 50, 44])",0.04766287463061958
52,82.85333333333334,0.5652604983750301,"{0: 0.006278212292448437, 1: 0.0062612868156633455, 2: 0.005647680031217033, 3: 0.005036769542239641, 4: 0.00511297266439978, 5: 0.004566620123398601, 6: 0.006372197502419486, 7: 0.006964484188923008, 8: 0.006065993558953531, 9: 0.0046351501377345445, 10: 0.006900039641378742, 11: 0.007413416883026717, 12: 0.005685611000112379, 13: 0.003974506034945734, 14: 0.005235737492441007, 15: 0.004027587737529252, 16: 0.004547043382064634, 17: 0.0058460119799918775, 18: 0.00715611155308745, 19: 0.005043790648131209, 20: 0.007164621592862607, 21: 0.007174287279465439, 22: 0.008770728080544608, 23: 0.0076075443427216305, 24: 0.003756991408327904, 25: 0.0032642318430425145, 26: 0.006396042721647559, 27: 0.0043854320098943595, 28: 0.008941611684937706, 29: 0.005894807438456019, 30: 0.004482747649602157, 31: 0.006977854227191294, 32: 0.0066031724189604185, 33: 0.004410565449433606, 34: 0.007418744782949241, 35: 0.0053832028616236935, 36: 0.0049729694170538305, 37: 0.005295471579402691, 38: 0.00741780099294123, 39: 0.0061737188265184595, 40: 0.006702294150918283, 41: 0.006624592943640489, 42: 0.005119772364747462, 43: 0.006429979459127377, 44: 0.006337150341411194, 45: 0.0046373022058056245, 46: 0.007198400032772849, 47: 0.00602863914543892, 48: 0.009105414036744629, 49: 0.0049472305428613205, 50: 0.006264110532254034, 51: 0.0066352326095661975, 52: 0.00640918020316855, 53: 0.006387062693226802, 54: 0.004693266345678241, 55: 0.007835403270471832, 56: 0.007219169265318697, 57: 0.006432534384956225, 58: 0.0032829558539361355, 59: 0.007012044857737852, 60: 0.0060099886662994245, 61: 0.006982953934930367, 62: 0.005644469039318992, 63: 0.006938910601496183, 64: 0.007741799963737806, 65: 0.0065297951985026055, 66: 0.004906313147407189, 67: 0.006008665932863278, 68: 0.005581071549717122, 69: 0.005720631360864527, 70: 0.008534756817234961, 71: 0.005903806187394779, 72: 0.0037339368780411114, 73: 0.006496330592755196, 74: 0.004940976215991094}","[100, 98, 98, 97, 95, 93, 93, 92, 92, 92, 91, 91, 91, 90, 90, 89, 88, 88, 88, 88, 88, 87, 87, 87, 87, 87, 87, 87, 87, 87, 86, 86, 86, 86, 86, 85, 85, 83, 83, 82, 82, 82, 82, 82, 82, 81, 81, 81, 81, 80, 80, 79, 78, 78, 78, 78, 77, 77, 77, 75, 75, 75, 75, 75, 74, 73, 73, 72, 69, 69, 68, 67, 66, 65, 64]","dict_values([39, 44, 36, 43, 38, 46, 36, 34, 46, 46, 50, 48, 39, 43, 46, 40, 44, 41, 45, 44, 37, 43, 35, 40, 43, 47, 51, 42, 43, 45, 43, 46, 44, 49, 34, 33, 44, 46, 39, 37, 37, 39, 41, 42, 38, 48, 49, 40, 30, 43, 31, 43, 40, 43, 37, 45, 38, 39, 49, 43, 34, 30, 39, 44, 38, 45, 43, 36, 35, 36, 41, 48, 41, 50, 44])",0.04440464749956205
50,82.64,0.5637628954077077,"{0: 0.006349127131121198, 1: 0.006352284167238652, 2: 0.005758482153888378, 3: 0.00485793876911807, 4: 0.005089381544182745, 5: 0.004730954031911362, 6: 0.006398929971361507, 7: 0.006950924159259383, 8: 0.006127711534557356, 9: 0.004665746948118677, 10: 0.0072808893478845385, 11: 0.007080558743704485, 12: 0.00593992835503547, 13: 0.003957454722206903, 14: 0.005539065195531916, 15: 0.003989648330768774, 16: 0.004207432137597339, 17: 0.005822853501981101, 18: 0.007293711242832555, 19: 0.004829684406704854, 20: 0.006919717867925476, 21: 0.0070239051082346925, 22: 0.00903960926806976, 23: 0.007704820546697844, 24: 0.0037531465377142656, 25: 0.0031966553030424445, 26: 0.006230543199367296, 27: 0.004611665357495213, 28: 0.008998733113069469, 29: 0.005794822408746796, 30: 0.004627977616051604, 31: 0.006879024272519161, 32: 0.006892221355765446, 33: 0.004494041412214455, 34: 0.007477394985119408, 35: 0.005589848500295788, 36: 0.004911322286351102, 37: 0.005335542440953723, 38: 0.0074063144603455314, 39: 0.006448421104368443, 40: 0.007272993647912465, 41: 0.006754466526134168, 42: 0.005035016771195759, 43: 0.006419458800077003, 44: 0.006152204488272344, 45: 0.004732069764205458, 46: 0.007147364474330225, 47: 0.006254471389196775, 48: 0.00872873210393827, 49: 0.0047828194297134035, 50: 0.006255360523712486, 51: 0.006620424813158706, 52: 0.006323799584520692, 53: 0.0064574567527004205, 54: 0.004361537198016986, 55: 0.007717206844921872, 56: 0.007279534296207441, 57: 0.006422842091320917, 58: 0.003264612688044297, 59: 0.007173188409128003, 60: 0.006265593418404619, 61: 0.007020849545910619, 62: 0.005636598781386024, 63: 0.006798904116051597, 64: 0.007707809712673178, 65: 0.006472572679103992, 66: 0.004603488684457884, 67: 0.005933803824106764, 68: 0.005346633137792133, 69: 0.005910146075721014, 70: 0.008678580325226198, 71: 0.006257182039344687, 72: 0.003815137276522324, 73: 0.0067567171768706845, 74: 0.004802833202170437}","[99, 98, 98, 97, 94, 93, 93, 92, 92, 91, 91, 91, 90, 90, 89, 89, 88, 88, 88, 88, 88, 87, 87, 87, 87, 87, 86, 86, 86, 86, 86, 86, 85, 85, 85, 85, 84, 84, 83, 83, 83, 83, 83, 82, 82, 81, 81, 80, 80, 80, 79, 79, 79, 78, 78, 77, 76, 76, 75, 75, 75, 75, 75, 74, 74, 74, 73, 71, 70, 69, 68, 67, 66, 64, 64]","dict_values([39, 44, 36, 43, 38, 46, 36, 34, 46, 46, 50, 48, 39, 43, 46, 40, 44, 41, 45, 44, 37, 43, 35, 40, 43, 47, 51, 42, 43, 45, 43, 46, 44, 49, 34, 33, 44, 46, 39, 37, 37, 39, 41, 42, 38, 48, 49, 40, 30, 43, 31, 43, 40, 43, 37, 45, 38, 39, 49, 43, 34, 30, 39, 44, 38, 45, 43, 36, 35, 36, 41, 48, 41, 50, 44])",0.0462023317642671
50,82.53333333333333,0.5627011005386762,"{0: 0.006199067854055495, 1: 0.006522158476515407, 2: 0.005909668456722317, 3: 0.004964350293614644, 4: 0.005121922678731468, 5: 0.00482122904760601, 6: 0.006207168738617436, 7: 0.006696995394465392, 8: 0.006159208533468113, 9: 0.00463617574339119, 10: 0.00725454902021469, 11: 0.007339195908544219, 12: 0.005778076103786923, 13: 0.0039364717054539665, 14: 0.005752371473168476, 15: 0.003993803567570153, 16: 0.0043778605677039185, 17: 0.0058127600631059685, 18: 0.007320884718586024, 19: 0.004761776618878095, 20: 0.006952206705155168, 21: 0.006898188223195556, 22: 0.008834055567481385, 23: 0.007914724071925148, 24: 0.003657072360462998, 25: 0.0032886665672467465, 26: 0.0060339414442602, 27: 0.004751285392366824, 28: 0.009062620737639521, 29: 0.005873863418347141, 30: 0.004698584914256302, 31: 0.006696047914588934, 32: 0.006906076924972549, 33: 0.004501137282724873, 34: 0.007358546095275924, 35: 0.005668100083301905, 36: 0.0049531782040864985, 37: 0.005203943237492921, 38: 0.007233185301349001, 39: 0.006363136987453961, 40: 0.007253996022429375, 41: 0.006651698072215946, 42: 0.005017517690756059, 43: 0.006621044258765395, 44: 0.00600779845341227, 45: 0.004644768842527564, 46: 0.007194849264574685, 47: 0.0061379994368458025, 48: 0.008749075272960562, 49: 0.004821173048170211, 50: 0.006429285541757077, 51: 0.006899761559653685, 52: 0.0063592161870706385, 53: 0.006621779376813534, 54: 0.004360181884194822, 55: 0.00774034249809757, 56: 0.0068628063423845686, 57: 0.006274395264298568, 58: 0.0032467386327133044, 59: 0.007605075161036796, 60: 0.006427019579133832, 61: 0.007102610123190259, 62: 0.005823959454467252, 63: 0.006655394439629279, 64: 0.007743032002445314, 65: 0.006508052185357798, 66: 0.004628176393934688, 67: 0.006110776129620028, 68: 0.005469632432709654, 69: 0.005780148282296209, 70: 0.008557972968065517, 71: 0.006480801216245169, 72: 0.0038564624034170634, 73: 0.006637955278328305, 74: 0.004765558528391922}","[99, 98, 98, 96, 94, 94, 93, 92, 91, 91, 90, 90, 89, 89, 89, 89, 89, 88, 88, 88, 87, 87, 87, 87, 87, 87, 87, 87, 86, 85, 85, 85, 85, 85, 85, 85, 84, 84, 83, 82, 82, 82, 82, 82, 82, 82, 81, 81, 80, 80, 80, 80, 79, 78, 78, 77, 76, 75, 75, 75, 75, 74, 74, 74, 74, 74, 74, 72, 70, 69, 68, 66, 66, 64, 64]","dict_values([39, 44, 36, 43, 38, 46, 36, 34, 46, 46, 50, 48, 39, 43, 46, 40, 44, 41, 45, 44, 37, 43, 35, 40, 43, 47, 51, 42, 43, 45, 43, 46, 44, 49, 34, 33, 44, 46, 39, 37, 37, 39, 41, 42, 38, 48, 49, 40, 30, 43, 31, 43, 40, 43, 37, 45, 38, 39, 49, 43, 34, 30, 39, 44, 38, 45, 43, 36, 35, 36, 41, 48, 41, 50, 44])",0.042061900871957214
50,82.48,0.5620182508723623,"{0: 0.0059574611689191615, 1: 0.00619589255034677, 2: 0.006049893443871245, 3: 0.005014945294861455, 4: 0.005162374464589025, 5: 0.004816053325698804, 6: 0.006233902597840118, 7: 0.0068673136296278185, 8: 0.006134697338119418, 9: 0.004647383566015639, 10: 0.006952435222163306, 11: 0.007337710134188558, 12: 0.005804427820890756, 13: 0.003955180148686529, 14: 0.006047008962713012, 15: 0.004296228648761388, 16: 0.00476864312002461, 17: 0.005822822746054074, 18: 0.006766820472751105, 19: 0.005048294487586291, 20: 0.006567004283586849, 21: 0.0069168713940623615, 22: 0.009101462257480621, 23: 0.00791130485403426, 24: 0.003750391020306524, 25: 0.003318655143411909, 26: 0.006199919011552882, 27: 0.004516678784736507, 28: 0.009143617187908522, 29: 0.005842898737072268, 30: 0.004824411354411895, 31: 0.0065932461775853645, 32: 0.006981641651789053, 33: 0.004536835468438413, 34: 0.00733071873294964, 35: 0.005663643429154478, 36: 0.005161584178146245, 37: 0.00521036069434512, 38: 0.007358215122430528, 39: 0.006331653771197125, 40: 0.007229366622374827, 41: 0.0065833812025520655, 42: 0.004817174749533827, 43: 0.006771222823589282, 44: 0.006021286677136812, 45: 0.004543336300232429, 46: 0.007235373558498179, 47: 0.0057970455370331625, 48: 0.008770278047942563, 49: 0.004601032683431795, 50: 0.006228075287915432, 51: 0.00703749803871501, 52: 0.006494719592616547, 53: 0.006439524252578237, 54: 0.004434583004834893, 55: 0.007654284635812736, 56: 0.006926623658956866, 57: 0.006098355961604492, 58: 0.0034750540483405885, 59: 0.007950073127959211, 60: 0.006415820903800793, 61: 0.006979412605459288, 62: 0.005985630552486328, 63: 0.0065552323088995425, 64: 0.007681155680102916, 65: 0.0064746819570506665, 66: 0.004632365948219104, 67: 0.005958540066439332, 68: 0.0053010115407023705, 69: 0.0057247717244615515, 70: 0.008588188572824187, 71: 0.00672632098272245, 72: 0.004065655205977869, 73: 0.0067056975345087515, 74: 0.004788166079016}","[100, 98, 98, 96, 94, 93, 92, 92, 91, 91, 90, 90, 89, 89, 89, 89, 88, 88, 88, 88, 87, 87, 87, 87, 87, 87, 86, 86, 86, 86, 85, 85, 85, 84, 84, 84, 84, 83, 83, 82, 82, 82, 82, 82, 82, 81, 81, 81, 80, 80, 80, 79, 79, 79, 78, 77, 76, 75, 75, 75, 74, 74, 74, 74, 74, 74, 73, 73, 71, 71, 68, 67, 66, 65, 64]","dict_values([39, 44, 36, 43, 38, 46, 36, 34, 46, 46, 50, 48, 39, 43, 46, 40, 44, 41, 45, 44, 37, 43, 35, 40, 43, 47, 51, 42, 43, 45, 43, 46, 44, 49, 34, 33, 44, 46, 39, 37, 37, 39, 41, 42, 38, 48, 49, 40, 30, 43, 31, 43, 40, 43, 37, 45, 38, 39, 49, 43, 34, 30, 39, 44, 38, 45, 43, 36, 35, 36, 41, 48, 41, 50, 44])",0.047907161640403054
50,82.42666666666666,0.5613574520518831,"{0: 0.005811942004789455, 1: 0.006036294143076132, 2: 0.006094627691207618, 3: 0.005215541704366685, 4: 0.0051541001792463955, 5: 0.004850935320038378, 6: 0.005898354406600145, 7: 0.006440820821382621, 8: 0.006222669109186932, 9: 0.004662273886966431, 10: 0.0069500445468736695, 11: 0.007440133733100375, 12: 0.005816627700866875, 13: 0.004094224977737468, 14: 0.006087450202785668, 15: 0.00416220633219833, 16: 0.00469433259325948, 17: 0.005792108678414329, 18: 0.006608475540566525, 19: 0.005060121065218003, 20: 0.00654852993385141, 21: 0.006865991703582969, 22: 0.009499599585370408, 23: 0.007756351846306341, 24: 0.0036887276116482, 25: 0.0034232416336973832, 26: 0.0064104512857790326, 27: 0.004688730234358294, 28: 0.009223394124019109, 29: 0.0060316096168267245, 30: 0.0050794307464471465, 31: 0.006210241799518308, 32: 0.007208020643524971, 33: 0.004490661380816131, 34: 0.007328466181186467, 35: 0.005938564760855291, 36: 0.005280961262824462, 37: 0.0051344407634035995, 38: 0.007362651085818049, 39: 0.0062861987156761535, 40: 0.007237547192674106, 41: 0.006745835684952598, 42: 0.004819544562926866, 43: 0.0066973596372961455, 44: 0.006224965027581171, 45: 0.004626175285677006, 46: 0.007280305344911108, 47: 0.005871970213347947, 48: 0.008516296947503792, 49: 0.004444463119200138, 50: 0.006347165870966577, 51: 0.006728160421358144, 52: 0.006386082465548962, 53: 0.006496981445175934, 54: 0.00461319782679234, 55: 0.007839062358388344, 56: 0.006961523424290992, 57: 0.005995903623321916, 58: 0.0034471564883852644, 59: 0.007911670590866615, 60: 0.006301710227653778, 61: 0.007004650571381276, 62: 0.006038208516185347, 63: 0.006255448453510115, 64: 0.007664977526132396, 65: 0.006475107385820393, 66: 0.0044554128573855295, 67: 0.006129106428972789, 68: 0.005289285433328125, 69: 0.005683746584859661, 70: 0.008491338708417732, 71: 0.006452815587491656, 72: 0.004131411546669369, 73: 0.007088853999374758, 74: 0.004998786207844465}","[101, 98, 97, 96, 93, 93, 92, 92, 91, 91, 90, 90, 90, 90, 89, 89, 89, 89, 87, 87, 87, 87, 87, 87, 87, 87, 87, 87, 85, 85, 85, 84, 84, 84, 83, 83, 83, 82, 82, 82, 82, 82, 82, 82, 81, 81, 81, 81, 81, 81, 80, 80, 79, 79, 78, 76, 76, 76, 76, 75, 75, 75, 74, 74, 73, 73, 73, 72, 71, 70, 68, 66, 66, 66, 65]","dict_values([39, 44, 36, 43, 38, 46, 36, 34, 46, 46, 50, 48, 39, 43, 46, 40, 44, 41, 45, 44, 37, 43, 35, 40, 43, 47, 51, 42, 43, 45, 43, 46, 44, 49, 34, 33, 44, 46, 39, 37, 37, 39, 41, 42, 38, 48, 49, 40, 30, 43, 31, 43, 40, 43, 37, 45, 38, 39, 49, 43, 34, 30, 39, 44, 38, 45, 43, 36, 35, 36, 41, 48, 41, 50, 44])",0.042184859331644134
50,82.85333333333334,0.564656347670482,"{0: 0.005851488149168644, 1: 0.005961785297197419, 2: 0.006173926784135879, 3: 0.005015190846508739, 4: 0.005121740339860967, 5: 0.004570369237826126, 6: 0.005973249720602502, 7: 0.006250560779155795, 8: 0.006123979417318408, 9: 0.004516595131006565, 10: 0.0068243372765119945, 11: 0.0073086588062609694, 12: 0.005846706022633659, 13: 0.004112706643945373, 14: 0.006015641197831439, 15: 0.004204144052092565, 16: 0.004410997549548219, 17: 0.005917152469588903, 18: 0.006485924392202008, 19: 0.005181652527321171, 20: 0.006651493011547945, 21: 0.006934573434634227, 22: 0.009163614950765805, 23: 0.007659582160069739, 24: 0.0037460505423810644, 25: 0.0034596429267435298, 26: 0.006448409976322638, 27: 0.004457225404254737, 28: 0.009232473776070897, 29: 0.006225591715919307, 30: 0.005137434209050275, 31: 0.006123123283185767, 32: 0.007239933705646672, 33: 0.004372243181764866, 34: 0.007182521176169527, 35: 0.005815012244122303, 36: 0.0053157498288469805, 37: 0.005104324049323597, 38: 0.007216465870427049, 39: 0.006137982954094261, 40: 0.007553833971703381, 41: 0.006698480457244168, 42: 0.00470785024950991, 43: 0.00654093507091756, 44: 0.006480039055011326, 45: 0.004677716523624713, 46: 0.007369922589123735, 47: 0.005806156936010415, 48: 0.008526939186082478, 49: 0.004116105741655362, 50: 0.006339322396727178, 51: 0.006777416669063843, 52: 0.006304591582200953, 53: 0.006535618309514593, 54: 0.004511041996546509, 55: 0.007763880657648692, 56: 0.007147200995048132, 57: 0.005908860918559107, 58: 0.0034094329918543755, 59: 0.007732809684687698, 60: 0.006284546087779892, 61: 0.00686193456434398, 62: 0.006141512365392106, 63: 0.006314639312324226, 64: 0.0077176416299431115, 65: 0.006532414109677617, 66: 0.004433570783717687, 67: 0.006393985329805321, 68: 0.0050886312820370835, 69: 0.005557093575679673, 70: 0.008534878748201394, 71: 0.0060789181269581185, 72: 0.004150144169998503, 73: 0.006819938497944111, 74: 0.004931651535425238}","[100, 99, 98, 97, 94, 93, 93, 92, 91, 91, 91, 91, 91, 90, 90, 90, 89, 89, 88, 88, 88, 88, 88, 88, 87, 87, 87, 87, 87, 86, 86, 84, 84, 84, 84, 84, 84, 83, 83, 83, 82, 82, 82, 82, 82, 82, 81, 81, 81, 81, 81, 81, 79, 79, 78, 77, 76, 76, 76, 76, 75, 75, 73, 73, 73, 73, 73, 72, 71, 70, 68, 67, 67, 66, 66]","dict_values([39, 44, 36, 43, 38, 46, 36, 34, 46, 46, 50, 48, 39, 43, 46, 40, 44, 41, 45, 44, 37, 43, 35, 40, 43, 47, 51, 42, 43, 45, 43, 46, 44, 49, 34, 33, 44, 46, 39, 37, 37, 39, 41, 42, 38, 48, 49, 40, 30, 43, 31, 43, 40, 43, 37, 45, 38, 39, 49, 43, 34, 30, 39, 44, 38, 45, 43, 36, 35, 36, 41, 48, 41, 50, 44])",0.04803827108839544
50,82.8,0.5645286400121629,"{0: 0.005954295241599297, 1: 0.005990777360823616, 2: 0.006307215969423223, 3: 0.005056412908929435, 4: 0.005171171678247655, 5: 0.004375635044026828, 6: 0.005851113642382367, 7: 0.006168893497655341, 8: 0.006160940074534105, 9: 0.0048488807582083215, 10: 0.00676360097937471, 11: 0.00734971876676334, 12: 0.005856768271532231, 13: 0.00430770623202608, 14: 0.006098253013068985, 15: 0.004398225124484053, 16: 0.004197868013042055, 17: 0.006060427412811795, 18: 0.0064231657405309246, 19: 0.005231201668574571, 20: 0.006487945422144596, 21: 0.006999689977648706, 22: 0.009059448101385106, 23: 0.007640092369081464, 24: 0.003938364976157264, 25: 0.003401274927816026, 26: 0.005942693700061505, 27: 0.004473421352393881, 28: 0.008869965935713936, 29: 0.006516916929807304, 30: 0.004980320319867839, 31: 0.006131925160585672, 32: 0.007292315357072775, 33: 0.004275486195910617, 34: 0.007223349621453816, 35: 0.0058730242667720065, 36: 0.005228494372017941, 37: 0.005264691366940706, 38: 0.007016112307186443, 39: 0.0061716697364076105, 40: 0.007652163783829052, 41: 0.006928787401833413, 42: 0.004888499254203598, 43: 0.006479073463196955, 44: 0.0066631217093185095, 45: 0.004468305131925989, 46: 0.007551858333263152, 47: 0.005310414177647311, 48: 0.008174010293043895, 49: 0.003957252345051526, 50: 0.006180683115333413, 51: 0.006938631167906223, 52: 0.006334367316412105, 53: 0.006864004327632739, 54: 0.004378614606365378, 55: 0.007756316679364396, 56: 0.007231065481871737, 57: 0.005914151484063865, 58: 0.003693899256488403, 59: 0.008030191499944188, 60: 0.006468776429410215, 61: 0.006733253381395524, 62: 0.005983681114798791, 63: 0.00678964802213377, 64: 0.0075704242774847965, 65: 0.006806454333627733, 66: 0.004510422941643519, 67: 0.0064204860273502345, 68: 0.005040169713633851, 69: 0.005590486800193929, 70: 0.00842713508096863, 71: 0.005948756262653809, 72: 0.003973313567772081, 73: 0.0066337598721048704, 74: 0.004958491942634559}","[100, 97, 96, 96, 94, 93, 93, 92, 92, 91, 91, 91, 91, 91, 91, 90, 90, 90, 89, 89, 88, 88, 87, 87, 87, 87, 87, 87, 86, 86, 86, 85, 84, 84, 84, 84, 84, 83, 83, 83, 83, 82, 82, 82, 81, 81, 81, 81, 81, 80, 80, 80, 79, 79, 78, 77, 76, 76, 75, 75, 75, 75, 75, 74, 74, 72, 72, 71, 71, 70, 68, 68, 67, 67, 65]","dict_values([39, 44, 36, 43, 38, 46, 36, 34, 46, 46, 50, 48, 39, 43, 46, 40, 44, 41, 45, 44, 37, 43, 35, 40, 43, 47, 51, 42, 43, 45, 43, 46, 44, 49, 34, 33, 44, 46, 39, 37, 37, 39, 41, 42, 38, 48, 49, 40, 30, 43, 31, 43, 40, 43, 37, 45, 38, 39, 49, 43, 34, 30, 39, 44, 38, 45, 43, 36, 35, 36, 41, 48, 41, 50, 44])",0.044902487028090916
51,82.66666666666667,0.5639308386956933,"{0: 0.00573642536551779, 1: 0.00619404948909067, 2: 0.006338170485423403, 3: 0.0049464581197939655, 4: 0.005172317105584645, 5: 0.00434298488707439, 6: 0.005535613385476749, 7: 0.0063466310853364126, 8: 0.006880425390333818, 9: 0.004562158477512597, 10: 0.00666318626587389, 11: 0.007379855867226558, 12: 0.005770970738018004, 13: 0.004410311073727601, 14: 0.006130350460056174, 15: 0.004456253686868949, 16: 0.0042470171796474806, 17: 0.006052552628029392, 18: 0.006675595233861771, 19: 0.005270287536437654, 20: 0.006491795272796449, 21: 0.006754073458010322, 22: 0.008831812871028952, 23: 0.007242698180141003, 24: 0.0040425892832992045, 25: 0.003650721509489746, 26: 0.006024032149051953, 27: 0.004499432261520787, 28: 0.008701163322672904, 29: 0.006611251139812627, 30: 0.004934736396196558, 31: 0.006054210285562856, 32: 0.007477255972872481, 33: 0.004188428357419156, 34: 0.007073881234024612, 35: 0.0059844307737541074, 36: 0.0051724847572367, 37: 0.0051408220570335235, 38: 0.0068781582909197255, 39: 0.00619317169159807, 40: 0.0074016219993724135, 41: 0.006786273830619259, 42: 0.005208852852775581, 43: 0.006380329618888257, 44: 0.006974780775911558, 45: 0.004356797933683782, 46: 0.007586079687954647, 47: 0.005335520281946594, 48: 0.008684574340878022, 49: 0.00394922892645207, 50: 0.006653980049608244, 51: 0.007168764711183805, 52: 0.006173635772249421, 53: 0.007086292630122177, 54: 0.004291903345232691, 55: 0.007777752833429921, 56: 0.007175726595350408, 57: 0.006070645163408298, 58: 0.003550978163082194, 59: 0.007894437807976674, 60: 0.006319726812398037, 61: 0.006690180290908296, 62: 0.006033357704052308, 63: 0.006753101968195753, 64: 0.0074360968737936396, 65: 0.006902604430294208, 66: 0.004637528596672242, 67: 0.006358594280716405, 68: 0.005292311242066688, 69: 0.00595026226759247, 70: 0.008109173925012748, 71: 0.005718608617595717, 72: 0.003984937867430489, 73: 0.007014354582301619, 74: 0.0047679470038399525}","[99, 98, 96, 95, 94, 92, 92, 92, 91, 91, 91, 91, 90, 90, 90, 90, 90, 90, 89, 89, 89, 89, 88, 87, 87, 86, 86, 86, 86, 86, 86, 85, 85, 85, 84, 84, 84, 84, 84, 83, 83, 83, 82, 82, 82, 81, 81, 80, 80, 80, 79, 79, 79, 78, 77, 77, 76, 76, 76, 75, 75, 74, 74, 74, 73, 72, 71, 71, 71, 70, 69, 68, 66, 66, 66]","dict_values([39, 44, 36, 43, 38, 46, 36, 34, 46, 46, 50, 48, 39, 43, 46, 40, 44, 41, 45, 44, 37, 43, 35, 40, 43, 47, 51, 42, 43, 45, 43, 46, 44, 49, 34, 33, 44, 46, 39, 37, 37, 39, 41, 42, 38, 48, 49, 40, 30, 43, 31, 43, 40, 43, 37, 45, 38, 39, 49, 43, 34, 30, 39, 44, 38, 45, 43, 36, 35, 36, 41, 48, 41, 50, 44])",0.04420468262226848
51,82.96,0.5656763945340029,"{0: 0.00581827157276074, 1: 0.005892751521047445, 2: 0.006098568629562669, 3: 0.004892721145240155, 4: 0.005260455324332172, 5: 0.004494759223556096, 6: 0.005662451427854945, 7: 0.006404470820984981, 8: 0.006591230439701086, 9: 0.004763206917828574, 10: 0.006426476911058894, 11: 0.007317164635893208, 12: 0.00577538694307302, 13: 0.0044336303598280285, 14: 0.006074493441558937, 15: 0.004456440089463531, 16: 0.004149694087624646, 17: 0.0059922623076023975, 18: 0.006703095987145167, 19: 0.0054586615971317625, 20: 0.006429289526190632, 21: 0.006844174603708385, 22: 0.008672706700395744, 23: 0.007042053982162609, 24: 0.0043333650404901985, 25: 0.003704300363685574, 26: 0.005893353597820165, 27: 0.00446099858257705, 28: 0.008568517724810048, 29: 0.00641549774262514, 30: 0.0049796330564347464, 31: 0.006114383022981786, 32: 0.0076320840683173595, 33: 0.004293469675405454, 34: 0.00680373705434504, 35: 0.005872022800985584, 36: 0.005386110798313266, 37: 0.005205149791783589, 38: 0.00682734622563415, 39: 0.006222204861784339, 40: 0.0073426499600505535, 41: 0.006836278101509151, 42: 0.005298925235250631, 43: 0.0064328621219520935, 44: 0.007063597478283146, 45: 0.004205159849245825, 46: 0.00752780136186365, 47: 0.005036961548306261, 48: 0.008581514999452793, 49: 0.003979973387313472, 50: 0.0063856318865539476, 51: 0.0070299576388557815, 52: 0.006313184057483141, 53: 0.007041614497273685, 54: 0.004429558783996677, 55: 0.007599505410439669, 56: 0.007030120445117823, 57: 0.00604785156461121, 58: 0.003411840503121239, 59: 0.007705363808576533, 60: 0.006262262173872422, 61: 0.006976470176878262, 62: 0.0061089356810706845, 63: 0.006734746728830131, 64: 0.0074811405842595356, 65: 0.007016275105385527, 66: 0.0043578106686790845, 67: 0.006316675081255657, 68: 0.005454528287842097, 69: 0.005950362324491753, 70: 0.008159984470681546, 71: 0.005640030779318217, 72: 0.00399171187074223, 73: 0.006718124472900766, 74: 0.004663441000965067}","[99, 98, 96, 95, 95, 93, 92, 92, 92, 92, 92, 91, 90, 90, 90, 90, 90, 89, 89, 89, 89, 88, 88, 88, 87, 86, 86, 86, 86, 86, 86, 85, 85, 85, 84, 84, 84, 84, 84, 84, 84, 83, 83, 83, 83, 82, 82, 81, 81, 80, 80, 80, 79, 78, 77, 77, 77, 77, 76, 75, 75, 74, 73, 73, 73, 72, 72, 72, 71, 71, 70, 70, 68, 67, 64]","dict_values([39, 44, 36, 43, 38, 46, 36, 34, 46, 46, 50, 48, 39, 43, 46, 40, 44, 41, 45, 44, 37, 43, 35, 40, 43, 47, 51, 42, 43, 45, 43, 46, 44, 49, 34, 33, 44, 46, 39, 37, 37, 39, 41, 42, 38, 48, 49, 40, 30, 43, 31, 43, 40, 43, 37, 45, 38, 39, 49, 43, 34, 30, 39, 44, 38, 45, 43, 36, 35, 36, 41, 48, 41, 50, 44])",0.046292120296485294
51,82.88,0.5656769125189907,"{0: 0.005850757341238833, 1: 0.006286866872707874, 2: 0.006079057255169772, 3: 0.005098346714309785, 4: 0.005265721770265056, 5: 0.004550343560263459, 6: 0.005494201777774814, 7: 0.006550514466724283, 8: 0.006596876261540667, 9: 0.004768995644850938, 10: 0.006418993939507502, 11: 0.007183059957107967, 12: 0.005792181510037598, 13: 0.004481981563748236, 14: 0.006104241679968372, 15: 0.004497945611182389, 16: 0.004088055849206088, 17: 0.005735156605652104, 18: 0.006816766769970227, 19: 0.005484855160033618, 20: 0.006682121022489047, 21: 0.006890483716628739, 22: 0.008697171606461841, 23: 0.007207648416596127, 24: 0.004318067435333525, 25: 0.003628959011745718, 26: 0.005929606255248236, 27: 0.0042306157473561735, 28: 0.00860048352554909, 29: 0.00633272960157214, 30: 0.005173834259004175, 31: 0.005921780913072844, 32: 0.007611378731757875, 33: 0.004006605155351442, 34: 0.006685698362778325, 35: 0.006024730268876597, 36: 0.005383264694163662, 37: 0.005174329682191266, 38: 0.006746111816053493, 39: 0.0064716122720049896, 40: 0.007191247501828993, 41: 0.006928445760799336, 42: 0.005127357246047662, 43: 0.00638400964677633, 44: 0.007063931517229282, 45: 0.00383881775532039, 46: 0.007584470952873937, 47: 0.004872151629025081, 48: 0.008650506258436738, 49: 0.004087325745385972, 50: 0.006451395384372285, 51: 0.007188859833896171, 52: 0.006358121326586023, 53: 0.006900106302764972, 54: 0.004419364497959751, 55: 0.007859874029917545, 56: 0.007246829986718553, 57: 0.0063361328441031714, 58: 0.0034007834096350512, 59: 0.007809980474731863, 60: 0.006511205332709521, 61: 0.006989588927639369, 62: 0.006259285045758206, 63: 0.006569168636306585, 64: 0.007292852761769025, 65: 0.006827680602710351, 66: 0.004448839820191494, 67: 0.006342974092972607, 68: 0.0052555197537663785, 69: 0.006017243307531189, 70: 0.007804943816893457, 71: 0.005773321213375327, 72: 0.004098848331300585, 73: 0.0067837012040987835, 74: 0.004517756763621058}","[99, 98, 96, 94, 93, 92, 92, 92, 92, 91, 91, 91, 91, 91, 90, 90, 90, 90, 89, 88, 88, 88, 88, 88, 88, 87, 87, 86, 86, 86, 86, 85, 85, 85, 85, 85, 85, 84, 84, 84, 84, 84, 83, 83, 83, 82, 82, 81, 81, 80, 80, 80, 78, 78, 78, 77, 77, 76, 76, 74, 74, 74, 73, 73, 73, 72, 71, 71, 71, 70, 70, 70, 67, 66, 64]","dict_values([39, 44, 36, 43, 38, 46, 36, 34, 46, 46, 50, 48, 39, 43, 46, 40, 44, 41, 45, 44, 37, 43, 35, 40, 43, 47, 51, 42, 43, 45, 43, 46, 44, 49, 34, 33, 44, 46, 39, 37, 37, 39, 41, 42, 38, 48, 49, 40, 30, 43, 31, 43, 40, 43, 37, 45, 38, 39, 49, 43, 34, 30, 39, 44, 38, 45, 43, 36, 35, 36, 41, 48, 41, 50, 44])",0.04512144521797031
